human_ensembl_id,human_gene_name,mouse_ensembl_id,mouse_gene_name,orthology_type
ENSG00000154620,TMSB4Y,ENSMUSG00000049775,Tmsb4x,ortholog_one2one
ENSG00000067048,DDX3Y,ENSMUSG00000069045,Ddx3y,ortholog_one2one
ENSG00000114374,USP9Y,ENSMUSG00000069044,Usp9y,ortholog_one2one
ENSG00000183878,UTY,ENSMUSG00000068457,Uty,ortholog_one2one
ENSG00000012817,KDM5D,ENSMUSG00000056673,Kdm5d,ortholog_one2one
ENSG00000154646,TMPRSS15,ENSMUSG00000022857,Tmprss15,ortholog_one2one
ENSG00000156282,CLDN17,ENSMUSG00000055811,Cldn17,ortholog_one2one
ENSG00000188694,KRTAP24-1,ENSMUSG00000050239,Krtap24-1,ortholog_one2one
ENSG00000154654,NCAM2,ENSMUSG00000022762,Ncam2,ortholog_one2one
ENSG00000156284,CLDN8,ENSMUSG00000050520,Cldn8,ortholog_one2one
ENSG00000159256,MORC3,ENSMUSG00000039456,Morc3,ortholog_one2one
ENSG00000154645,CHODL,ENSMUSG00000022860,Chodl,ortholog_one2one
ENSG00000159263,SIM2,ENSMUSG00000062713,Sim2,ortholog_one2one
ENSG00000183145,RIPPLY3,ENSMUSG00000022941,Ripply3,ortholog_one2one
ENSG00000160208,RRP1B,ENSMUSG00000058392,Rrp1b,ortholog_one2one
ENSG00000160216,AGPAT3,ENSMUSG00000001211,Agpat3,ortholog_one2one
ENSG00000183036,PCP4,ENSMUSG00000090223,Pcp4,ortholog_one2one
ENSG00000171587,DSCAM,ENSMUSG00000050272,Dscam,ortholog_one2one
ENSG00000183421,RIPK4,ENSMUSG00000005251,Ripk4,ortholog_one2one
ENSG00000160181,TFF2,ENSMUSG00000024028,Tff2,ortholog_one2one
ENSG00000160182,TFF1,ENSMUSG00000024032,Tff1,ortholog_one2one
ENSG00000160185,UBASH3A,ENSMUSG00000042345,Ubash3a,ortholog_one2one
ENSG00000142182,DNMT3L,ENSMUSG00000000730,Dnmt3l,ortholog_one2one
ENSG00000160226,CFAP410,ENSMUSG00000020284,Cfap410,ortholog_one2one
ENSG00000184221,OLIG1,ENSMUSG00000046160,Olig1,ortholog_one2one
ENSG00000177398,UMODL1,ENSMUSG00000054134,Umodl1,ortholog_one2one
ENSG00000183640,KRTAP8-1,ENSMUSG00000059632,Krtap8-1,ortholog_one2one
ENSG00000274749,KRTAP7-1,ENSMUSG00000056706,Krtap7-1,ortholog_one2one
ENSG00000182591,KRTAP11-1,ENSMUSG00000091212,Krtap11-1,ortholog_one2one
ENSG00000160294,MCM3AP,ENSMUSG00000001150,Mcm3ap,ortholog_one2one
ENSG00000204899,MZT1,ENSMUSG00000033186,Mzt1,ortholog_one2one
ENSG00000150361,KLHL1,ENSMUSG00000022076,Klhl1,ortholog_one2one
ENSG00000182670,TTC3,ENSMUSG00000040785,Ttc3,ortholog_one2one
ENSG00000150893,FREM2,ENSMUSG00000037016,Frem2,ortholog_one2one
ENSG00000152192,POU4F1,ENSMUSG00000048349,Pou4f1,ortholog_one2one
ENSG00000188811,NHLRC3,ENSMUSG00000042997,Nhlrc3,ortholog_one2one
ENSG00000102837,OLFM4,ENSMUSG00000022026,Olfm4,ortholog_one2one
ENSG00000197683,KRTAP26-1,ENSMUSG00000071471,Krtap26-1,ortholog_one2one
ENSG00000206107,KRTAP27-1,ENSMUSG00000090515,Krtap27-1,ortholog_one2one
ENSG00000186970,KRTAP15-1,ENSMUSG00000022931,Krtap15-1,ortholog_one2one
ENSG00000160299,PCNT,ENSMUSG00000001151,Pcnt,ortholog_one2one
ENSG00000159140,SON,ENSMUSG00000022961,Son,ortholog_one2one
ENSG00000118946,PCDH17,ENSMUSG00000035566,Pcdh17,ortholog_one2one
ENSG00000136141,LRCH1,ENSMUSG00000068015,Lrch1,ortholog_one2one
ENSG00000184564,SLITRK6,ENSMUSG00000045871,Slitrk6,ortholog_one2one
ENSG00000182968,SOX1,ENSMUSG00000096014,Sox1,ortholog_one2one
ENSG00000041515,MYO16,ENSMUSG00000039057,Myo16,ortholog_one2one
ENSG00000180530,NRIP1,ENSMUSG00000048490,Nrip1,ortholog_one2one
ENSG00000159200,RCAN1,ENSMUSG00000022951,Rcan1,ortholog_one2one
ENSG00000185950,IRS2,ENSMUSG00000038894,Irs2,ortholog_one2one
ENSG00000153498,SPACA7,ENSMUSG00000010435,Spaca7,ortholog_one2one
ENSG00000204442,NALF1,ENSMUSG00000079157,Nalf1,ortholog_one2one
ENSG00000185974,GRK1,ENSMUSG00000031450,Grk1,ortholog_one2one
ENSG00000122042,UBL3,ENSMUSG00000001687,Ubl3,ortholog_one2one
ENSG00000171189,GRIK1,ENSMUSG00000022935,Grik1,ortholog_one2one
ENSG00000198553,KCNRG,ENSMUSG00000046168,Kcnrg,ortholog_one2one
ENSG00000283785,MIR15A,ENSMUSG00000093007,Mir15a,ortholog_one2one
ENSG00000150510,FAM124A,ENSMUSG00000035184,Fam124a,ortholog_one2one
ENSG00000189167,ZAR1L,ENSMUSG00000056586,Zar1l,ortholog_one2one
ENSG00000243927,MRPS6,ENSMUSG00000039680,Mrps6,ortholog_one2one
ENSG00000133111,RFXAP,ENSMUSG00000036615,Rfxap,ortholog_one2one
ENSG00000215475,SIAH3,ENSMUSG00000091722,Siah3,ortholog_one2one
ENSG00000198743,SLC5A3,ENSMUSG00000089774,Slc5a3,ortholog_one2one
ENSG00000159197,KCNE2,ENSMUSG00000039672,Kcne2,ortholog_one2one
ENSG00000178235,SLITRK1,ENSMUSG00000075478,Slitrk1,ortholog_one2one
ENSG00000120696,KBTBD7,ENSMUSG00000043881,Kbtbd7,ortholog_one2one
ENSG00000166265,CYYR1,ENSMUSG00000041134,Cyyr1,ortholog_one2one
ENSG00000125249,RAP2A,ENSMUSG00000051615,Rap2a,ortholog_one2one
ENSG00000160202,CRYAA,ENSMUSG00000024041,Cryaa,ortholog_one2one
ENSG00000180730,SHISA2,ENSMUSG00000044461,Shisa2,ortholog_one2one
ENSG00000133105,RXFP2,ENSMUSG00000053368,Rxfp2,ortholog_one2one
ENSG00000073910,FRY,ENSMUSG00000056602,Fry,ortholog_one2one
ENSG00000125245,GPR18,ENSMUSG00000050350,Gpr18,ortholog_one2one
ENSG00000102524,TNFSF13B,ENSMUSG00000031497,Tnfsf13b,ortholog_one2one
ENSG00000132932,ATP8A2,ENSMUSG00000021983,Atp8a2,ortholog_one2one
ENSG00000151835,SACS,ENSMUSG00000048279,Sacs,ortholog_one2one
ENSG00000132874,SLC14A2,ENSMUSG00000024552,Slc14a2,ortholog_one2one
ENSG00000178695,KCTD12,ENSMUSG00000098557,Kctd12,ortholog_one2one
ENSG00000102805,CLN5,ENSMUSG00000022125,Cln5,ortholog_one2one
ENSG00000134489,HRH4,ENSMUSG00000037346,Hrh4,ortholog_one2one
ENSG00000253309,SERPINE3,ENSMUSG00000091155,Serpine3,ortholog_one2one
ENSG00000177511,ST8SIA3,ENSMUSG00000056812,St8sia3,ortholog_one2one
ENSG00000125255,SLC10A2,ENSMUSG00000023073,Slc10a2,ortholog_one2one
ENSG00000081138,CDH7,ENSMUSG00000026312,Cdh7,ortholog_one2one
ENSG00000043355,ZIC2,ENSMUSG00000061524,Zic2,ortholog_one2one
ENSG00000139800,ZIC5,ENSMUSG00000041703,Zic5,ortholog_one2one
ENSG00000169840,GSX1,ENSMUSG00000053129,Gsx1,ortholog_one2one
ENSG00000166603,MC4R,ENSMUSG00000047259,Mc4r,ortholog_one2one
ENSG00000139515,PDX1,ENSMUSG00000029644,Pdx1,ortholog_one2one
ENSG00000172915,NBEA,ENSMUSG00000027799,Nbea,ortholog_one2one
ENSG00000101542,CDH20,ENSMUSG00000050840,Cdh20,ortholog_one2one
ENSG00000141428,C18orf21,ENSMUSG00000024273,2700062C07Rik,ortholog_one2one
ENSG00000141424,SLC39A6,ENSMUSG00000024270,Slc39a6,ortholog_one2one
ENSG00000102678,FGF9,ENSMUSG00000021974,Fgf9,ortholog_one2one
ENSG00000166573,GALR1,ENSMUSG00000024553,Galr1,ortholog_one2one
ENSG00000153531,ADPRHL1,ENSMUSG00000031448,Adprhl1,ortholog_one2one
ENSG00000197971,MBP,ENSMUSG00000041607,Mbp,ortholog_one2one
ENSG00000120659,TNFSF11,ENSMUSG00000022015,Tnfsf11,ortholog_one2one
ENSG00000253710,ALG11,ENSMUSG00000063362,Alg11,ortholog_one2one
ENSG00000173988,LRRC63,ENSMUSG00000021997,Lrrc63,ortholog_one2one
ENSG00000280165,PCDH20,ENSMUSG00000050505,Pcdh20,ortholog_one2one
ENSG00000132972,RNF17,ENSMUSG00000000365,Rnf17,ortholog_one2one
ENSG00000102471,NDFIP2,ENSMUSG00000053253,Ndfip2,ortholog_one2one
ENSG00000175065,DSG4,ENSMUSG00000001804,Dsg4,ortholog_one2one
ENSG00000186009,ATP4B,ENSMUSG00000031449,Atp4b,ortholog_one2one
ENSG00000186047,DLEU7,ENSMUSG00000048281,Dleu7,ortholog_one2one
ENSG00000139737,SLAIN1,ENSMUSG00000055717,Slain1,ortholog_one2one
ENSG00000176624,MEX3C,ENSMUSG00000037253,Mex3c,ortholog_one2one
ENSG00000119547,ONECUT2,ENSMUSG00000045991,Onecut2,ortholog_one2one
ENSG00000173482,PTPRM,ENSMUSG00000033278,Ptprm,ortholog_one2one
ENSG00000133116,KL,ENSMUSG00000058488,Kl,ortholog_one2one
ENSG00000136099,PCDH8,ENSMUSG00000036422,Pcdh8,ortholog_one2one
ENSG00000276644,DACH1,ENSMUSG00000055639,Dach1,ortholog_one2one
ENSG00000083635,NUFIP1,ENSMUSG00000022009,Nufip1,ortholog_one2one
ENSG00000154856,APCDD1,ENSMUSG00000071847,Apcdd1,ortholog_one2one
ENSG00000180332,KCTD4,ENSMUSG00000046523,Kctd4,ortholog_one2one
ENSG00000120669,SOHLH2,ENSMUSG00000027794,Sohlh2,ortholog_one2one
ENSG00000171791,BCL2,ENSMUSG00000057329,Bcl2,ortholog_one2one
ENSG00000176194,CIDEA,ENSMUSG00000024526,Cidea,ortholog_one2one
ENSG00000134762,DSC3,ENSMUSG00000059898,Dsc3,ortholog_one2one
ENSG00000134765,DSC1,ENSMUSG00000044322,Dsc1,ortholog_one2one
ENSG00000183098,GPC6,ENSMUSG00000058571,Gpc6,ortholog_one2one
ENSG00000080166,DCT,ENSMUSG00000022129,Dct,ortholog_one2one
ENSG00000154611,PSMA8,ENSMUSG00000036743,Psma8,ortholog_one2one
ENSG00000125285,SOX21,ENSMUSG00000061517,Sox21,ortholog_one2one
ENSG00000185352,HS6ST3,ENSMUSG00000053465,Hs6st3,ortholog_one2one
ENSG00000131196,NFATC1,ENSMUSG00000033016,Nfatc1,ortholog_one2one
ENSG00000198033,TUBA3C,ENSMUSG00000067338,Tuba3b,ortholog_one2one
ENSG00000179399,GPC5,ENSMUSG00000022112,Gpc5,ortholog_one2one
ENSG00000139618,BRCA2,ENSMUSG00000041147,Brca2,ortholog_one2one
ENSG00000153487,ING1,ENSMUSG00000045969,Ing1,ortholog_one2one
ENSG00000122034,GTF3A,ENSMUSG00000016503,Gtf3a,ortholog_one2one
ENSG00000053747,LAMA3,ENSMUSG00000024421,Lama3,ortholog_one2one
ENSG00000283199,C13orf46,ENSMUSG00000031452,1700029H14Rik,ortholog_one2one
ENSG00000141404,GNAL,ENSMUSG00000024524,Gnal,ortholog_one2one
ENSG00000141434,MEP1B,ENSMUSG00000024313,Mep1b,ortholog_one2one
ENSG00000167210,LOXHD1,ENSMUSG00000032818,Loxhd1,ortholog_one2one
ENSG00000197641,SERPINB13,ENSMUSG00000048775,Serpinb13,ortholog_one2one
ENSG00000206072,SERPINB11,ENSMUSG00000026327,Serpinb11,ortholog_one2one
ENSG00000187773,DIPK1C,ENSMUSG00000047992,Dipk1c,ortholog_one2one
ENSG00000166634,SERPINB12,ENSMUSG00000059956,Serpinb12,ortholog_one2one
ENSG00000206418,RAB12,ENSMUSG00000023460,Rab12,ortholog_one2one
ENSG00000141759,TXNL4A,ENSMUSG00000057130,Txnl4a,ortholog_one2one
ENSG00000101546,RBFA,ENSMUSG00000024570,Rbfa,ortholog_one2one
ENSG00000178184,PARD6G,ENSMUSG00000056214,Pard6g,ortholog_one2one
ENSG00000091157,WDR7,ENSMUSG00000040560,Wdr7,ortholog_one2one
ENSG00000177143,CETN1,ENSMUSG00000050996,Cetn1,ortholog_one2one
ENSG00000206422,LRRC30,ENSMUSG00000073375,Lrrc30,ortholog_one2one
ENSG00000168454,TXNDC2,ENSMUSG00000050612,Txndc2,ortholog_one2one
ENSG00000176136,MC5R,ENSMUSG00000007480,Mc5r,ortholog_one2one
ENSG00000174448,STARD6,ENSMUSG00000079608,Stard6,ortholog_one2one
ENSG00000134443,GRP,ENSMUSG00000024517,Grp,ortholog_one2one
ENSG00000134438,RAX,ENSMUSG00000024518,Rax,ortholog_one2one
ENSG00000166569,CPLX4,ENSMUSG00000024519,Cplx4,ortholog_one2one
ENSG00000197046,SIGLEC15,ENSMUSG00000091055,Siglec15,ortholog_one2one
ENSG00000141431,ASXL3,ENSMUSG00000045215,Asxl3,ortholog_one2one
ENSG00000175322,ZNF519,ENSMUSG00000060314,Zfp941,ortholog_one2one
ENSG00000255112,CHMP1B,ENSMUSG00000109901,Chmp1b,ortholog_one2one
ENSG00000179981,TSHZ1,ENSMUSG00000046982,Tshz1,ortholog_one2one
ENSG00000130856,ZNF236,ENSMUSG00000041258,Zfp236,ortholog_one2one
ENSG00000182093,GET1,ENSMUSG00000023147,Get1,ortholog_one2one
ENSG00000180011,PTGR3,ENSMUSG00000049090,Ptgr3,ortholog_one2one
ENSG00000170579,DLGAP1,ENSMUSG00000003279,Dlgap1,ortholog_one2one
ENSG00000205726,ITSN1,ENSMUSG00000022957,Itsn1,ortholog_one2one
ENSG00000187323,DCC,ENSMUSG00000060534,Dcc,ortholog_one2one
ENSG00000171873,ADRA1D,ENSMUSG00000027335,Adra1d,ortholog_one2one
ENSG00000178591,DEFB125,ENSMUSG00000074680,Defb26,ortholog_one2one
ENSG00000173404,INSM1,ENSMUSG00000068154,Insm1,ortholog_one2one
ENSG00000185982,DEFB128,ENSMUSG00000049560,Defb20,ortholog_one2one
ENSG00000067900,ROCK1,ENSMUSG00000024290,Rock1,ortholog_one2one
ENSG00000132640,BTBD3,ENSMUSG00000062098,Btbd3,ortholog_one2one
ENSG00000101230,ISM1,ENSMUSG00000074766,Ism1,ortholog_one2one
ENSG00000215397,SCRT2,ENSMUSG00000060257,Scrt2,ortholog_one2one
ENSG00000215547,DEFB115,ENSMUSG00000074679,Defb28,ortholog_one2one
ENSG00000101447,FAM83D,ENSMUSG00000027654,Fam83d,ortholog_one2one
ENSG00000158445,KCNB1,ENSMUSG00000050556,Kcnb1,ortholog_one2one
ENSG00000054803,CBLN4,ENSMUSG00000067578,Cbln4,ortholog_one2one
ENSG00000124225,PMEPA1,ENSMUSG00000038400,Pmepa1,ortholog_one2one
ENSG00000101115,SALL4,ENSMUSG00000027547,Sall4,ortholog_one2one
ENSG00000179242,CDH4,ENSMUSG00000000305,Cdh4,ortholog_one2one
ENSG00000184402,SS18L1,ENSMUSG00000039086,Ss18l1,ortholog_one2one
ENSG00000196074,SYCP2,ENSMUSG00000060445,Sycp2,ortholog_one2one
ENSG00000130702,LAMA5,ENSMUSG00000015647,Lama5,ortholog_one2one
ENSG00000124232,RBPJL,ENSMUSG00000017007,Rbpjl,ortholog_one2one
ENSG00000101162,TUBB1,ENSMUSG00000016255,Tubb1,ortholog_one2one
ENSG00000125975,C20orf173,ENSMUSG00000074646,6430550D23Rik,ortholog_one2one
ENSG00000160282,FTCD,ENSMUSG00000001155,Ftcd,ortholog_one2one
ENSG00000197296,FITM2,ENSMUSG00000048486,Fitm2,ortholog_one2one
ENSG00000124196,GTSF1L,ENSMUSG00000070708,Gtsf1l,ortholog_one2one
ENSG00000099985,OSM,ENSMUSG00000058755,Osm,ortholog_one2one
ENSG00000125879,OTOR,ENSMUSG00000027416,Otor,ortholog_one2one
ENSG00000101074,R3HDML,ENSMUSG00000078949,R3hdml,ortholog_one2one
ENSG00000100365,NCF4,ENSMUSG00000071715,Ncf4,ortholog_one2one
ENSG00000101197,BIRC7,ENSMUSG00000038840,Birc7,ortholog_one2one
ENSG00000101198,NKAIN4,ENSMUSG00000027574,Nkain4,ortholog_one2one
ENSG00000241945,PWP2,ENSMUSG00000032834,Pwp2,ortholog_one2one
ENSG00000101204,CHRNA4,ENSMUSG00000027577,Chrna4,ortholog_one2one
ENSG00000100346,CACNA1I,ENSMUSG00000022416,Cacna1i,ortholog_one2one
ENSG00000125863,MKKS,ENSMUSG00000027274,Mkks,ortholog_one2one
ENSG00000142156,COL6A1,ENSMUSG00000001119,Col6a1,ortholog_one2one
ENSG00000260903,XKR7,ENSMUSG00000042631,Xkr7,ortholog_one2one
ENSG00000126003,PLAGL2,ENSMUSG00000051413,Plagl2,ortholog_one2one
ENSG00000125998,FAM83C,ENSMUSG00000074647,Fam83c,ortholog_one2one
ENSG00000101405,OXT,ENSMUSG00000027301,Oxt,ortholog_one2one
ENSG00000160223,ICOSLG,ENSMUSG00000000732,Icosl,ortholog_one2one
ENSG00000101200,AVP,ENSMUSG00000037727,Avp,ortholog_one2one
ENSG00000179772,FOXS1,ENSMUSG00000074676,Foxs1,ortholog_one2one
ENSG00000125850,OVOL2,ENSMUSG00000037279,Ovol2,ortholog_one2one
ENSG00000159267,HLCS,ENSMUSG00000040820,Hlcs,ortholog_one2one
ENSG00000212232,SNORD17,ENSMUSG00000077714,Snord17,ortholog_one2one
ENSG00000159261,CLDN14,ENSMUSG00000047109,Cldn14,ortholog_one2one
ENSG00000124104,SNX21,ENSMUSG00000050373,Snx21,ortholog_one2one
ENSG00000176177,ENTHD1,ENSMUSG00000050439,Enthd1,ortholog_one2one
ENSG00000160179,ABCG1,ENSMUSG00000024030,Abcg1,ortholog_one2one
ENSG00000128342,LIF,ENSMUSG00000034394,Lif,ortholog_one2one
ENSG00000100106,TRIOBP,ENSMUSG00000033088,Triobp,ortholog_one2one
ENSG00000149609,C20orf144,ENSMUSG00000038523,1700003F12Rik,ortholog_one2one
ENSG00000101292,PROKR2,ENSMUSG00000050558,Prokr2,ortholog_one2one
ENSG00000125888,BANF2,ENSMUSG00000037307,Banf2,ortholog_one2one
ENSG00000198900,TOP1,ENSMUSG00000070544,Top1,ortholog_one2one
ENSG00000171864,PRND,ENSMUSG00000027338,Prnd,ortholog_one2one
ENSG00000204103,MAFB,ENSMUSG00000074622,Mafb,ortholog_one2one
ENSG00000130943,PKDREJ,ENSMUSG00000052496,Pkdrej,ortholog_one2one
ENSG00000124107,SLPI,ENSMUSG00000017002,Slpi,ortholog_one2one
ENSG00000101446,SPINT3,ENSMUSG00000074596,Spint3,ortholog_one2one
ENSG00000142178,SIK1,ENSMUSG00000024042,Sik1,ortholog_one2one
ENSG00000124116,WFDC3,ENSMUSG00000076434,Wfdc3,ortholog_one2one
ENSG00000159216,RUNX1,ENSMUSG00000022952,Runx1,ortholog_one2one
ENSG00000196431,CRYBA4,ENSMUSG00000066975,Cryba4,ortholog_one2one
ENSG00000101470,TNNC2,ENSMUSG00000017300,Tnnc2,ortholog_one2one
ENSG00000160233,LRRC3,ENSMUSG00000051652,Lrrc3,ortholog_one2one
ENSG00000157617,C2CD2,ENSMUSG00000045975,C2cd2,ortholog_one2one
ENSG00000101188,NTSR1,ENSMUSG00000027568,Ntsr1,ortholog_one2one
ENSG00000247315,ZCCHC3,ENSMUSG00000074682,Zcchc3,ortholog_one2one
ENSG00000133454,MYO18B,ENSMUSG00000072720,Myo18b,ortholog_one2one
ENSG00000124201,ZNFX1,ENSMUSG00000039501,Znfx1,ortholog_one2one
ENSG00000160180,TFF3,ENSMUSG00000024029,Tff3,ortholog_one2one
ENSG00000243646,IL10RB,ENSMUSG00000022969,Il10rb,ortholog_one2one
ENSG00000212304,SNORD12,ENSMUSG00000077698,Snord12,ortholog_one2one
ENSG00000124217,MOCS3,ENSMUSG00000074576,Mocs3,ortholog_one2one
ENSG00000101336,HCK,ENSMUSG00000003283,Hck,ortholog_one2one
ENSG00000185272,RBM11,ENSMUSG00000032940,Rbm11,ortholog_one2one
ENSG00000142185,TRPM2,ENSMUSG00000009292,Trpm2,ortholog_one2one
ENSG00000177732,SOX12,ENSMUSG00000051817,Sox12,ortholog_one2one
ENSG00000184226,PCDH9,ENSMUSG00000055421,Pcdh9,ortholog_one2one
ENSG00000124257,NEURL2,ENSMUSG00000039873,Neurl2,ortholog_one2one
ENSG00000168634,WFDC13,ENSMUSG00000067704,Wfdc13,ortholog_one2one
ENSG00000149651,SPINT4,ENSMUSG00000017310,Spint4,ortholog_one2one
ENSG00000125878,TCF15,ENSMUSG00000068079,Tcf15,ortholog_one2one
ENSG00000149634,SPATA25,ENSMUSG00000017767,Spata25,ortholog_one2one
ENSG00000125508,SRMS,ENSMUSG00000027579,Srms,ortholog_one2one
ENSG00000124203,ZNF831,ENSMUSG00000050600,Zfp831,ortholog_one2one
ENSG00000078699,CBFA2T2,ENSMUSG00000038533,Cbfa2t2,ortholog_one2one
ENSG00000243156,MICAL3,ENSMUSG00000051586,Mical3,ortholog_one2one
ENSG00000155304,HSPA13,ENSMUSG00000032932,Hspa13,ortholog_one2one
ENSG00000198862,LTN1,ENSMUSG00000052299,Ltn1,ortholog_one2one
ENSG00000149635,OCSTAMP,ENSMUSG00000027670,Ocstamp,ortholog_one2one
ENSG00000158296,SLC13A3,ENSMUSG00000018459,Slc13a3,ortholog_one2one
ENSG00000184787,UBE2G2,ENSMUSG00000009293,Ube2g2,ortholog_one2one
ENSG00000100312,ACR,ENSMUSG00000022622,Acr,ortholog_one2one
ENSG00000124091,GCNT7,ENSMUSG00000074569,Gcnt7,ortholog_one2one
ENSG00000124140,SLC12A5,ENSMUSG00000017740,Slc12a5,ortholog_one2one
ENSG00000075275,CELSR1,ENSMUSG00000016028,Celsr1,ortholog_one2one
ENSG00000160218,TRAPPC10,ENSMUSG00000000374,Trappc10,ortholog_one2one
ENSG00000188677,PARVB,ENSMUSG00000022438,Parvb,ortholog_one2one
ENSG00000125363,AMELX,ENSMUSG00000031354,Amelx,ortholog_one2one
ENSG00000125780,TGM3,ENSMUSG00000027401,Tgm3,ortholog_one2one
ENSG00000166948,TGM6,ENSMUSG00000027403,Tgm6,ortholog_one2one
ENSG00000126010,GRPR,ENSMUSG00000031364,Grpr,ortholog_one2one
ENSG00000101438,SLC32A1,ENSMUSG00000037771,Slc32a1,ortholog_one2one
ENSG00000040608,RTN4R,ENSMUSG00000043811,Rtn4r,ortholog_one2one
ENSG00000157542,KCNJ6,ENSMUSG00000043301,Kcnj6,ortholog_one2one
ENSG00000149970,CNKSR2,ENSMUSG00000025658,Cnksr2,ortholog_one2one
ENSG00000160214,RRP1,ENSMUSG00000061032,Rrp1,ortholog_one2one
ENSG00000184470,TXNRD2,ENSMUSG00000075704,Txnrd2,ortholog_one2one
ENSG00000158901,WFDC8,ENSMUSG00000070533,Wfdc8,ortholog_one2one
ENSG00000283815,MIR18A,ENSMUSG00000065403,Mir18,ortholog_one2one
ENSG00000283762,MIR20A,ENSMUSG00000065442,Mir20a,ortholog_one2one
ENSG00000182035,ADIG,ENSMUSG00000044405,Adig,ortholog_one2one
ENSG00000215251,FASTKD5,ENSMUSG00000079043,Fastkd5,ortholog_one2one
ENSG00000124227,ANKRD60,ENSMUSG00000027517,Ankrd60,ortholog_one2one
ENSG00000186191,BPIFB4,ENSMUSG00000074665,Bpifb4,ortholog_one2one
ENSG00000131050,BPIFA2,ENSMUSG00000042459,Bpifa2,ortholog_one2one
ENSG00000186190,BPIFB3,ENSMUSG00000068008,Bpifb3,ortholog_one2one
ENSG00000102466,FGF14,ENSMUSG00000025551,Fgf14,ortholog_one2one
ENSG00000102554,KLF5,ENSMUSG00000005148,Klf5,ortholog_one2one
ENSG00000101003,GINS1,ENSMUSG00000027454,Gins1,ortholog_one2one
ENSG00000157540,DYRK1A,ENSMUSG00000022897,Dyrk1a,ortholog_one2one
ENSG00000073150,PANX2,ENSMUSG00000058441,Panx2,ortholog_one2one
ENSG00000088386,SLC15A1,ENSMUSG00000025557,Slc15a1,ortholog_one2one
ENSG00000100292,HMOX1,ENSMUSG00000005413,Hmox1,ortholog_one2one
ENSG00000054796,SPO11,ENSMUSG00000005883,Spo11,ortholog_one2one
ENSG00000166862,CACNG2,ENSMUSG00000019146,Cacng2,ortholog_one2one
ENSG00000100191,SLC5A4,ENSMUSG00000020229,Slc5a4a,ortholog_one2one
ENSG00000100298,APOBEC3H,ENSMUSG00000009585,Apobec3,ortholog_one2one
ENSG00000132819,RBM38,ENSMUSG00000027510,Rbm38,ortholog_one2one
ENSG00000180424,DEFB123,ENSMUSG00000044863,Defb36,ortholog_one2one
ENSG00000180383,DEFB124,ENSMUSG00000074678,Defb25,ortholog_one2one
ENSG00000182957,SPATA13,ENSMUSG00000021990,Spata13,ortholog_one2one
ENSG00000124134,KCNS1,ENSMUSG00000040164,Kcns1,ortholog_one2one
ENSG00000161180,CCDC116,ENSMUSG00000022768,Ccdc116,ortholog_one2one
ENSG00000169906,S100G,ENSMUSG00000040808,S100g,ortholog_one2one
ENSG00000168703,WFDC12,ENSMUSG00000042845,Wfdc12,ortholog_one2one
ENSG00000215545,DEFB116,ENSMUSG00000044249,Defb29,ortholog_one2one
ENSG00000100023,PPIL2,ENSMUSG00000022771,Ppil2,ortholog_one2one
ENSG00000131068,DEFB118,ENSMUSG00000056544,Defb21,ortholog_one2one
ENSG00000180483,DEFB119,ENSMUSG00000050645,Defb19,ortholog_one2one
ENSG00000125813,PAX1,ENSMUSG00000037034,Pax1,ortholog_one2one
ENSG00000175121,WFDC5,ENSMUSG00000040154,Wfdc5,ortholog_one2one
ENSG00000088881,EBF4,ENSMUSG00000053552,Ebf4,ortholog_one2one
ENSG00000008086,CDKL5,ENSMUSG00000031292,Cdkl5,ortholog_one2one
ENSG00000131044,TTLL9,ENSMUSG00000074673,Ttll9,ortholog_one2one
ENSG00000160201,U2AF1,ENSMUSG00000061613,U2af1,ortholog_one2one
ENSG00000126218,F10,ENSMUSG00000031444,F10,ortholog_one2one
ENSG00000100027,YPEL1,ENSMUSG00000022773,Ypel1,ortholog_one2one
ENSG00000132671,SSTR4,ENSMUSG00000037014,Sstr4,ortholog_one2one
ENSG00000178726,THBD,ENSMUSG00000074743,Thbd,ortholog_one2one
ENSG00000183798,EMILIN3,ENSMUSG00000050700,Emilin3,ortholog_one2one
ENSG00000183260,ABHD16B,ENSMUSG00000055882,Abhd16b,ortholog_one2one
ENSG00000130590,SAMD10,ENSMUSG00000038605,Samd10,ortholog_one2one
ENSG00000100285,NEFH,ENSMUSG00000020396,Nefh,ortholog_one2one
ENSG00000169508,GPR183,ENSMUSG00000051212,Gpr183,ortholog_one2one
ENSG00000101251,SEL1L2,ENSMUSG00000074764,Sel1l2,ortholog_one2one
ENSG00000122025,FLT3,ENSMUSG00000042817,Flt3,ortholog_one2one
ENSG00000100003,SEC14L2,ENSMUSG00000003585,Sec14l2,ortholog_one2one
ENSG00000172264,MACROD2,ENSMUSG00000068205,Macrod2,ortholog_one2one
ENSG00000102804,TSC22D1,ENSMUSG00000022010,Tsc22d1,ortholog_one2one
ENSG00000147081,AKAP4,ENSMUSG00000050089,Akap4,ortholog_one2one
ENSG00000165621,OXGR1,ENSMUSG00000044819,Oxgr1,ortholog_one2one
ENSG00000185808,PIGP,ENSMUSG00000022940,Pigp,ortholog_one2one
ENSG00000185513,L3MBTL1,ENSMUSG00000035576,L3mbtl1,ortholog_one2one
ENSG00000133115,STOML3,ENSMUSG00000027744,Stoml3,ortholog_one2one
ENSG00000132975,GPR12,ENSMUSG00000041468,Gpr12,ortholog_one2one
ENSG00000189299,FOXR2,ENSMUSG00000071665,Foxr2,ortholog_one2one
ENSG00000187601,MAGEH1,ENSMUSG00000047238,Mageh1,ortholog_one2one
ENSG00000080618,CPB2,ENSMUSG00000021999,Cpb2,ortholog_one2one
ENSG00000156239,HEMK2,ENSMUSG00000044442,N6amt1,ortholog_one2one
ENSG00000206203,TSSK2,ENSMUSG00000045521,Tssk2,ortholog_one2one
ENSG00000196468,FGF16,ENSMUSG00000031230,Fgf16,ortholog_one2one
ENSG00000174740,PABPC5,ENSMUSG00000034732,Pabpc5,ortholog_one2one
ENSG00000156299,TIAM1,ENSMUSG00000002489,Tiam1,ortholog_one2one
ENSG00000100129,EIF3L,ENSMUSG00000033047,Eif3l,ortholog_one2one
ENSG00000165288,BRWD3,ENSMUSG00000063663,Brwd3,ortholog_one2one
ENSG00000170191,NANP,ENSMUSG00000053916,Nanp,ortholog_one2one
ENSG00000120675,DNAJC15,ENSMUSG00000022013,Dnajc15,ortholog_one2one
ENSG00000151778,SERP2,ENSMUSG00000052584,Serp2,ortholog_one2one
ENSG00000158813,EDA,ENSMUSG00000059327,Eda,ortholog_one2one
ENSG00000118922,KLF12,ENSMUSG00000072294,Klf12,ortholog_one2one
ENSG00000182621,PLCB1,ENSMUSG00000051177,Plcb1,ortholog_one2one
ENSG00000165475,CRYL1,ENSMUSG00000021947,Cryl1,ortholog_one2one
ENSG00000198934,MAGEE1,ENSMUSG00000031227,Magee1,ortholog_one2one
ENSG00000057593,F7,ENSMUSG00000031443,F7,ortholog_one2one
ENSG00000217442,SYCE3,ENSMUSG00000078938,Syce3,ortholog_one2one
ENSG00000186675,MAGEE2,ENSMUSG00000031224,Magee2,ortholog_one2one
ENSG00000047597,XK,ENSMUSG00000015342,Xk,ortholog_one2one
ENSG00000047648,ARHGAP6,ENSMUSG00000031355,Arhgap6,ortholog_one2one
ENSG00000189060,H1-0,ENSMUSG00000096210,H1f0,ortholog_one2one
ENSG00000184113,CLDN5,ENSMUSG00000041378,Cldn5,ortholog_one2one
ENSG00000154642,C21orf91,ENSMUSG00000022864,D16Ertd472e,ortholog_one2one
ENSG00000100034,PPM1F,ENSMUSG00000026181,Ppm1f,ortholog_one2one
ENSG00000136153,LMO7,ENSMUSG00000033060,Lmo7,ortholog_one2one
ENSG00000147082,CCNB3,ENSMUSG00000051592,Ccnb3,ortholog_one2one
ENSG00000159231,CBR3,ENSMUSG00000022947,Cbr3,ortholog_one2one
ENSG00000196767,POU3F4,ENSMUSG00000056854,Pou3f4,ortholog_one2one
ENSG00000147223,RIPPLY1,ENSMUSG00000072945,Ripply1,ortholog_one2one
ENSG00000182463,TSHZ2,ENSMUSG00000047907,Tshz2,ortholog_one2one
ENSG00000171940,ZNF217,ENSMUSG00000052056,Zfp217,ortholog_one2one
ENSG00000186767,SPIN4,ENSMUSG00000071722,Spin4,ortholog_one2one
ENSG00000196090,PTPRT,ENSMUSG00000053141,Ptprt,ortholog_one2one
ENSG00000100053,CRYBB3,ENSMUSG00000029352,Crybb3,ortholog_one2one
ENSG00000100154,TTC28,ENSMUSG00000033209,Ttc28,ortholog_one2one
ENSG00000102239,BRS3,ENSMUSG00000031130,Brs3,ortholog_one2one
ENSG00000125779,PANK2,ENSMUSG00000037514,Pank2,ortholog_one2one
ENSG00000198881,ASB12,ENSMUSG00000031204,Asb12,ortholog_one2one
ENSG00000276950,GSTT4,ENSMUSG00000009093,Gstt4,ortholog_one2one
ENSG00000141956,PRDM15,ENSMUSG00000014039,Prdm15,ortholog_one2one
ENSG00000184459,BPIFC,ENSMUSG00000050108,Bpifc,ortholog_one2one
ENSG00000128165,ADM2,ENSMUSG00000054136,Adm2,ortholog_one2one
ENSG00000182195,LDOC1,ENSMUSG00000057615,Ldoc1,ortholog_one2one
ENSG00000102195,GPR50,ENSMUSG00000056380,Gpr50,ortholog_one2one
ENSG00000166049,PASD1,ENSMUSG00000073130,Pasd1,ortholog_one2one
ENSG00000132825,PPP1R3D,ENSMUSG00000049999,Ppp1r3d,ortholog_one2one
ENSG00000101327,PDYN,ENSMUSG00000027400,Pdyn,ortholog_one2one
ENSG00000275004,ZNF280B,ENSMUSG00000049764,Zfp280b,ortholog_one2one
ENSG00000185010,F8,ENSMUSG00000031196,F8,ortholog_one2one
ENSG00000125817,CENPB,ENSMUSG00000068267,Cenpb,ortholog_one2one
ENSG00000155966,AFF2,ENSMUSG00000031189,Aff2,ortholog_one2one
ENSG00000101144,BMP7,ENSMUSG00000008999,Bmp7,ortholog_one2one
ENSG00000100036,SLC35E4,ENSMUSG00000048807,Slc35e4,ortholog_one2one
ENSG00000128285,MCHR1,ENSMUSG00000050164,Mchr1,ortholog_one2one
ENSG00000253352,TUG1,ENSMUSG00000056579,Tug1,ortholog_one2one
ENSG00000215529,EFCAB8,ENSMUSG00000044083,Efcab8,ortholog_one2one
ENSG00000100201,DDX17,ENSMUSG00000055065,Ddx17,ortholog_one2one
ENSG00000142168,SOD1,ENSMUSG00000022982,Sod1,ortholog_one2one
ENSG00000149488,TMC2,ENSMUSG00000060332,Tmc2,ortholog_one2one
ENSG00000155961,RAB39B,ENSMUSG00000031202,Rab39b,ortholog_one2one
ENSG00000186310,NAP1L3,ENSMUSG00000055733,Nap1l3,ortholog_one2one
ENSG00000172216,CEBPB,ENSMUSG00000056501,Cebpb,ortholog_one2one
ENSG00000132965,ALOX5AP,ENSMUSG00000060063,Alox5ap,ortholog_one2one
ENSG00000156253,RWDD2B,ENSMUSG00000041079,Rwdd2b,ortholog_one2one
ENSG00000100079,LGALS2,ENSMUSG00000043501,Lgals2,ortholog_one2one
ENSG00000133101,CCNA1,ENSMUSG00000027793,Ccna1,ortholog_one2one
ENSG00000138892,TTLL8,ENSMUSG00000022388,Ttll8,ortholog_one2one
ENSG00000142149,HUNK,ENSMUSG00000053414,Hunk,ortholog_one2one
ENSG00000196588,MRTFA,ENSMUSG00000042292,Mrtfa,ortholog_one2one
ENSG00000184900,SUMO3,ENSMUSG00000020265,Sumo3,ortholog_one2one
ENSG00000132952,USPL1,ENSMUSG00000041264,Uspl1,ortholog_one2one
ENSG00000186810,CXCR3,ENSMUSG00000050232,Cxcr3,ortholog_one2one
ENSG00000160188,RSPH1,ENSMUSG00000024033,Rsph1,ortholog_one2one
ENSG00000136108,CKAP2,ENSMUSG00000037725,Ckap2,ortholog_one2one
ENSG00000160191,PDE9A,ENSMUSG00000041119,Pde9a,ortholog_one2one
ENSG00000134757,DSG3,ENSMUSG00000056632,Dsg3,ortholog_one2one
ENSG00000184058,TBX1,ENSMUSG00000009097,Tbx1,ortholog_one2one
ENSG00000102743,SLC25A15,ENSMUSG00000031482,Slc25a15,ortholog_one2one
ENSG00000005302,MSL3,ENSMUSG00000031358,Msl3,ortholog_one2one
ENSG00000158270,COLEC12,ENSMUSG00000036103,Colec12,ortholog_one2one
ENSG00000123179,EBPL,ENSMUSG00000021928,Ebpl,ortholog_one2one
ENSG00000180957,PITPNB,ENSMUSG00000050017,Pitpnb,ortholog_one2one
ENSG00000046604,DSG2,ENSMUSG00000044393,Dsg2,ortholog_one2one
ENSG00000088387,DOCK9,ENSMUSG00000025558,Dock9,ortholog_one2one
ENSG00000169184,MN1,ENSMUSG00000070576,Mn1,ortholog_one2one
ENSG00000166401,SERPINB8,ENSMUSG00000026315,Serpinb8,ortholog_one2one
ENSG00000118271,TTR,ENSMUSG00000061808,Ttr,ortholog_one2one
ENSG00000134755,DSC2,ENSMUSG00000024331,Dsc2,ortholog_one2one
ENSG00000134873,CLDN10,ENSMUSG00000022132,Cldn10,ortholog_one2one
ENSG00000126231,PROZ,ENSMUSG00000031445,Proz,ortholog_one2one
ENSG00000128218,VPREB3,ENSMUSG00000000903,Vpreb3,ortholog_one2one
ENSG00000128408,RIBC2,ENSMUSG00000022431,Ribc2,ortholog_one2one
ENSG00000241360,PDXP,ENSMUSG00000116165,Pdxp,ortholog_one2one
ENSG00000134871,COL4A2,ENSMUSG00000031503,Col4a2,ortholog_one2one
ENSG00000196664,TLR7,ENSMUSG00000044583,Tlr7,ortholog_one2one
ENSG00000100167,SEPTIN3,ENSMUSG00000022456,Septin3,ortholog_one2one
ENSG00000139832,RAB20,ENSMUSG00000031504,Rab20,ortholog_one2one
ENSG00000139842,CUL4A,ENSMUSG00000031446,Cul4a,ortholog_one2one
ENSG00000185666,SYN3,ENSMUSG00000059602,Syn3,ortholog_one2one
ENSG00000130054,NALF2,ENSMUSG00000071719,Nalf2,ortholog_one2one
ENSG00000130638,ATXN10,ENSMUSG00000016541,Atxn10,ortholog_one2one
ENSG00000188064,WNT7B,ENSMUSG00000022382,Wnt7b,ortholog_one2one
ENSG00000165195,PIGA,ENSMUSG00000031381,Piga,ortholog_one2one
ENSG00000078043,PIAS2,ENSMUSG00000025423,Pias2,ortholog_one2one
ENSG00000073146,MOV10L1,ENSMUSG00000015365,Mov10l1,ortholog_one2one
ENSG00000102755,FLT1,ENSMUSG00000029648,Flt1,ortholog_one2one
ENSG00000134595,SOX3,ENSMUSG00000045179,Sox3,ortholog_one2one
ENSG00000206075,SERPINB5,ENSMUSG00000067006,Serpinb5,ortholog_one2one
ENSG00000204165,CXorf65,ENSMUSG00000090141,Gm614,ortholog_one2one
ENSG00000133477,FAM83F,ENSMUSG00000022408,Fam83f,ortholog_one2one
ENSG00000101746,NOL4,ENSMUSG00000041923,Nol4,ortholog_one2one
ENSG00000251322,SHANK3,ENSMUSG00000022623,Shank3,ortholog_one2one
ENSG00000271886,MIR98,ENSMUSG00000065536,Mir98,ortholog_one2one
ENSG00000186654,PRR5,ENSMUSG00000036106,Prr5,ortholog_one2one
ENSG00000147224,PRPS1,ENSMUSG00000031432,Prps1,ortholog_one2one
ENSG00000152217,SETBP1,ENSMUSG00000024548,Setbp1,ortholog_one2one
ENSG00000165370,GPR101,ENSMUSG00000036357,Gpr101,ortholog_one2one
ENSG00000102001,CACNA1F,ENSMUSG00000031142,Cacna1f,ortholog_one2one
ENSG00000141665,FBXO15,ENSMUSG00000034391,Fbxo15,ortholog_one2one
ENSG00000123191,ATP7B,ENSMUSG00000006567,Atp7b,ortholog_one2one
ENSG00000134504,KCTD1,ENSMUSG00000036225,Kctd1,ortholog_one2one
ENSG00000172404,DNAJB7,ENSMUSG00000047108,Dnajb7,ortholog_one2one
ENSG00000206052,DOK6,ENSMUSG00000073514,Dok6,ortholog_one2one
ENSG00000206069,LHFPL7,ENSMUSG00000066964,Lhfpl7,ortholog_one2one
ENSG00000100304,TTLL12,ENSMUSG00000016757,Ttll12,ortholog_one2one
ENSG00000166396,SERPINB7,ENSMUSG00000067001,Serpinb7,ortholog_one2one
ENSG00000185133,INPP5J,ENSMUSG00000034570,Inpp5j,ortholog_one2one
ENSG00000198795,ZNF521,ENSMUSG00000024420,Zfp521,ortholog_one2one
ENSG00000188021,UBQLN2,ENSMUSG00000050148,Ubqln2,ortholog_one2one
ENSG00000085224,ATRX,ENSMUSG00000031229,Atrx,ortholog_one2one
ENSG00000166562,SEC11C,ENSMUSG00000024516,Sec11c,ortholog_one2one
ENSG00000226742,HSBP1L1,ENSMUSG00000078963,Hsbp1l1,ortholog_one2one
ENSG00000166140,ZFYVE19,ENSMUSG00000068580,Zfyve19,ortholog_one2one
ENSG00000171885,AQP4,ENSMUSG00000024411,Aqp4,ortholog_one2one
ENSG00000185053,SGCZ,ENSMUSG00000039539,Sgcz,ortholog_one2one
ENSG00000159167,STC1,ENSMUSG00000014813,Stc1,ortholog_one2one
ENSG00000156687,UNC5D,ENSMUSG00000063626,Unc5d,ortholog_one2one
ENSG00000167306,MYO5B,ENSMUSG00000025885,Myo5b,ortholog_one2one
ENSG00000188277,C15orf62,ENSMUSG00000055926,Gm14137,ortholog_one2one
ENSG00000182256,GABRG3,ENSMUSG00000055026,Gabrg3,ortholog_one2one
ENSG00000166450,PRTG,ENSMUSG00000036030,Prtg,ortholog_one2one
ENSG00000198445,CCT8L2,ENSMUSG00000038044,Cct8l1,ortholog_one2one
ENSG00000101842,VSIG1,ENSMUSG00000031430,Vsig1,ortholog_one2one
ENSG00000000005,TNMD,ENSMUSG00000031250,Tnmd,ortholog_one2one
ENSG00000185634,SHC4,ENSMUSG00000035109,Shc4,ortholog_one2one
ENSG00000092964,DPYSL2,ENSMUSG00000022048,Dpysl2,ortholog_one2one
ENSG00000147256,ARHGAP36,ENSMUSG00000036198,Arhgap36,ortholog_one2one
ENSG00000150477,KIAA1328,ENSMUSG00000033632,AW554918,ortholog_one2one
ENSG00000171877,FRMD5,ENSMUSG00000027238,Frmd5,ortholog_one2one
ENSG00000075673,ATP12A,ENSMUSG00000022229,Atp12a,ortholog_one2one
ENSG00000102786,INTS6,ENSMUSG00000035161,Ints6,ortholog_one2one
ENSG00000147454,SLC25A37,ENSMUSG00000034248,Slc25a37,ortholog_one2one
ENSG00000102230,PCYT1B,ENSMUSG00000035246,Pcyt1b,ortholog_one2one
ENSG00000101695,RNF125,ENSMUSG00000033107,Rnf125,ortholog_one2one
ENSG00000177669,MBOAT4,ENSMUSG00000071113,Mboat4,ortholog_one2one
ENSG00000221890,NPTXR,ENSMUSG00000022421,Nptxr,ortholog_one2one
ENSG00000147459,DOCK5,ENSMUSG00000044447,Dock5,ortholog_one2one
ENSG00000004848,ARX,ENSMUSG00000035277,Arx,ortholog_one2one
ENSG00000171989,LDHAL6B,ENSMUSG00000101959,Ldhal6b,ortholog_one2one
ENSG00000103657,HERC1,ENSMUSG00000038664,Herc1,ortholog_one2one
ENSG00000101577,LPIN2,ENSMUSG00000024052,Lpin2,ortholog_one2one
ENSG00000104660,LEPROTL1,ENSMUSG00000031513,Leprotl1,ortholog_one2one
ENSG00000120498,TEX11,ENSMUSG00000009670,Tex11,ortholog_one2one
ENSG00000188342,GTF2F2,ENSMUSG00000067995,Gtf2f2,ortholog_one2one
ENSG00000120907,ADRA1A,ENSMUSG00000045875,Adra1a,ortholog_one2one
ENSG00000188779,SKOR1,ENSMUSG00000022245,Skor1,ortholog_one2one
ENSG00000167034,NKX3-1,ENSMUSG00000022061,Nkx3-1,ortholog_one2one
ENSG00000136159,NUDT15,ENSMUSG00000033405,Nudt15,ortholog_one2one
ENSG00000197705,KLHL14,ENSMUSG00000042514,Klhl14,ortholog_one2one
ENSG00000152520,PAN3,ENSMUSG00000029647,Pan3,ortholog_one2one
ENSG00000171956,FOXB1,ENSMUSG00000059246,Foxb1,ortholog_one2one
ENSG00000137880,GCHFR,ENSMUSG00000046814,Gchfr,ortholog_one2one
ENSG00000197892,KIF13B,ENSMUSG00000060012,Kif13b,ortholog_one2one
ENSG00000085185,BCORL1,ENSMUSG00000036959,Bcorl1,ortholog_one2one
ENSG00000133124,IRS4,ENSMUSG00000054667,Irs4,ortholog_one2one
ENSG00000167139,TBC1D21,ENSMUSG00000036244,Tbc1d21,ortholog_one2one
ENSG00000123576,ESX1,ENSMUSG00000023443,Esx1,ortholog_one2one
ENSG00000186866,POFUT2,ENSMUSG00000020260,Pofut2,ortholog_one2one
ENSG00000122122,SASH3,ENSMUSG00000031101,Sash3,ortholog_one2one
ENSG00000169018,FEM1B,ENSMUSG00000032244,Fem1b,ortholog_one2one
ENSG00000133083,DCLK1,ENSMUSG00000027797,Dclk1,ortholog_one2one
ENSG00000138622,HCN4,ENSMUSG00000032338,Hcn4,ortholog_one2one
ENSG00000102359,SRPX2,ENSMUSG00000031253,Srpx2,ortholog_one2one
ENSG00000213578,CPLX3,ENSMUSG00000039714,Cplx3,ortholog_one2one
ENSG00000104679,R3HCC1,ENSMUSG00000034194,R3hcc1,ortholog_one2one
ENSG00000005812,FBXL3,ENSMUSG00000022124,Fbxl3,ortholog_one2one
ENSG00000183287,CCBE1,ENSMUSG00000046318,Ccbe1,ortholog_one2one
ENSG00000187808,SOWAHD,ENSMUSG00000044400,Sowahd,ortholog_one2one
ENSG00000152193,OBI1,ENSMUSG00000022120,Obi1,ortholog_one2one
ENSG00000189369,GSPT2,ENSMUSG00000071723,Gspt2,ortholog_one2one
ENSG00000166342,NETO1,ENSMUSG00000050321,Neto1,ortholog_one2one
ENSG00000160213,CSTB,ENSMUSG00000005054,Cstb,ortholog_one2one
ENSG00000176774,MAGEB18,ENSMUSG00000067649,Mageb18,ortholog_one2one
ENSG00000091656,ZFHX4,ENSMUSG00000025255,Zfhx4,ortholog_one2one
ENSG00000160221,GATD3,ENSMUSG00000053329,Gatd3a,ortholog_one2one
ENSG00000166173,LARP6,ENSMUSG00000034839,Larp6,ortholog_one2one
ENSG00000101654,RNMT,ENSMUSG00000009535,Rnmt,ortholog_one2one
ENSG00000069667,RORA,ENSMUSG00000032238,Rora,ortholog_one2one
ENSG00000164749,HNF4G,ENSMUSG00000017688,Hnf4g,ortholog_one2one
ENSG00000102780,DGKH,ENSMUSG00000034731,Dgkh,ortholog_one2one
ENSG00000185658,BRWD1,ENSMUSG00000022914,Brwd1,ortholog_one2one
ENSG00000156103,MMP16,ENSMUSG00000028226,Mmp16,ortholog_one2one
ENSG00000101890,GUCY2F,ENSMUSG00000042282,Gucy2f,ortholog_one2one
ENSG00000176076,KCNE5,ENSMUSG00000090122,Kcne5,ortholog_one2one
ENSG00000255302,EID1,ENSMUSG00000091337,Eid1,ortholog_one2one
ENSG00000102078,SLC25A14,ENSMUSG00000031105,Slc25a14,ortholog_one2one
ENSG00000176225,RTTN,ENSMUSG00000023066,Rttn,ortholog_one2one
ENSG00000140443,IGF1R,ENSMUSG00000005533,Igf1r,ortholog_one2one
ENSG00000164893,SLC7A13,ENSMUSG00000041052,Slc7a13,ortholog_one2one
ENSG00000185015,CA13,ENSMUSG00000027555,Car13,ortholog_one2one
ENSG00000265817,FSBP,ENSMUSG00000094595,Fsbp,ortholog_one2one
ENSG00000126217,MCF2L,ENSMUSG00000031442,Mcf2l,ortholog_one2one
ENSG00000184672,RALYL,ENSMUSG00000039717,Ralyl,ortholog_one2one
ENSG00000103995,CEP152,ENSMUSG00000068394,Cep152,ortholog_one2one
ENSG00000164794,KCNV1,ENSMUSG00000022342,Kcnv1,ortholog_one2one
ENSG00000147262,GPR119,ENSMUSG00000051209,Gpr119,ortholog_one2one
ENSG00000147432,CHRNB3,ENSMUSG00000031492,Chrnb3,ortholog_one2one
ENSG00000102174,PHEX,ENSMUSG00000057457,Phex,ortholog_one2one
ENSG00000180543,TSPYL5,ENSMUSG00000038984,Tspyl5,ortholog_one2one
ENSG00000156486,KCNS2,ENSMUSG00000050963,Kcns2,ortholog_one2one
ENSG00000160209,PDXK,ENSMUSG00000032788,Pdxk,ortholog_one2one
ENSG00000019549,SNAI2,ENSMUSG00000022676,Snai2,ortholog_one2one
ENSG00000100625,SIX4,ENSMUSG00000034460,Six4,ortholog_one2one
ENSG00000156509,FBXO43,ENSMUSG00000048230,Fbxo43,ortholog_one2one
ENSG00000102287,GABRE,ENSMUSG00000031340,Gabre,ortholog_one2one
ENSG00000104490,NCALD,ENSMUSG00000051359,Ncald,ortholog_one2one
ENSG00000100731,PCNX1,ENSMUSG00000021140,Pcnx1,ortholog_one2one
ENSG00000147234,FRMPD3,ENSMUSG00000042425,Frmpd3,ortholog_one2one
ENSG00000176890,TYMS,ENSMUSG00000025747,Tyms,ortholog_one2one
ENSG00000242866,STRC,ENSMUSG00000033498,Strc,ortholog_one2one
ENSG00000130066,SAT1,ENSMUSG00000025283,Sat1,ortholog_one2one
ENSG00000130052,STARD8,ENSMUSG00000031216,Stard8,ortholog_one2one
ENSG00000155087,ODF1,ENSMUSG00000061923,Odf1,ortholog_one2one
ENSG00000183778,B3GALT5,ENSMUSG00000074892,B3galt5,ortholog_one2one
ENSG00000180828,BHLHE22,ENSMUSG00000025128,Bhlhe22,ortholog_one2one
ENSG00000179600,GPHB5,ENSMUSG00000048982,Gphb5,ortholog_one2one
ENSG00000140015,KCNH5,ENSMUSG00000034402,Kcnh5,ortholog_one2one
ENSG00000141682,PMAIP1,ENSMUSG00000024521,Pmaip1,ortholog_one2one
ENSG00000205038,PKHD1L1,ENSMUSG00000038725,Pkhd1l1,ortholog_one2one
ENSG00000168234,TTC39C,ENSMUSG00000024424,Ttc39c,ortholog_one2one
ENSG00000126016,AMOT,ENSMUSG00000041688,Amot,ortholog_one2one
ENSG00000155313,USP25,ENSMUSG00000022867,Usp25,ortholog_one2one
ENSG00000128886,ELL3,ENSMUSG00000027246,Ell3,ortholog_one2one
ENSG00000151812,SLC35F4,ENSMUSG00000021852,Slc35f4,ortholog_one2one
ENSG00000238205,MPC1L,ENSMUSG00000079871,Gm4984,ortholog_one2one
ENSG00000101574,METTL4,ENSMUSG00000055660,Mettl4,ortholog_one2one
ENSG00000083642,PDS5B,ENSMUSG00000034021,Pds5b,ortholog_one2one
ENSG00000167656,LY6D,ENSMUSG00000034634,Ly6d,ortholog_one2one
ENSG00000176435,CLEC14A,ENSMUSG00000045930,Clec14a,ortholog_one2one
ENSG00000042832,TG,ENSMUSG00000053469,Tg,ortholog_one2one
ENSG00000154839,SKA1,ENSMUSG00000036223,Ska1,ortholog_one2one
ENSG00000182732,RGS6,ENSMUSG00000021219,Rgs6,ortholog_one2one
ENSG00000125820,NKX2-2,ENSMUSG00000027434,Nkx2-2,ortholog_one2one
ENSG00000166845,C18orf54,ENSMUSG00000044906,4930503L19Rik,ortholog_one2one
ENSG00000120158,RCL1,ENSMUSG00000024785,Rcl1,ortholog_one2one
ENSG00000173548,SNX33,ENSMUSG00000032733,Snx33,ortholog_one2one
ENSG00000166762,CATSPER2,ENSMUSG00000033486,Catsper2,ortholog_one2one
ENSG00000124216,SNAI1,ENSMUSG00000042821,Snai1,ortholog_one2one
ENSG00000183837,PNMA3,ENSMUSG00000046287,Pnma3,ortholog_one2one
ENSG00000101981,F9,ENSMUSG00000031138,F9,ortholog_one2one
ENSG00000183354,BRD10,ENSMUSG00000046138,Brd10,ortholog_one2one
ENSG00000152240,HAUS1,ENSMUSG00000041840,Haus1,ortholog_one2one
ENSG00000176399,DMRTA1,ENSMUSG00000043753,Dmrta1,ortholog_one2one
ENSG00000176988,FMR1NB,ENSMUSG00000062170,Fmr1nb,ortholog_one2one
ENSG00000196092,PAX5,ENSMUSG00000014030,Pax5,ortholog_one2one
ENSG00000125810,CD93,ENSMUSG00000027435,Cd93,ortholog_one2one
ENSG00000140199,SLC12A6,ENSMUSG00000027130,Slc12a6,ortholog_one2one
ENSG00000197353,LYPD2,ENSMUSG00000022595,Lypd2,ortholog_one2one
ENSG00000165694,FRMD7,ENSMUSG00000036131,Frmd7,ortholog_one2one
ENSG00000126233,SLURP1,ENSMUSG00000022596,Slurp1,ortholog_one2one
ENSG00000164796,CSMD3,ENSMUSG00000022311,Csmd3,ortholog_one2one
ENSG00000101773,RBBP8,ENSMUSG00000041238,Rbbp8,ortholog_one2one
ENSG00000132964,CDK8,ENSMUSG00000029635,Cdk8,ortholog_one2one
ENSG00000160194,NDUFV3,ENSMUSG00000024038,Ndufv3,ortholog_one2one
ENSG00000268089,GABRQ,ENSMUSG00000031344,Gabrq,ortholog_one2one
ENSG00000198883,PNMA5,ENSMUSG00000050424,Pnma5,ortholog_one2one
ENSG00000180509,KCNE1,ENSMUSG00000039639,Kcne1,ortholog_one2one
ENSG00000188158,NHS,ENSMUSG00000059493,Nhs,ortholog_one2one
ENSG00000157538,VPS26C,ENSMUSG00000022898,Vps26c,ortholog_one2one
ENSG00000184083,FAM120C,ENSMUSG00000025262,Fam120c,ortholog_one2one
ENSG00000126733,DACH2,ENSMUSG00000025592,Dach2,ortholog_one2one
ENSG00000205476,CCDC85C,ENSMUSG00000084883,Ccdc85c,ortholog_one2one
ENSG00000172164,SNTB1,ENSMUSG00000060429,Sntb1,ortholog_one2one
ENSG00000141401,IMPA2,ENSMUSG00000024525,Impa2,ortholog_one2one
ENSG00000102606,ARHGEF7,ENSMUSG00000031511,Arhgef7,ortholog_one2one
ENSG00000142197,DOP1B,ENSMUSG00000022946,Dop1b,ortholog_one2one
ENSG00000170961,HAS2,ENSMUSG00000022367,Has2,ortholog_one2one
ENSG00000183862,CNGA2,ENSMUSG00000005864,Cnga2,ortholog_one2one
ENSG00000118276,B4GALT6,ENSMUSG00000056124,B4galt6,ortholog_one2one
ENSG00000204116,CHIC1,ENSMUSG00000031327,Chic1,ortholog_one2one
ENSG00000197506,SLC28A3,ENSMUSG00000021553,Slc28a3,ortholog_one2one
ENSG00000288611,NPBWR1,ENSMUSG00000033774,Npbwr1,ortholog_one2one
ENSG00000104415,CCN4,ENSMUSG00000005124,Ccn4,ortholog_one2one
ENSG00000153339,TRAPPC8,ENSMUSG00000033382,Trappc8,ortholog_one2one
ENSG00000107165,TYRP1,ENSMUSG00000005994,Tyrp1,ortholog_one2one
ENSG00000165496,RPL10L,ENSMUSG00000060499,Rpl10l,ortholog_one2one
ENSG00000260802,SERTM2,ENSMUSG00000085139,Sertm2,ortholog_one2one
ENSG00000137558,PI15,ENSMUSG00000067780,Pi15,ortholog_one2one
ENSG00000165240,ATP7A,ENSMUSG00000033792,Atp7a,ortholog_one2one
ENSG00000156049,GNA14,ENSMUSG00000024697,Gna14,ortholog_one2one
ENSG00000261678,SCRT1,ENSMUSG00000048385,Scrt1,ortholog_one2one
ENSG00000147804,SLC39A4,ENSMUSG00000063354,Slc39a4,ortholog_one2one
ENSG00000198785,GRIN3A,ENSMUSG00000039579,Grin3a,ortholog_one2one
ENSG00000222028,PSMB11,ENSMUSG00000072423,Psmb11,ortholog_one2one
ENSG00000259431,THTPA,ENSMUSG00000045691,Thtpa,ortholog_one2one
ENSG00000131668,BARX1,ENSMUSG00000021381,Barx1,ortholog_one2one
ENSG00000172680,MOS,ENSMUSG00000078365,Mos,ortholog_one2one
ENSG00000104419,NDRG1,ENSMUSG00000005125,Ndrg1,ortholog_one2one
ENSG00000197969,VPS13A,ENSMUSG00000046230,Vps13a,ortholog_one2one
ENSG00000256463,SALL3,ENSMUSG00000024565,Sall3,ortholog_one2one
ENSG00000177426,TGIF1,ENSMUSG00000047407,Tgif1,ortholog_one2one
ENSG00000102738,MRPS31,ENSMUSG00000031533,Mrps31,ortholog_one2one
ENSG00000185271,KLHL33,ENSMUSG00000090799,Klhl33,ortholog_one2one
ENSG00000102104,RS1,ENSMUSG00000031293,Rs1,ortholog_one2one
ENSG00000171433,GLOD5,ENSMUSG00000031163,Glod5,ortholog_one2one
ENSG00000187682,ERAS,ENSMUSG00000031160,Eras,ortholog_one2one
ENSG00000181803,OR6S1,ENSMUSG00000035932,Or6s1,ortholog_one2one
ENSG00000160310,PRMT2,ENSMUSG00000020230,Prmt2,ortholog_one2one
ENSG00000196440,ARMCX4,ENSMUSG00000049804,Armcx4,ortholog_one2one
ENSG00000133121,STARD13,ENSMUSG00000016128,Stard13,ortholog_one2one
ENSG00000165794,SLC39A2,ENSMUSG00000072572,Slc39a2,ortholog_one2one
ENSG00000169933,FRMPD4,ENSMUSG00000049176,Frmpd4,ortholog_one2one
ENSG00000179636,TPPP2,ENSMUSG00000008813,Tppp2,ortholog_one2one
ENSG00000196976,LAGE3,ENSMUSG00000015289,Lage3,ortholog_one2one
ENSG00000183654,MARCHF11,ENSMUSG00000022269,Marchf11,ortholog_one2one
ENSG00000185736,ADARB2,ENSMUSG00000052551,Adarb2,ortholog_one2one
ENSG00000272533,SNORA28,ENSMUSG00000064493,Snora28,ortholog_one2one
ENSG00000171004,HS6ST2,ENSMUSG00000062184,Hs6st2,ortholog_one2one
ENSG00000258986,TMEM179,ENSMUSG00000054013,Tmem179,ortholog_one2one
ENSG00000184210,DGAT2L6,ENSMUSG00000067597,Dgat2l6,ortholog_one2one
ENSG00000145555,MYO10,ENSMUSG00000022272,Myo10,ortholog_one2one
ENSG00000080986,NDC80,ENSMUSG00000024056,Ndc80,ortholog_one2one
ENSG00000204195,AWAT1,ENSMUSG00000015665,Awat1,ortholog_one2one
ENSG00000176244,ACBD7,ENSMUSG00000026644,Acbd7,ortholog_one2one
ENSG00000186912,P2RY4,ENSMUSG00000044359,P2ry4,ortholog_one2one
ENSG00000120500,ARR3,ENSMUSG00000060890,Arr3,ortholog_one2one
ENSG00000107611,CUBN,ENSMUSG00000026726,Cubn,ortholog_one2one
ENSG00000151849,CPAP,ENSMUSG00000064128,Cpap,ortholog_one2one
ENSG00000199005,MIR370,ENSMUSG00000065433,Mir370,ortholog_one2one
ENSG00000072315,TRPC5,ENSMUSG00000041710,Trpc5,ortholog_one2one
ENSG00000101544,ADNP2,ENSMUSG00000053950,Adnp2,ortholog_one2one
ENSG00000165309,ARMC3,ENSMUSG00000037683,Armc3,ortholog_one2one
ENSG00000119541,VPS4B,ENSMUSG00000009907,Vps4b,ortholog_one2one
ENSG00000147168,IL2RG,ENSMUSG00000031304,Il2rg,ortholog_one2one
ENSG00000100987,VSX1,ENSMUSG00000033080,Vsx1,ortholog_one2one
ENSG00000139908,TSSK4,ENSMUSG00000007591,Tssk4,ortholog_one2one
ENSG00000101935,AMMECR1,ENSMUSG00000042225,Ammecr1,ortholog_one2one
ENSG00000183918,SH2D1A,ENSMUSG00000005696,Sh2d1a,ortholog_one2one
ENSG00000198010,DLGAP2,ENSMUSG00000047495,Dlgap2,ortholog_one2one
ENSG00000170236,USP50,ENSMUSG00000027364,Usp50,ortholog_one2one
ENSG00000175354,PTPN2,ENSMUSG00000024539,Ptpn2,ortholog_one2one
ENSG00000213906,LTB4R2,ENSMUSG00000040432,Ltb4r2,ortholog_one2one
ENSG00000101916,TLR8,ENSMUSG00000040522,Tlr8,ortholog_one2one
ENSG00000136944,LMX1B,ENSMUSG00000038765,Lmx1b,ortholog_one2one
ENSG00000092439,TRPM7,ENSMUSG00000027365,Trpm7,ortholog_one2one
ENSG00000183580,FBXL7,ENSMUSG00000043556,Fbxl7,ortholog_one2one
ENSG00000148488,ST8SIA6,ENSMUSG00000003418,St8sia6,ortholog_one2one
ENSG00000100968,NFATC4,ENSMUSG00000023411,Nfatc4,ortholog_one2one
ENSG00000263761,GDF2,ENSMUSG00000072625,Gdf2,ortholog_one2one
ENSG00000186583,SPATC1,ENSMUSG00000049653,Spatc1,ortholog_one2one
ENSG00000168267,PTF1A,ENSMUSG00000026735,Ptf1a,ortholog_one2one
ENSG00000087460,GNAS,ENSMUSG00000027523,Gnas,ortholog_one2one
ENSG00000180447,GAS1,ENSMUSG00000052957,Gas1,ortholog_one2one
ENSG00000113100,CDH9,ENSMUSG00000025370,Cdh9,ortholog_one2one
ENSG00000151023,ENKUR,ENSMUSG00000026679,Enkur,ortholog_one2one
ENSG00000139835,GRTP1,ENSMUSG00000038515,Grtp1,ortholog_one2one
ENSG00000165443,PHYHIPL,ENSMUSG00000037747,Phyhipl,ortholog_one2one
ENSG00000151388,ADAMTS12,ENSMUSG00000047497,Adamts12,ortholog_one2one
ENSG00000196739,COL27A1,ENSMUSG00000045672,Col27a1,ortholog_one2one
ENSG00000265203,RBP3,ENSMUSG00000041534,Rbp3,ortholog_one2one
ENSG00000175073,VCPIP1,ENSMUSG00000045210,Vcpip1,ortholog_one2one
ENSG00000102145,GATA1,ENSMUSG00000031162,Gata1,ortholog_one2one
ENSG00000186184,POLR1D,ENSMUSG00000029642,Polr1d,ortholog_one2one
ENSG00000107984,DKK1,ENSMUSG00000024868,Dkk1,ortholog_one2one
ENSG00000174417,TRHR,ENSMUSG00000038760,Trhr,ortholog_one2one
ENSG00000120533,ENY2,ENSMUSG00000022338,Eny2,ortholog_one2one
ENSG00000184984,CHRM5,ENSMUSG00000074939,Chrm5,ortholog_one2one
ENSG00000134049,IER3IP1,ENSMUSG00000090000,Ier3ip1,ortholog_one2one
ENSG00000152932,RAB3C,ENSMUSG00000021700,Rab3c,ortholog_one2one
ENSG00000132963,POMP,ENSMUSG00000029649,Pomp,ortholog_one2one
ENSG00000101977,MCF2,ENSMUSG00000031139,Mcf2,ortholog_one2one
ENSG00000171451,DSEL,ENSMUSG00000038702,Dsel,ortholog_one2one
ENSG00000107789,MINPP1,ENSMUSG00000024896,Minpp1,ortholog_one2one
ENSG00000176014,TUBB6,ENSMUSG00000001473,Tubb6,ortholog_one2one
ENSG00000213949,ITGA1,ENSMUSG00000042284,Itga1,ortholog_one2one
ENSG00000182771,GRID1,ENSMUSG00000041078,Grid1,ortholog_one2one
ENSG00000065150,IPO5,ENSMUSG00000030662,Ipo5,ortholog_one2one
ENSG00000159495,TGM7,ENSMUSG00000079103,Tgm7,ortholog_one2one
ENSG00000186350,RXRA,ENSMUSG00000015846,Rxra,ortholog_one2one
ENSG00000169495,HTRA4,ENSMUSG00000037406,Htra4,ortholog_one2one
ENSG00000187553,CYP26C1,ENSMUSG00000062432,Cyp26c1,ortholog_one2one
ENSG00000168806,LCMT2,ENSMUSG00000074890,Lcmt2,ortholog_one2one
ENSG00000104371,DKK4,ENSMUSG00000031535,Dkk4,ortholog_one2one
ENSG00000197361,FBXL22,ENSMUSG00000050503,Fbxl22,ortholog_one2one
ENSG00000138190,EXOC6,ENSMUSG00000053799,Exoc6,ortholog_one2one
ENSG00000166821,PEX11A,ENSMUSG00000030545,Pex11a,ortholog_one2one
ENSG00000183665,TRMT12,ENSMUSG00000037085,Trmt12,ortholog_one2one
ENSG00000133863,TEX15,ENSMUSG00000009628,Tex15,ortholog_one2one
ENSG00000038427,VCAN,ENSMUSG00000021614,Vcan,ortholog_one2one
ENSG00000130559,CAMSAP1,ENSMUSG00000026933,Camsap1,ortholog_one2one
ENSG00000185942,NKAIN3,ENSMUSG00000055761,Nkain3,ortholog_one2one
ENSG00000088756,ARHGAP28,ENSMUSG00000024043,Arhgap28,ortholog_one2one
ENSG00000158815,FGF17,ENSMUSG00000022101,Fgf17,ortholog_one2one
ENSG00000168487,BMP1,ENSMUSG00000022098,Bmp1,ortholog_one2one
ENSG00000122870,BICC1,ENSMUSG00000014329,Bicc1,ortholog_one2one
ENSG00000148344,PTGES,ENSMUSG00000050737,Ptges,ortholog_one2one
ENSG00000182752,PAPPA,ENSMUSG00000028370,Pappa,ortholog_one2one
ENSG00000107447,DNTT,ENSMUSG00000025014,Dntt,ortholog_one2one
ENSG00000188095,MESP2,ENSMUSG00000030543,Mesp2,ortholog_one2one
ENSG00000153391,INO80C,ENSMUSG00000047989,Ino80c,ortholog_one2one
ENSG00000189023,MAGEB16,ENSMUSG00000046942,Mageb16,ortholog_one2one
ENSG00000177613,CSTF2T,ENSMUSG00000053536,Cstf2t,ortholog_one2one
ENSG00000201302,SNORA65,ENSMUSG00000065124,Snora65,ortholog_one2one
ENSG00000123200,ZC3H13,ENSMUSG00000022000,Zc3h13,ortholog_one2one
ENSG00000130449,ZSWIM6,ENSMUSG00000032846,Zswim6,ortholog_one2one
ENSG00000136807,CDK9,ENSMUSG00000009555,Cdk9,ortholog_one2one
ENSG00000164190,NIPBL,ENSMUSG00000022141,Nipbl,ortholog_one2one
ENSG00000169297,NR0B1,ENSMUSG00000025056,Nr0b1,ortholog_one2one
ENSG00000095596,CYP26A1,ENSMUSG00000024987,Cyp26a1,ortholog_one2one
ENSG00000103710,RASL12,ENSMUSG00000041696,Rasl12,ortholog_one2one
ENSG00000185972,CCIN,ENSMUSG00000070999,Ccin,ortholog_one2one
ENSG00000171169,NAIF1,ENSMUSG00000039164,Naif1,ortholog_one2one
ENSG00000090470,PDCD7,ENSMUSG00000041837,Pdcd7,ortholog_one2one
ENSG00000171159,BBLN,ENSMUSG00000039195,Bbln,ortholog_one2one
ENSG00000156313,RPGR,ENSMUSG00000031174,Rpgr,ortholog_one2one
ENSG00000254585,MAGEL2,ENSMUSG00000056972,Magel2,ortholog_one2one
ENSG00000196932,TMEM26,ENSMUSG00000060044,Tmem26,ortholog_one2one
ENSG00000134042,MRO,ENSMUSG00000064036,Mro,ortholog_one2one
ENSG00000182636,NDN,ENSMUSG00000033585,Ndn,ortholog_one2one
ENSG00000188620,HMX3,ENSMUSG00000040148,Hmx3,ortholog_one2one
ENSG00000165118,QNG1,ENSMUSG00000021550,Qng1,ortholog_one2one
ENSG00000138152,BTBD16,ENSMUSG00000040298,Btbd16,ortholog_one2one
ENSG00000234438,KBTBD13,ENSMUSG00000054978,Kbtbd13,ortholog_one2one
ENSG00000284179,MIR7-1,ENSMUSG00000065434,Mir7-1,ortholog_one2one
ENSG00000159884,CCDC107,ENSMUSG00000028461,Ccdc107,ortholog_one2one
ENSG00000140479,PCSK6,ENSMUSG00000030513,Pcsk6,ortholog_one2one
ENSG00000229544,NKX1-2,ENSMUSG00000048528,Nkx1-2,ortholog_one2one
ENSG00000120008,WDR11,ENSMUSG00000042055,Wdr11,ortholog_one2one
ENSG00000196196,HRCT1,ENSMUSG00000071001,Hrct1,ortholog_one2one
ENSG00000125247,TMTC4,ENSMUSG00000041594,Tmtc4,ortholog_one2one
ENSG00000171843,MLLT3,ENSMUSG00000028496,Mllt3,ortholog_one2one
ENSG00000134061,CD180,ENSMUSG00000021624,Cd180,ortholog_one2one
ENSG00000186479,RGS7BP,ENSMUSG00000021719,Rgs7bp,ortholog_one2one
ENSG00000049759,NEDD4L,ENSMUSG00000024589,Nedd4l,ortholog_one2one
ENSG00000152669,CCNO,ENSMUSG00000042417,Ccno,ortholog_one2one
ENSG00000182154,MRPL41,ENSMUSG00000036850,Mrpl41,ortholog_one2one
ENSG00000163132,MSX1,ENSMUSG00000048450,Msx1,ortholog_one2one
ENSG00000200785,SNORD8,ENSMUSG00000093044,Snord8,ortholog_one2one
ENSG00000129472,RAB2B,ENSMUSG00000022159,Rab2b,ortholog_one2one
ENSG00000137090,DMRT1,ENSMUSG00000024837,Dmrt1,ortholog_one2one
ENSG00000126970,ZC4H2,ENSMUSG00000035062,Zc4h2,ortholog_one2one
ENSG00000170289,CNGB3,ENSMUSG00000056494,Cngb3,ortholog_one2one
ENSG00000154478,GPR26,ENSMUSG00000040125,Gpr26,ortholog_one2one
ENSG00000198947,DMD,ENSMUSG00000045103,Dmd,ortholog_one2one
ENSG00000140090,SLC24A4,ENSMUSG00000041771,Slc24a4,ortholog_one2one
ENSG00000164379,FOXQ1,ENSMUSG00000038415,Foxq1,ortholog_one2one
ENSG00000145990,GFOD1,ENSMUSG00000051335,Gfod1,ortholog_one2one
ENSG00000136897,MRPL50,ENSMUSG00000044018,Mrpl50,ortholog_one2one
ENSG00000188386,PPP3R2,ENSMUSG00000028310,Ppp3r2,ortholog_one2one
ENSG00000185737,NRG3,ENSMUSG00000041014,Nrg3,ortholog_one2one
ENSG00000112183,RBM24,ENSMUSG00000038132,Rbm24,ortholog_one2one
ENSG00000164830,OXR1,ENSMUSG00000022307,Oxr1,ortholog_one2one
ENSG00000165091,TMC1,ENSMUSG00000024749,Tmc1,ortholog_one2one
ENSG00000163288,GABRB1,ENSMUSG00000029212,Gabrb1,ortholog_one2one
ENSG00000151025,GPR158,ENSMUSG00000045967,Gpr158,ortholog_one2one
ENSG00000137273,FOXF2,ENSMUSG00000038402,Foxf2,ortholog_one2one
ENSG00000124766,SOX4,ENSMUSG00000076431,Sox4,ortholog_one2one
ENSG00000170370,EMX2,ENSMUSG00000043969,Emx2,ortholog_one2one
ENSG00000137177,KIF13A,ENSMUSG00000021375,Kif13a,ortholog_one2one
ENSG00000196860,TOMM20L,ENSMUSG00000021078,Tomm20l,ortholog_one2one
ENSG00000170516,COX7B2,ENSMUSG00000049387,Cox7b2,ortholog_one2one
ENSG00000100578,KIAA0586,ENSMUSG00000034601,2700049A03Rik,ortholog_one2one
ENSG00000136895,GARNL3,ENSMUSG00000038860,Garnl3,ortholog_one2one
ENSG00000172766,NAA16,ENSMUSG00000022020,Naa16,ortholog_one2one
ENSG00000120055,C10orf95,ENSMUSG00000099655,2310034G01Rik,ortholog_one2one
ENSG00000058335,RASGRF1,ENSMUSG00000032356,Rasgrf1,ortholog_one2one
ENSG00000074211,PPP2R2C,ENSMUSG00000029120,Ppp2r2c,ortholog_one2one
ENSG00000214285,NPS,ENSMUSG00000073804,Nps,ortholog_one2one
ENSG00000185532,PRKG1,ENSMUSG00000052920,Prkg1,ortholog_one2one
ENSG00000145794,MEGF10,ENSMUSG00000024593,Megf10,ortholog_one2one
ENSG00000133119,RFC3,ENSMUSG00000033970,Rfc3,ortholog_one2one
ENSG00000187122,SLIT1,ENSMUSG00000025020,Slit1,ortholog_one2one
ENSG00000154734,ADAMTS1,ENSMUSG00000022893,Adamts1,ortholog_one2one
ENSG00000169836,TACR3,ENSMUSG00000028172,Tacr3,ortholog_one2one
ENSG00000185863,TMEM210,ENSMUSG00000026963,Tmem210,ortholog_one2one
ENSG00000153064,BANK1,ENSMUSG00000037922,Bank1,ortholog_one2one
ENSG00000187713,TMEM203,ENSMUSG00000078201,Tmem203,ortholog_one2one
ENSG00000198569,SLC34A3,ENSMUSG00000006469,Slc34a3,ortholog_one2one
ENSG00000180053,NKX2-6,ENSMUSG00000044186,Nkx2-6,ortholog_one2one
ENSG00000147650,LRP12,ENSMUSG00000022305,Lrp12,ortholog_one2one
ENSG00000179455,MKRN3,ENSMUSG00000070527,Mkrn3,ortholog_one2one
ENSG00000188163,CIMIP2A,ENSMUSG00000026969,Cimip2a,ortholog_one2one
ENSG00000005810,MYCBP2,ENSMUSG00000033004,Mycbp2,ortholog_one2one
ENSG00000171016,PYGO1,ENSMUSG00000034910,Pygo1,ortholog_one2one
ENSG00000205922,ONECUT3,ENSMUSG00000045518,Onecut3,ortholog_one2one
ENSG00000182759,MAFA,ENSMUSG00000047591,Mafa,ortholog_one2one
ENSG00000125910,S1PR4,ENSMUSG00000044199,S1pr4,ortholog_one2one
ENSG00000069966,GNB5,ENSMUSG00000032192,Gnb5,ortholog_one2one
ENSG00000105428,ZNRF4,ENSMUSG00000044526,Znrf4,ortholog_one2one
ENSG00000198435,NRARP,ENSMUSG00000078202,Nrarp,ortholog_one2one
ENSG00000060558,GNA15,ENSMUSG00000034792,Gna15,ortholog_one2one
ENSG00000148156,ACTL7B,ENSMUSG00000070980,Actl7b,ortholog_one2one
ENSG00000185437,SH3BGR,ENSMUSG00000040666,Sh3bgr,ortholog_one2one
ENSG00000188710,QRFP,ENSMUSG00000043102,Qrfp,ortholog_one2one
ENSG00000179886,TIGD5,ENSMUSG00000103906,Tigd5,ortholog_one2one
ENSG00000088256,GNA11,ENSMUSG00000034781,Gna11,ortholog_one2one
ENSG00000164400,CSF2,ENSMUSG00000018916,Csf2,ortholog_one2one
ENSG00000188483,IER5L,ENSMUSG00000089762,Ier5l,ortholog_one2one
ENSG00000164953,TMEM67,ENSMUSG00000049488,Tmem67,ortholog_one2one
ENSG00000120699,EXOSC8,ENSMUSG00000027752,Exosc8,ortholog_one2one
ENSG00000164318,EGFLAM,ENSMUSG00000042961,Egflam,ortholog_one2one
ENSG00000136867,SLC31A2,ENSMUSG00000066152,Slc31a2,ortholog_one2one
ENSG00000160994,TEKTL1,ENSMUSG00000078442,Tektl1,ortholog_one2one
ENSG00000178363,CALML3,ENSMUSG00000063130,Calml3,ortholog_one2one
ENSG00000169783,LINGO1,ENSMUSG00000049556,Lingo1,ortholog_one2one
ENSG00000095464,PDE6C,ENSMUSG00000024992,Pde6c,ortholog_one2one
ENSG00000205581,HMGN1,ENSMUSG00000040681,Hmgn1,ortholog_one2one
ENSG00000100146,SOX10,ENSMUSG00000033006,Sox10,ortholog_one2one
ENSG00000108231,LGI1,ENSMUSG00000067242,Lgi1,ortholog_one2one
ENSG00000157766,ACAN,ENSMUSG00000030607,Acan,ortholog_one2one
ENSG00000244752,CRYBB2,ENSMUSG00000042240,Crybb2,ortholog_one2one
ENSG00000198551,ZNF627,ENSMUSG00000074472,Zfp872,ortholog_one2one
ENSG00000236699,ARHGEF38,ENSMUSG00000040969,Arhgef38,ortholog_one2one
ENSG00000242259,C22orf39,ENSMUSG00000071632,2510002D24Rik,ortholog_one2one
ENSG00000105141,CASP14,ENSMUSG00000005355,Casp14,ortholog_one2one
ENSG00000124875,CXCL6,ENSMUSG00000029371,Cxcl5,ortholog_one2one
ENSG00000099901,RANBP1,ENSMUSG00000005732,Ranbp1,ortholog_one2one
ENSG00000165300,SLITRK5,ENSMUSG00000033214,Slitrk5,ortholog_one2one
ENSG00000174599,TRAM1L1,ENSMUSG00000044528,Tram1l1,ortholog_one2one
ENSG00000186051,TAL2,ENSMUSG00000028417,Tal2,ortholog_one2one
ENSG00000120686,UFM1,ENSMUSG00000027746,Ufm1,ortholog_one2one
ENSG00000070601,FRMPD1,ENSMUSG00000035615,Frmpd1,ortholog_one2one
ENSG00000187522,HSPA14,ENSMUSG00000109865,Hspa14,ortholog_one2one
ENSG00000172403,SYNPO2,ENSMUSG00000050315,Synpo2,ortholog_one2one
ENSG00000100228,RAB36,ENSMUSG00000020175,Rab36,ortholog_one2one
ENSG00000164304,CAGE1,ENSMUSG00000044566,Cage1,ortholog_one2one
ENSG00000102699,PARP4,ENSMUSG00000054509,Parp4,ortholog_one2one
ENSG00000113369,ARRDC3,ENSMUSG00000074794,Arrdc3,ortholog_one2one
ENSG00000215262,KCNU1,ENSMUSG00000031576,Kcnu1,ortholog_one2one
ENSG00000207563,MIR23B,ENSMUSG00000065599,Mir23b,ortholog_one2one
ENSG00000167103,PIP5KL1,ENSMUSG00000046854,Pip5kl1,ortholog_one2one
ENSG00000138653,NDST4,ENSMUSG00000027971,Ndst4,ortholog_one2one
ENSG00000167487,KLHL26,ENSMUSG00000055707,Klhl26,ortholog_one2one
ENSG00000145839,IL9,ENSMUSG00000021538,Il9,ortholog_one2one
ENSG00000100385,IL2RB,ENSMUSG00000068227,Il2rb,ortholog_one2one
ENSG00000182333,LIPF,ENSMUSG00000024768,Lipf,ortholog_one2one
ENSG00000184838,PRR16,ENSMUSG00000073565,Prr16,ortholog_one2one
ENSG00000132549,VPS13B,ENSMUSG00000037646,Vps13b,ortholog_one2one
ENSG00000145826,LECT2,ENSMUSG00000021539,Lect2,ortholog_one2one
ENSG00000151012,SLC7A11,ENSMUSG00000027737,Slc7a11,ortholog_one2one
ENSG00000181634,TNFSF15,ENSMUSG00000050395,Tnfsf15,ortholog_one2one
ENSG00000100592,DAAM1,ENSMUSG00000034574,Daam1,ortholog_one2one
ENSG00000100024,UPB1,ENSMUSG00000033427,Upb1,ortholog_one2one
ENSG00000147869,CER1,ENSMUSG00000038192,Cer1,ortholog_one2one
ENSG00000103723,AP3B2,ENSMUSG00000062444,Ap3b2,ortholog_one2one
ENSG00000173239,LIPM,ENSMUSG00000056078,Lipm,ortholog_one2one
ENSG00000054598,FOXC1,ENSMUSG00000050295,Foxc1,ortholog_one2one
ENSG00000204020,LIPN,ENSMUSG00000024770,Lipn,ortholog_one2one
ENSG00000187566,NHLRC1,ENSMUSG00000044231,Nhlrc1,ortholog_one2one
ENSG00000170950,PGK2,ENSMUSG00000031233,Pgk2,ortholog_one2one
ENSG00000145283,SLC10A6,ENSMUSG00000029321,Slc10a6,ortholog_one2one
ENSG00000165868,HSPA12A,ENSMUSG00000025092,Hspa12a,ortholog_one2one
ENSG00000170927,PKHD1,ENSMUSG00000043760,Pkhd1,ortholog_one2one
ENSG00000141959,PFKL,ENSMUSG00000020277,Pfkl,ortholog_one2one
ENSG00000165029,ABCA1,ENSMUSG00000015243,Abca1,ortholog_one2one
ENSG00000138639,ARHGAP24,ENSMUSG00000057315,Arhgap24,ortholog_one2one
ENSG00000164512,ANKRD55,ENSMUSG00000049985,Ankrd55,ortholog_one2one
ENSG00000133937,GSC,ENSMUSG00000021095,Gsc,ortholog_one2one
ENSG00000126249,PDCD2L,ENSMUSG00000002635,Pdcd2l,ortholog_one2one
ENSG00000165409,TSHR,ENSMUSG00000020963,Tshr,ortholog_one2one
ENSG00000164219,PGGT1B,ENSMUSG00000024477,Pggt1b,ortholog_one2one
ENSG00000166317,SYNPO2L,ENSMUSG00000039376,Synpo2l,ortholog_one2one
ENSG00000124449,IRGC,ENSMUSG00000062028,Irgc,ortholog_one2one
ENSG00000196968,FUT11,ENSMUSG00000039357,Fut11,ortholog_one2one
ENSG00000138650,PCDH10,ENSMUSG00000049100,Pcdh10,ortholog_one2one
ENSG00000172586,CHCHD1,ENSMUSG00000063787,Chchd1,ortholog_one2one
ENSG00000146006,LRRTM2,ENSMUSG00000071862,Lrrtm2,ortholog_one2one
ENSG00000126261,UBA2,ENSMUSG00000052997,Uba2,ortholog_one2one
ENSG00000186871,ERCC6L,ENSMUSG00000051220,Ercc6l,ortholog_one2one
ENSG00000186367,MINAR2,ENSMUSG00000050875,Minar2,ortholog_one2one
ENSG00000139514,SLC7A1,ENSMUSG00000041313,Slc7a1,ortholog_one2one
ENSG00000100012,SEC14L3,ENSMUSG00000054986,Sec14l3,ortholog_one2one
ENSG00000169302,STK32A,ENSMUSG00000039954,Stk32a,ortholog_one2one
ENSG00000170153,RNF150,ENSMUSG00000047747,Rnf150,ortholog_one2one
ENSG00000184486,POU3F2,ENSMUSG00000095139,Pou3f2,ortholog_one2one
ENSG00000156127,BATF,ENSMUSG00000034266,Batf,ortholog_one2one
ENSG00000151962,RBM46,ENSMUSG00000033882,Rbm46,ortholog_one2one
ENSG00000155858,LSM11,ENSMUSG00000044847,Lsm11,ortholog_one2one
ENSG00000182197,EXT1,ENSMUSG00000061731,Ext1,ortholog_one2one
ENSG00000156535,CD109,ENSMUSG00000046186,Cd109,ortholog_one2one
ENSG00000139988,RDH12,ENSMUSG00000021123,Rdh12,ortholog_one2one
ENSG00000214360,EFCAB9,ENSMUSG00000044056,Efcab9,ortholog_one2one
ENSG00000100351,GRAP2,ENSMUSG00000042351,Grap2,ortholog_one2one
ENSG00000188394,GPR21,ENSMUSG00000053164,Gpr21,ortholog_one2one
ENSG00000136327,NKX2-8,ENSMUSG00000058669,Nkx2-9,ortholog_one2one
ENSG00000174038,SPATA31G1,ENSMUSG00000028451,Spata31g1,ortholog_one2one
ENSG00000188334,BSPH1,ENSMUSG00000074378,Bsph1,ortholog_one2one
ENSG00000198807,PAX9,ENSMUSG00000001497,Pax9,ortholog_one2one
ENSG00000145451,GLRA3,ENSMUSG00000038257,Glra3,ortholog_one2one
ENSG00000105507,CABP5,ENSMUSG00000005649,Cabp5,ortholog_one2one
ENSG00000272398,CD24,ENSMUSG00000047139,Cd24a,ortholog_one2one
ENSG00000102572,STK24,ENSMUSG00000063410,Stk24,ortholog_one2one
ENSG00000188508,KRTDAP,ENSMUSG00000074199,Krtdap,ortholog_one2one
ENSG00000263639,MSMB,ENSMUSG00000021907,Msmb,ortholog_one2one
ENSG00000100554,ATP6V1D,ENSMUSG00000021114,Atp6v1d,ortholog_one2one
ENSG00000164756,SLC30A8,ENSMUSG00000022315,Slc30a8,ortholog_one2one
ENSG00000187189,TSPYL4,ENSMUSG00000039485,Tspyl4,ortholog_one2one
ENSG00000155876,RRAGA,ENSMUSG00000070934,Rraga,ortholog_one2one
ENSG00000182489,XKRX,ENSMUSG00000031258,Xkrx,ortholog_one2one
ENSG00000176635,HORMAD2,ENSMUSG00000020419,Hormad2,ortholog_one2one
ENSG00000182077,PTCHD3,ENSMUSG00000039198,Ptchd3,ortholog_one2one
ENSG00000172724,CCL19,ENSMUSG00000071005,Ccl19,ortholog_one2one
ENSG00000101958,GLRA2,ENSMUSG00000018589,Glra2,ortholog_one2one
ENSG00000008196,TFAP2B,ENSMUSG00000025927,Tfap2b,ortholog_one2one
ENSG00000166189,HPS6,ENSMUSG00000074811,Hps6,ortholog_one2one
ENSG00000170835,CEL,ENSMUSG00000026818,Cel,ortholog_one2one
ENSG00000198728,LDB1,ENSMUSG00000025223,Ldb1,ortholog_one2one
ENSG00000082293,COL19A1,ENSMUSG00000026141,Col19a1,ortholog_one2one
ENSG00000046653,GPM6B,ENSMUSG00000031342,Gpm6b,ortholog_one2one
ENSG00000168556,ING2,ENSMUSG00000063049,Ing2,ortholog_one2one
ENSG00000100344,PNPLA3,ENSMUSG00000041653,Pnpla3,ortholog_one2one
ENSG00000145779,TNFAIP8,ENSMUSG00000062210,Tnfaip8,ortholog_one2one
ENSG00000175164,ABO,ENSMUSG00000015787,Abo,ortholog_one2one
ENSG00000182552,RWDD4,ENSMUSG00000031568,Rwdd4a,ortholog_one2one
ENSG00000205883,DEFB135,ENSMUSG00000075571,Defb30,ortholog_one2one
ENSG00000164935,DCSTAMP,ENSMUSG00000022303,Dcstamp,ortholog_one2one
ENSG00000119915,ELOVL3,ENSMUSG00000038754,Elovl3,ortholog_one2one
ENSG00000183775,KCTD16,ENSMUSG00000051401,Kctd16,ortholog_one2one
ENSG00000131203,IDO1,ENSMUSG00000031551,Ido1,ortholog_one2one
ENSG00000099284,MACROH2A2,ENSMUSG00000020086,Macroh2a2,ortholog_one2one
ENSG00000128311,TST,ENSMUSG00000044986,Tst,ortholog_one2one
ENSG00000164123,SPMIP2,ENSMUSG00000091685,Spmip2,ortholog_one2one
ENSG00000118402,ELOVL4,ENSMUSG00000032262,Elovl4,ortholog_one2one
ENSG00000023516,AKAP11,ENSMUSG00000022016,Akap11,ortholog_one2one
ENSG00000038295,TLL1,ENSMUSG00000053626,Tll1,ortholog_one2one
ENSG00000100055,CYTH4,ENSMUSG00000018008,Cyth4,ortholog_one2one
ENSG00000111879,FAM184A,ENSMUSG00000019856,Fam184a,ortholog_one2one
ENSG00000092009,CMA1,ENSMUSG00000022225,Cma1,ortholog_one2one
ENSG00000148734,NPFFR1,ENSMUSG00000020090,Npffr1,ortholog_one2one
ENSG00000168263,KCNV2,ENSMUSG00000047298,Kcnv2,ortholog_one2one
ENSG00000021645,NRXN3,ENSMUSG00000066392,Nrxn3,ortholog_one2one
ENSG00000120616,EPC1,ENSMUSG00000024240,Epc1,ortholog_one2one
ENSG00000121741,ZMYM2,ENSMUSG00000021945,Zmym2,ortholog_one2one
ENSG00000175283,DOLK,ENSMUSG00000075419,Dolk,ortholog_one2one
ENSG00000184709,LRRC26,ENSMUSG00000026961,Lrrc26,ortholog_one2one
ENSG00000160469,BRSK1,ENSMUSG00000035390,Brsk1,ortholog_one2one
ENSG00000160360,GPSM1,ENSMUSG00000026930,Gpsm1,ortholog_one2one
ENSG00000205002,AARD,ENSMUSG00000068522,Aard,ortholog_one2one
ENSG00000254402,LRRC24,ENSMUSG00000033707,Lrrc24,ortholog_one2one
ENSG00000227051,C14orf132,ENSMUSG00000094910,D430019H16Rik,ortholog_one2one
ENSG00000213563,C8orf82,ENSMUSG00000116138,C030006K11Rik,ortholog_one2one
ENSG00000165821,SALL2,ENSMUSG00000049532,Sall2,ortholog_one2one
ENSG00000183117,CSMD1,ENSMUSG00000060924,Csmd1,ortholog_one2one
ENSG00000128340,RAC2,ENSMUSG00000033220,Rac2,ortholog_one2one
ENSG00000092200,RPGRIP1,ENSMUSG00000057132,Rpgrip1,ortholog_one2one
ENSG00000119950,MXI1,ENSMUSG00000025025,Mxi1,ortholog_one2one
ENSG00000185056,C5orf47,ENSMUSG00000020299,4930524B15Rik,ortholog_one2one
ENSG00000150628,SPATA4,ENSMUSG00000031518,Spata4,ortholog_one2one
ENSG00000137094,DNAJB5,ENSMUSG00000036052,Dnajb5,ortholog_one2one
ENSG00000183072,NKX2-5,ENSMUSG00000015579,Nkx2-5,ortholog_one2one
ENSG00000184108,TRIML1,ENSMUSG00000031651,Triml1,ortholog_one2one
ENSG00000104901,DKKL1,ENSMUSG00000030792,Dkkl1,ortholog_one2one
ENSG00000187658,C5orf52,ENSMUSG00000020434,4921536K21Rik,ortholog_one2one
ENSG00000198108,CHSY3,ENSMUSG00000058152,Chsy3,ortholog_one2one
ENSG00000167104,BPIFB6,ENSMUSG00000068009,Bpifb6,ortholog_one2one
ENSG00000198944,SOWAHA,ENSMUSG00000044352,Sowaha,ortholog_one2one
ENSG00000099953,MMP11,ENSMUSG00000000901,Mmp11,ortholog_one2one
ENSG00000107249,GLIS3,ENSMUSG00000052942,Glis3,ortholog_one2one
ENSG00000113742,CPEB4,ENSMUSG00000020300,Cpeb4,ortholog_one2one
ENSG00000125861,GFRA4,ENSMUSG00000027316,Gfra4,ortholog_one2one
ENSG00000187969,ZCCHC13,ENSMUSG00000031330,Zcchc13,ortholog_one2one
ENSG00000176401,EID2B,ENSMUSG00000070705,Eid2b,ortholog_one2one
ENSG00000176396,EID2,ENSMUSG00000046058,Eid2,ortholog_one2one
ENSG00000101974,ATP11C,ENSMUSG00000062949,Atp11c,ortholog_one2one
ENSG00000204851,PNMA8B,ENSMUSG00000070802,Pnma8b,ortholog_one2one
ENSG00000197380,DACT3,ENSMUSG00000078794,Dact3,ortholog_one2one
ENSG00000164120,HPGD,ENSMUSG00000031613,Hpgd,ortholog_one2one
ENSG00000187772,LIN28B,ENSMUSG00000063804,Lin28b,ortholog_one2one
ENSG00000130545,CRB3,ENSMUSG00000044279,Crb3,ortholog_one2one
ENSG00000164434,FABP7,ENSMUSG00000019874,Fabp7,ortholog_one2one
ENSG00000099995,SF3A1,ENSMUSG00000002129,Sf3a1,ortholog_one2one
ENSG00000137251,TINAG,ENSMUSG00000032357,Tinag,ortholog_one2one
ENSG00000125815,CST8,ENSMUSG00000027442,Cst8,ortholog_one2one
ENSG00000125657,TNFSF9,ENSMUSG00000035678,Tnfsf9,ortholog_one2one
ENSG00000130957,FBP2,ENSMUSG00000021456,Fbp2,ortholog_one2one
ENSG00000170604,IRF2BP1,ENSMUSG00000044030,Irf2bp1,ortholog_one2one
ENSG00000188425,NANOS2,ENSMUSG00000051965,Nanos2,ortholog_one2one
ENSG00000008438,PGLYRP1,ENSMUSG00000030413,Pglyrp1,ortholog_one2one
ENSG00000119616,FCF1,ENSMUSG00000021243,Fcf1,ortholog_one2one
ENSG00000112837,TBX18,ENSMUSG00000032419,Tbx18,ortholog_one2one
ENSG00000104941,RSPH6A,ENSMUSG00000040866,Rsph6a,ortholog_one2one
ENSG00000168143,FAM83B,ENSMUSG00000032358,Fam83b,ortholog_one2one
ENSG00000113520,IL4,ENSMUSG00000000869,Il4,ortholog_one2one
ENSG00000151005,TKTL2,ENSMUSG00000025519,Tktl2,ortholog_one2one
ENSG00000126775,ATG14,ENSMUSG00000037526,Atg14,ortholog_one2one
ENSG00000184983,NDUFA6,ENSMUSG00000022450,Ndufa6,ortholog_one2one
ENSG00000250479,CHCHD10,ENSMUSG00000049422,Chchd10,ortholog_one2one
ENSG00000185149,NPY2R,ENSMUSG00000028004,Npy2r,ortholog_one2one
ENSG00000273540,AGBL1,ENSMUSG00000025754,Agbl1,ortholog_one2one
ENSG00000274443,C8orf89,ENSMUSG00000067795,4930444P10Rik,ortholog_one2one
ENSG00000072121,ZFYVE26,ENSMUSG00000066440,Zfyve26,ortholog_one2one
ENSG00000100170,SLC5A1,ENSMUSG00000011034,Slc5a1,ortholog_one2one
ENSG00000064313,TAF2,ENSMUSG00000037343,Taf2,ortholog_one2one
ENSG00000127452,FBXL12,ENSMUSG00000066892,Fbxl12,ortholog_one2one
ENSG00000164325,TMEM174,ENSMUSG00000046082,Tmem174,ortholog_one2one
ENSG00000239112,SNORD123,ENSMUSG00000089317,Snord123,ortholog_one2one
ENSG00000136870,ZNF189,ENSMUSG00000039634,Zfp189,ortholog_one2one
ENSG00000221803,SNORD23,ENSMUSG00000080478,Snord23,ortholog_one2one
ENSG00000165338,HECTD2,ENSMUSG00000041180,Hectd2,ortholog_one2one
ENSG00000185838,GNB1L,ENSMUSG00000000884,Gnb1l,ortholog_one2one
ENSG00000171133,OR2K2,ENSMUSG00000043385,Or2k2,ortholog_one2one
ENSG00000198680,TUSC1,ENSMUSG00000054000,Tusc1,ortholog_one2one
ENSG00000124313,IQSEC2,ENSMUSG00000041115,Iqsec2,ortholog_one2one
ENSG00000178997,EXD1,ENSMUSG00000048647,Exd1,ortholog_one2one
ENSG00000128045,RASL11B,ENSMUSG00000049907,Rasl11b,ortholog_one2one
ENSG00000119138,KLF9,ENSMUSG00000033863,Klf9,ortholog_one2one
ENSG00000164113,ADAD1,ENSMUSG00000027719,Adad1,ortholog_one2one
ENSG00000198995,MIR340,ENSMUSG00000065417,Mir340,ortholog_one2one
ENSG00000196570,PFN3,ENSMUSG00000044444,Pfn3,ortholog_one2one
ENSG00000185028,LRRC14B,ENSMUSG00000021579,Lrrc14b,ortholog_one2one
ENSG00000171855,IFNB1,ENSMUSG00000048806,Ifnb1,ortholog_one2one
ENSG00000185115,NSMCE3,ENSMUSG00000100937,Nscme3l,ortholog_one2one
ENSG00000140279,DUOX2,ENSMUSG00000068452,Duox2,ortholog_one2one
ENSG00000066230,SLC9A3,ENSMUSG00000036123,Slc9a3,ortholog_one2one
ENSG00000100427,MLC1,ENSMUSG00000035805,Mlc1,ortholog_one2one
ENSG00000160396,HIPK4,ENSMUSG00000040424,Hipk4,ortholog_one2one
ENSG00000146378,TAAR2,ENSMUSG00000059763,Taar2,ortholog_one2one
ENSG00000112378,PERP,ENSMUSG00000019851,Perp,ortholog_one2one
ENSG00000156395,SORCS3,ENSMUSG00000063434,Sorcs3,ortholog_one2one
ENSG00000179751,SYCN,ENSMUSG00000084174,Sycn,ortholog_one2one
ENSG00000176979,TRIM60,ENSMUSG00000053490,Trim60,ortholog_one2one
ENSG00000187689,AMTN,ENSMUSG00000029282,Amtn,ortholog_one2one
ENSG00000138135,CH25H,ENSMUSG00000050370,Ch25h,ortholog_one2one
ENSG00000112038,OPRM1,ENSMUSG00000000766,Oprm1,ortholog_one2one
ENSG00000164972,SPMIP6,ENSMUSG00000028441,Spmip6,ortholog_one2one
ENSG00000169594,BNC1,ENSMUSG00000025105,Bnc1,ortholog_one2one
ENSG00000101871,MID1,ENSMUSG00000035299,Mid1,ortholog_one2one
ENSG00000203883,SOX18,ENSMUSG00000046470,Sox18,ortholog_one2one
ENSG00000150347,ARID5B,ENSMUSG00000019947,Arid5b,ortholog_one2one
ENSG00000169856,ONECUT1,ENSMUSG00000043013,Onecut1,ortholog_one2one
ENSG00000132464,ENAM,ENSMUSG00000029286,Enam,ortholog_one2one
ENSG00000188869,TMC3,ENSMUSG00000038540,Tmc3,ortholog_one2one
ENSG00000165124,SVEP1,ENSMUSG00000028369,Svep1,ortholog_one2one
ENSG00000168348,INSM2,ENSMUSG00000045440,Insm2,ortholog_one2one
ENSG00000180205,WFDC9,ENSMUSG00000074594,Wfdc9,ortholog_one2one
ENSG00000132467,UTP3,ENSMUSG00000070697,Utp3,ortholog_one2one
ENSG00000180305,WFDC10A,ENSMUSG00000070529,Wfdc10,ortholog_one2one
ENSG00000180083,WFDC11,ENSMUSG00000078940,Wfdc11,ortholog_one2one
ENSG00000200959,SNORA74A,ENSMUSG00000065649,Snora74a,ortholog_one2one
ENSG00000140009,ESR2,ENSMUSG00000021055,Esr2,ortholog_one2one
ENSG00000105085,MED26,ENSMUSG00000045248,Med26,ortholog_one2one
ENSG00000178394,HTR1A,ENSMUSG00000021721,Htr1a,ortholog_one2one
ENSG00000069018,TRPC7,ENSMUSG00000021541,Trpc7,ortholog_one2one
ENSG00000030304,MUSK,ENSMUSG00000057280,Musk,ortholog_one2one
ENSG00000182264,IZUMO1,ENSMUSG00000064158,Izumo1,ortholog_one2one
ENSG00000170917,NUDT6,ENSMUSG00000050174,Nudt6,ortholog_one2one
ENSG00000175606,TMEM70,ENSMUSG00000025940,Tmem70,ortholog_one2one
ENSG00000119922,IFIT2,ENSMUSG00000045932,Ifit2,ortholog_one2one
ENSG00000105550,FGF21,ENSMUSG00000030827,Fgf21,ortholog_one2one
ENSG00000104808,DHDH,ENSMUSG00000011382,Dhdh,ortholog_one2one
ENSG00000109471,IL2,ENSMUSG00000027720,Il2,ortholog_one2one
ENSG00000070748,CHAT,ENSMUSG00000021919,Chat,ortholog_one2one
ENSG00000178125,PPP1R42,ENSMUSG00000025916,Ppp1r42,ortholog_one2one
ENSG00000173542,MOB1B,ENSMUSG00000006262,Mob1b,ortholog_one2one
ENSG00000183476,SH2D7,ENSMUSG00000046460,Sh2d7,ortholog_one2one
ENSG00000120697,ALG5,ENSMUSG00000036632,Alg5,ortholog_one2one
ENSG00000184716,SERINC4,ENSMUSG00000046110,Serinc4,ortholog_one2one
ENSG00000137101,CD72,ENSMUSG00000028459,Cd72,ortholog_one2one
ENSG00000172733,PURG,ENSMUSG00000049184,Purg,ortholog_one2one
ENSG00000197818,SLC9A8,ENSMUSG00000039463,Slc9a8,ortholog_one2one
ENSG00000164107,HAND2,ENSMUSG00000038193,Hand2,ortholog_one2one
ENSG00000215218,UBE2QL1,ENSMUSG00000052981,Ube2ql1,ortholog_one2one
ENSG00000180061,TMEM150B,ENSMUSG00000046456,Tmem150b,ortholog_one2one
ENSG00000133466,C1QTNF6,ENSMUSG00000022440,C1qtnf6,ortholog_one2one
ENSG00000118579,MED28,ENSMUSG00000015804,Med28,ortholog_one2one
ENSG00000145863,GABRA6,ENSMUSG00000020428,Gabra6,ortholog_one2one
ENSG00000168612,ZSWIM1,ENSMUSG00000017764,Zswim1,ortholog_one2one
ENSG00000205186,FABP9,ENSMUSG00000027528,Fabp9,ortholog_one2one
ENSG00000236543,,ENSMUSG00000085484,Gm13539,ortholog_one2one
ENSG00000253598,SLC10A5,ENSMUSG00000058921,Slc10a5,ortholog_one2one
ENSG00000185386,MAPK11,ENSMUSG00000053137,Mapk11,ortholog_one2one
ENSG00000164695,CHMP4C,ENSMUSG00000027536,Chmp4c,ortholog_one2one
ENSG00000137766,UNC13C,ENSMUSG00000062151,Unc13c,ortholog_one2one
ENSG00000132664,POLR3F,ENSMUSG00000027427,Polr3f,ortholog_one2one
ENSG00000160471,COX6B2,ENSMUSG00000051811,Cox6b2,ortholog_one2one
ENSG00000106689,LHX2,ENSMUSG00000000247,Lhx2,ortholog_one2one
ENSG00000047315,POLR2B,ENSMUSG00000029250,Polr2b,ortholog_one2one
ENSG00000147536,GINS4,ENSMUSG00000031546,Gins4,ortholog_one2one
ENSG00000107099,DOCK8,ENSMUSG00000052085,Dock8,ortholog_one2one
ENSG00000180043,GARIN5B,ENSMUSG00000092518,Garin5b,ortholog_one2one
ENSG00000101457,DNTTIP1,ENSMUSG00000017299,Dnttip1,ortholog_one2one
ENSG00000139914,FITM1,ENSMUSG00000022215,Fitm1,ortholog_one2one
ENSG00000095752,IL11,ENSMUSG00000004371,Il11,ortholog_one2one
ENSG00000177971,IMP3,ENSMUSG00000032288,Imp3,ortholog_one2one
ENSG00000147533,GOLGA7,ENSMUSG00000015341,Golga7,ortholog_one2one
ENSG00000243056,EIF4EBP3,ENSMUSG00000090264,Eif4ebp3,ortholog_one2one
ENSG00000007350,TKTL1,ENSMUSG00000031397,Tktl1,ortholog_one2one
ENSG00000131495,NDUFA2,ENSMUSG00000014294,Ndufa2,ortholog_one2one
ENSG00000187714,SLC18A3,ENSMUSG00000100241,Slc18a3,ortholog_one2one
ENSG00000174446,SNAPC5,ENSMUSG00000032398,Snapc5,ortholog_one2one
ENSG00000188816,HMX2,ENSMUSG00000050100,Hmx2,ortholog_one2one
ENSG00000139687,RB1,ENSMUSG00000022105,Rb1,ortholog_one2one
ENSG00000256453,DND1,ENSMUSG00000044595,Dnd1,ortholog_one2one
ENSG00000174373,RALGAPA1,ENSMUSG00000021027,Ralgapa1,ortholog_one2one
ENSG00000065809,FAM107B,ENSMUSG00000026655,Fam107b,ortholog_one2one
ENSG00000204970,PCDHA1,ENSMUSG00000103442,Pcdha1,ortholog_one2one
ENSG00000179922,ZNF784,ENSMUSG00000043290,Zfp784,ortholog_one2one
ENSG00000112706,IMPG1,ENSMUSG00000032343,Impg1,ortholog_one2one
ENSG00000188467,SLC24A5,ENSMUSG00000035183,Slc24a5,ortholog_one2one
ENSG00000204969,PCDHA2,ENSMUSG00000104148,Pcdha2,ortholog_one2one
ENSG00000115266,APC2,ENSMUSG00000020135,Apc2,ortholog_one2one
ENSG00000255408,PCDHA3,ENSMUSG00000102312,Pcdha3,ortholog_one2one
ENSG00000204131,NHSL2,ENSMUSG00000079481,Nhsl2,ortholog_one2one
ENSG00000204965,PCDHA5,ENSMUSG00000103092,Pcdha5,ortholog_one2one
ENSG00000186212,SOWAHB,ENSMUSG00000045314,Sowahb,ortholog_one2one
ENSG00000169306,IL1RAPL1,ENSMUSG00000052372,Il1rapl1,ortholog_one2one
ENSG00000074803,SLC12A1,ENSMUSG00000027202,Slc12a1,ortholog_one2one
ENSG00000125534,PPDPF,ENSMUSG00000016344,Ppdpf,ortholog_one2one
ENSG00000196159,FAT4,ENSMUSG00000046743,Fat4,ortholog_one2one
ENSG00000147206,NXF3,ENSMUSG00000057000,Nxf3,ortholog_one2one
ENSG00000112029,FBXO5,ENSMUSG00000019773,Fbxo5,ortholog_one2one
ENSG00000139679,LPAR6,ENSMUSG00000033446,Lpar6,ortholog_one2one
ENSG00000124256,ZBP1,ENSMUSG00000027514,Zbp1,ortholog_one2one
ENSG00000154719,MRPL39,ENSMUSG00000022889,Mrpl39,ortholog_one2one
ENSG00000250120,PCDHA10,ENSMUSG00000103770,Pcdha9,ortholog_one2one
ENSG00000099937,SERPIND1,ENSMUSG00000022766,Serpind1,ortholog_one2one
ENSG00000203727,SAMD5,ENSMUSG00000060487,Samd5,ortholog_one2one
ENSG00000171408,PDE7B,ENSMUSG00000019990,Pde7b,ortholog_one2one
ENSG00000130540,SULT4A1,ENSMUSG00000018865,Sult4a1,ortholog_one2one
ENSG00000249158,PCDHA11,ENSMUSG00000102206,Pcdha11,ortholog_one2one
ENSG00000189108,IL1RAPL2,ENSMUSG00000059203,Il1rapl2,ortholog_one2one
ENSG00000171222,SCAND1,ENSMUSG00000046229,Scand1,ortholog_one2one
ENSG00000138684,IL21,ENSMUSG00000027718,Il21,ortholog_one2one
ENSG00000154059,IMPACT,ENSMUSG00000024423,Impact,ortholog_one2one
ENSG00000080573,COL5A3,ENSMUSG00000004098,Col5a3,ortholog_one2one
ENSG00000102096,PIM2,ENSMUSG00000031155,Pim2,ortholog_one2one
ENSG00000130338,TULP4,ENSMUSG00000034377,Tulp4,ortholog_one2one
ENSG00000078898,BPIFB2,ENSMUSG00000027481,Bpifb2,ortholog_one2one
ENSG00000181004,BBS12,ENSMUSG00000051444,Bbs12,ortholog_one2one
ENSG00000102393,GLA,ENSMUSG00000031266,Gla,ortholog_one2one
ENSG00000185818,NAT8L,ENSMUSG00000048142,Nat8l,ortholog_one2one
ENSG00000239389,PCDHA13,ENSMUSG00000103310,Pcdha12,ortholog_one2one
ENSG00000255072,PIGY,ENSMUSG00000010607,Pigyl,ortholog_one2one
ENSG00000137449,CPEB2,ENSMUSG00000039782,Cpeb2,ortholog_one2one
ENSG00000101222,SPEF1,ENSMUSG00000027329,Spef1,ortholog_one2one
ENSG00000146416,AIG1,ENSMUSG00000019806,Aig1,ortholog_one2one
ENSG00000243232,PCDHAC2,ENSMUSG00000102697,Pcdhac2,ortholog_one2one
ENSG00000081913,PHLPP1,ENSMUSG00000044340,Phlpp1,ortholog_one2one
ENSG00000080511,RDH8,ENSMUSG00000053773,Rdh8,ortholog_one2one
ENSG00000147144,CCDC120,ENSMUSG00000031150,Ccdc120,ortholog_one2one
ENSG00000205929,EPCIP,ENSMUSG00000039851,Epcip,ortholog_one2one
ENSG00000171815,PCDHB1,ENSMUSG00000051663,Pcdhb1,ortholog_one2one
ENSG00000177076,ACER2,ENSMUSG00000038007,Acer2,ortholog_one2one
ENSG00000164438,TLX3,ENSMUSG00000040610,Tlx3,ortholog_one2one
ENSG00000142207,URB1,ENSMUSG00000039929,Urb1,ortholog_one2one
ENSG00000168269,FOXI1,ENSMUSG00000047861,Foxi1,ortholog_one2one
ENSG00000177468,OLIG3,ENSMUSG00000045591,Olig3,ortholog_one2one
ENSG00000120215,MLANA,ENSMUSG00000024806,Mlana,ortholog_one2one
ENSG00000164488,DACT2,ENSMUSG00000048826,Dact2,ortholog_one2one
ENSG00000185129,PURA,ENSMUSG00000043991,Pura,ortholog_one2one
ENSG00000124205,EDN3,ENSMUSG00000027524,Edn3,ortholog_one2one
ENSG00000156384,SFR1,ENSMUSG00000025066,Sfr1,ortholog_one2one
ENSG00000196376,SLC35F1,ENSMUSG00000038602,Slc35f1,ortholog_one2one
ENSG00000060069,CTDP1,ENSMUSG00000033323,Ctdp1,ortholog_one2one
ENSG00000176055,MBLAC2,ENSMUSG00000051098,Mblac2,ortholog_one2one
ENSG00000267534,S1PR2,ENSMUSG00000043895,S1pr2,ortholog_one2one
ENSG00000107831,FGF8,ENSMUSG00000025219,Fgf8,ortholog_one2one
ENSG00000168944,CEP120,ENSMUSG00000048799,Cep120,ortholog_one2one
ENSG00000102468,HTR2A,ENSMUSG00000034997,Htr2a,ortholog_one2one
ENSG00000119508,NR4A3,ENSMUSG00000028341,Nr4a3,ortholog_one2one
ENSG00000171649,ZIK1,ENSMUSG00000030393,Zik1,ortholog_one2one
ENSG00000205755,CRLF2,ENSMUSG00000033467,Crlf2,ortholog_one2one
ENSG00000019186,CYP24A1,ENSMUSG00000038567,Cyp24a1,ortholog_one2one
ENSG00000135355,GJA10,ENSMUSG00000051056,Gja10,ortholog_one2one
ENSG00000106852,LHX6,ENSMUSG00000026890,Lhx6,ortholog_one2one
ENSG00000119913,TECTB,ENSMUSG00000024979,Tectb,ortholog_one2one
ENSG00000118412,CASP8AP2,ENSMUSG00000028282,Casp8ap2,ortholog_one2one
ENSG00000189184,PCDH18,ENSMUSG00000037892,Pcdh18,ortholog_one2one
ENSG00000156574,NODAL,ENSMUSG00000037171,Nodal,ortholog_one2one
ENSG00000154721,JAM2,ENSMUSG00000053062,Jam2,ortholog_one2one
ENSG00000028839,TBPL1,ENSMUSG00000071359,Tbpl1,ortholog_one2one
ENSG00000183230,CTNNA3,ENSMUSG00000060843,Ctnna3,ortholog_one2one
ENSG00000100100,PIK3IP1,ENSMUSG00000034614,Pik3ip1,ortholog_one2one
ENSG00000082516,GEMIN5,ENSMUSG00000037275,Gemin5,ortholog_one2one
ENSG00000124209,RAB22A,ENSMUSG00000027519,Rab22a,ortholog_one2one
ENSG00000128731,HERC2,ENSMUSG00000030451,Herc2,ortholog_one2one
ENSG00000137270,GCM1,ENSMUSG00000023333,Gcm1,ortholog_one2one
ENSG00000141655,TNFRSF11A,ENSMUSG00000026321,Tnfrsf11a,ortholog_one2one
ENSG00000120440,TTLL2,ENSMUSG00000079722,Ttll2,ortholog_one2one
ENSG00000173085,COQ2,ENSMUSG00000029319,Coq2,ortholog_one2one
ENSG00000167077,MEI1,ENSMUSG00000068117,Mei1,ortholog_one2one
ENSG00000120658,ENOX1,ENSMUSG00000022012,Enox1,ortholog_one2one
ENSG00000160193,WDR4,ENSMUSG00000024037,Wdr4,ortholog_one2one
ENSG00000189241,TSPYL1,ENSMUSG00000047514,Tspyl1,ortholog_one2one
ENSG00000198972,MIRLET7E,ENSMUSG00000105758,Mirlet7e,ortholog_one2one
ENSG00000104967,NOVA2,ENSMUSG00000030411,Nova2,ortholog_one2one
ENSG00000077984,CST7,ENSMUSG00000068129,Cst7,ortholog_one2one
ENSG00000109511,ANXA10,ENSMUSG00000031635,Anxa10,ortholog_one2one
ENSG00000101096,NFATC2,ENSMUSG00000027544,Nfatc2,ortholog_one2one
ENSG00000096996,IL12RB1,ENSMUSG00000000791,Il12rb1,ortholog_one2one
ENSG00000196670,ZFP62,ENSMUSG00000046311,Zfp62,ortholog_one2one
ENSG00000112425,EPM2A,ENSMUSG00000055493,Epm2a,ortholog_one2one
ENSG00000148848,ADAM12,ENSMUSG00000054555,Adam12,ortholog_one2one
ENSG00000169057,MECP2,ENSMUSG00000031393,Mecp2,ortholog_one2one
ENSG00000112983,BRD8,ENSMUSG00000003778,Brd8,ortholog_one2one
ENSG00000100399,CHADL,ENSMUSG00000063765,Chadl,ortholog_one2one
ENSG00000163394,CCKAR,ENSMUSG00000029193,Cckar,ortholog_one2one
ENSG00000175854,SWI5,ENSMUSG00000044627,Swi5,ortholog_one2one
ENSG00000184076,UQCR10,ENSMUSG00000059534,Uqcr10,ortholog_one2one
ENSG00000091164,TXNL1,ENSMUSG00000024583,Txnl1,ortholog_one2one
ENSG00000099942,CRKL,ENSMUSG00000006134,Crkl,ortholog_one2one
ENSG00000100097,LGALS1,ENSMUSG00000068220,Lgals1,ortholog_one2one
ENSG00000273820,USP27X,ENSMUSG00000046269,Usp27x,ortholog_one2one
ENSG00000111837,MAK,ENSMUSG00000021363,Mak,ortholog_one2one
ENSG00000169105,CHST14,ENSMUSG00000074916,Chst14,ortholog_one2one
ENSG00000180245,RRH,ENSMUSG00000028012,Rrh,ortholog_one2one
ENSG00000130522,JUND,ENSMUSG00000071076,Jund,ortholog_one2one
ENSG00000197535,MYO5A,ENSMUSG00000034593,Myo5a,ortholog_one2one
ENSG00000175489,LRRC25,ENSMUSG00000049988,Lrrc25,ortholog_one2one
ENSG00000184995,IFNE,ENSMUSG00000045364,Ifne,ortholog_one2one
ENSG00000186732,MPPED1,ENSMUSG00000041708,Mpped1,ortholog_one2one
ENSG00000130385,BMP15,ENSMUSG00000023279,Bmp15,ortholog_one2one
ENSG00000138813,C4orf17,ENSMUSG00000012042,4930579F01Rik,ortholog_one2one
ENSG00000205683,DPF3,ENSMUSG00000021221,Dpf3,ortholog_one2one
ENSG00000159958,TNFRSF13C,ENSMUSG00000068105,Tnfrsf13c,ortholog_one2one
ENSG00000100253,MIOX,ENSMUSG00000022613,Miox,ortholog_one2one
ENSG00000138823,MTTP,ENSMUSG00000028158,Mttp,ortholog_one2one
ENSG00000237136,C4orf51,ENSMUSG00000031682,1700011L22Rik,ortholog_one2one
ENSG00000101680,LAMA1,ENSMUSG00000032796,Lama1,ortholog_one2one
ENSG00000147889,CDKN2A,ENSMUSG00000044303,Cdkn2a,ortholog_one2one
ENSG00000204021,LIPK,ENSMUSG00000024771,Lipk,ortholog_one2one
ENSG00000124827,GCM2,ENSMUSG00000021362,Gcm2,ortholog_one2one
ENSG00000101280,ANGPT4,ENSMUSG00000027460,Angpt4,ortholog_one2one
ENSG00000198879,SFMBT2,ENSMUSG00000061186,Sfmbt2,ortholog_one2one
ENSG00000221821,PEX39,ENSMUSG00000062619,Pex39,ortholog_one2one
ENSG00000165553,NGB,ENSMUSG00000021032,Ngb,ortholog_one2one
ENSG00000171611,PTCRA,ENSMUSG00000036858,Ptcra,ortholog_one2one
ENSG00000104055,TGM5,ENSMUSG00000053675,Tgm5,ortholog_one2one
ENSG00000124733,MEA1,ENSMUSG00000002768,Mea1,ortholog_one2one
ENSG00000182585,EPGN,ENSMUSG00000035020,Epgn,ortholog_one2one
ENSG00000215187,CIMIP2B,ENSMUSG00000042788,Cimip2b,ortholog_one2one
ENSG00000196433,ASMT,ENSMUSG00000093806,Asmt,ortholog_one2one
ENSG00000206190,ATP10A,ENSMUSG00000025324,Atp10a,ortholog_one2one
ENSG00000100065,CARD10,ENSMUSG00000033170,Card10,ortholog_one2one
ENSG00000183255,PTTG1IP,ENSMUSG00000009291,Pttg1ip,ortholog_one2one
ENSG00000161265,U2AF1L4,ENSMUSG00000078765,U2af1l4,ortholog_one2one
ENSG00000203909,DPPA5,ENSMUSG00000060461,Dppa5a,ortholog_one2one
ENSG00000112599,GUCA1B,ENSMUSG00000023979,Guca1b,ortholog_one2one
ENSG00000120217,CD274,ENSMUSG00000016496,Cd274,ortholog_one2one
ENSG00000138755,CXCL9,ENSMUSG00000029417,Cxcl9,ortholog_one2one
ENSG00000169245,CXCL10,ENSMUSG00000034855,Cxcl10,ortholog_one2one
ENSG00000205758,CRYZL1,ENSMUSG00000058240,Cryzl1,ortholog_one2one
ENSG00000147896,IFNK,ENSMUSG00000042993,Ifnk,ortholog_one2one
ENSG00000166220,TBATA,ENSMUSG00000020096,Tbata,ortholog_one2one
ENSG00000150401,DCUN1D2,ENSMUSG00000038506,Dcun1d2,ortholog_one2one
ENSG00000133250,ZNF414,ENSMUSG00000073423,Zfp414,ortholog_one2one
ENSG00000174482,LINGO2,ENSMUSG00000045083,Lingo2,ortholog_one2one
ENSG00000107807,TLX1,ENSMUSG00000025215,Tlx1,ortholog_one2one
ENSG00000118804,STBD1,ENSMUSG00000047963,Stbd1,ortholog_one2one
ENSG00000148082,SHC3,ENSMUSG00000021448,Shc3,ortholog_one2one
ENSG00000105467,SYNGR4,ENSMUSG00000040231,Syngr4,ortholog_one2one
ENSG00000204542,C6orf15,ENSMUSG00000039269,2300002M23Rik,ortholog_one2one
ENSG00000102683,SGCG,ENSMUSG00000035296,Sgcg,ortholog_one2one
ENSG00000180801,ARSJ,ENSMUSG00000046561,Arsj,ortholog_one2one
ENSG00000078579,FGF20,ENSMUSG00000031603,Fgf20,ortholog_one2one
ENSG00000182324,KCNJ14,ENSMUSG00000058743,Kcnj14,ortholog_one2one
ENSG00000122375,OPN4,ENSMUSG00000021799,Opn4,ortholog_one2one
ENSG00000152592,DMP1,ENSMUSG00000029307,Dmp1,ortholog_one2one
ENSG00000204539,CDSN,ENSMUSG00000039518,Cdsn,ortholog_one2one
ENSG00000204538,PSORS1C2,ENSMUSG00000024409,Psors1c2,ortholog_one2one
ENSG00000088002,SULT2B1,ENSMUSG00000003271,Sult2b1,ortholog_one2one
ENSG00000214954,LRRC69,ENSMUSG00000023151,Lrrc69,ortholog_one2one
ENSG00000176381,PRR18,ENSMUSG00000055945,Prr18,ortholog_one2one
ENSG00000196344,ADH7,ENSMUSG00000055301,Adh7,ortholog_one2one
ENSG00000075073,TACR2,ENSMUSG00000020081,Tacr2,ortholog_one2one
ENSG00000112144,CILK1,ENSMUSG00000009828,Cilk1,ortholog_one2one
ENSG00000107282,APBA1,ENSMUSG00000024897,Apba1,ortholog_one2one
ENSG00000177202,SPACA4,ENSMUSG00000070563,Spaca4,ortholog_one2one
ENSG00000105516,DBP,ENSMUSG00000059824,Dbp,ortholog_one2one
ENSG00000221869,CEBPD,ENSMUSG00000071637,Cebpd,ortholog_one2one
ENSG00000183049,CAMK1D,ENSMUSG00000039145,Camk1d,ortholog_one2one
ENSG00000119608,PROX2,ENSMUSG00000042320,Prox2,ortholog_one2one
ENSG00000183779,ZNF703,ENSMUSG00000085795,Zfp703,ortholog_one2one
ENSG00000169154,GOT1L1,ENSMUSG00000039720,Got1l1,ortholog_one2one
ENSG00000161609,KASH5,ENSMUSG00000038292,Kash5,ortholog_one2one
ENSG00000100156,SLC16A8,ENSMUSG00000032988,Slc16a8,ortholog_one2one
ENSG00000126803,HSPA2,ENSMUSG00000059970,Hspa2,ortholog_one2one
ENSG00000136827,TOR1A,ENSMUSG00000026849,Tor1a,ortholog_one2one
ENSG00000136352,NKX2-1,ENSMUSG00000001496,Nkx2-1,ortholog_one2one
ENSG00000171988,JMJD1C,ENSMUSG00000037876,Jmjd1c,ortholog_one2one
ENSG00000188778,ADRB3,ENSMUSG00000031489,Adrb3,ortholog_one2one
ENSG00000198796,ALPK2,ENSMUSG00000032845,Alpk2,ortholog_one2one
ENSG00000197386,HTT,ENSMUSG00000029104,Htt,ortholog_one2one
ENSG00000248383,PCDHAC1,ENSMUSG00000103255,Pcdhac1,ortholog_one2one
ENSG00000273899,NOL12,ENSMUSG00000033099,Nol12,ortholog_one2one
ENSG00000132970,WASF3,ENSMUSG00000029636,Wasf3,ortholog_one2one
ENSG00000158079,PTPDC1,ENSMUSG00000038042,Ptpdc1,ortholog_one2one
ENSG00000120903,CHRNA2,ENSMUSG00000022041,Chrna2,ortholog_one2one
ENSG00000251493,FOXD1,ENSMUSG00000078302,Foxd1,ortholog_one2one
ENSG00000203618,GP1BB,ENSMUSG00000050761,Gp1bb,ortholog_one2one
ENSG00000145888,GLRA1,ENSMUSG00000000263,Glra1,ortholog_one2one
ENSG00000124610,H1-1,ENSMUSG00000049539,H1f1,ortholog_one2one
ENSG00000099960,SLC7A4,ENSMUSG00000022756,Slc7a4,ortholog_one2one
ENSG00000187475,H1-6,ENSMUSG00000036211,H1f6,ortholog_one2one
ENSG00000200259,SNORD35A,ENSMUSG00000065818,Snord35a,ortholog_one2one
ENSG00000168298,H1-4,ENSMUSG00000051627,H1f4,ortholog_one2one
ENSG00000200530,SNORD35B,ENSMUSG00000064767,Snord35b,ortholog_one2one
ENSG00000138606,SHF,ENSMUSG00000033256,Shf,ortholog_one2one
ENSG00000101751,POLI,ENSMUSG00000038425,Poli,ortholog_one2one
ENSG00000126467,TSKS,ENSMUSG00000059891,Tsks,ortholog_one2one
ENSG00000199165,MIRLET7A1,ENSMUSG00000065421,Mirlet7a-1,ortholog_one2one
ENSG00000199133,MIRLET7D,ENSMUSG00000065453,Mirlet7d,ortholog_one2one
ENSG00000128310,GALR3,ENSMUSG00000114755,Galr3,ortholog_one2one
ENSG00000136848,DAB2IP,ENSMUSG00000026883,Dab2ip,ortholog_one2one
ENSG00000177692,DNAJC28,ENSMUSG00000039763,Dnajc28,ortholog_one2one
ENSG00000197077,KIAA1671,ENSMUSG00000051339,2900026A02Rik,ortholog_one2one
ENSG00000167619,TMEM145,ENSMUSG00000043843,Tmem145,ortholog_one2one
ENSG00000182362,YBEY,ENSMUSG00000033126,Ybey,ortholog_one2one
ENSG00000171320,ESCO2,ENSMUSG00000022034,Esco2,ortholog_one2one
ENSG00000071246,VASH1,ENSMUSG00000021256,Vash1,ortholog_one2one
ENSG00000138347,MYPN,ENSMUSG00000020067,Mypn,ortholog_one2one
ENSG00000164175,SLC45A2,ENSMUSG00000022243,Slc45a2,ortholog_one2one
ENSG00000227507,LTB,ENSMUSG00000024399,Ltb,ortholog_one2one
ENSG00000278570,NR2E3,ENSMUSG00000032292,Nr2e3,ortholog_one2one
ENSG00000204444,APOM,ENSMUSG00000024391,Apom,ortholog_one2one
ENSG00000169252,ADRB2,ENSMUSG00000045730,Adrb2,ortholog_one2one
ENSG00000188385,JAKMIP3,ENSMUSG00000056856,Jakmip3,ortholog_one2one
ENSG00000204439,C6orf47,ENSMUSG00000043311,D17H6S53E,ortholog_one2one
ENSG00000180776,ZDHHC20,ENSMUSG00000021969,Zdhhc20,ortholog_one2one
ENSG00000136869,TLR4,ENSMUSG00000039005,Tlr4,ortholog_one2one
ENSG00000204424,LY6G6F,ENSMUSG00000034923,Ly6g6f,ortholog_one2one
ENSG00000069206,ADAM7,ENSMUSG00000022056,Adam7,ortholog_one2one
ENSG00000172548,NIPAL4,ENSMUSG00000020411,Nipal4,ortholog_one2one
ENSG00000184304,PRKD1,ENSMUSG00000002688,Prkd1,ortholog_one2one
ENSG00000102595,UGGT2,ENSMUSG00000042104,Uggt2,ortholog_one2one
ENSG00000204421,LY6G6C,ENSMUSG00000092586,Ly6g6c,ortholog_one2one
ENSG00000129911,KLF16,ENSMUSG00000035397,Klf16,ortholog_one2one
ENSG00000050767,COL23A1,ENSMUSG00000063564,Col23a1,ortholog_one2one
ENSG00000204410,MSH5,ENSMUSG00000007035,Msh5,ortholog_one2one
ENSG00000196628,TCF4,ENSMUSG00000053477,Tcf4,ortholog_one2one
ENSG00000105429,MEGF8,ENSMUSG00000045039,Megf8,ortholog_one2one
ENSG00000211448,DIO2,ENSMUSG00000007682,Dio2,ortholog_one2one
ENSG00000156304,SCAF4,ENSMUSG00000022983,Scaf4,ortholog_one2one
ENSG00000087303,NID2,ENSMUSG00000021806,Nid2,ortholog_one2one
ENSG00000179041,RRS1,ENSMUSG00000061024,Rrs1,ortholog_one2one
ENSG00000185963,BICD2,ENSMUSG00000037933,Bicd2,ortholog_one2one
ENSG00000159556,ISL2,ENSMUSG00000032318,Isl2,ortholog_one2one
ENSG00000183876,ARSI,ENSMUSG00000036412,Arsi,ortholog_one2one
ENSG00000120738,EGR1,ENSMUSG00000038418,Egr1,ortholog_one2one
ENSG00000100362,PVALB,ENSMUSG00000005716,Pvalb,ortholog_one2one
ENSG00000156234,CXCL13,ENSMUSG00000023078,Cxcl13,ortholog_one2one
ENSG00000187720,THSD4,ENSMUSG00000032289,Thsd4,ortholog_one2one
ENSG00000165023,DIRAS2,ENSMUSG00000047842,Diras2,ortholog_one2one
ENSG00000184349,EFNA5,ENSMUSG00000048915,Efna5,ortholog_one2one
ENSG00000095383,TBC1D2,ENSMUSG00000039813,Tbc1d2,ortholog_one2one
ENSG00000138688,BLTP1,ENSMUSG00000037270,Bltp1,ortholog_one2one
ENSG00000136367,ZFHX2,ENSMUSG00000040721,Zfhx2,ortholog_one2one
ENSG00000219438,TAFA5,ENSMUSG00000054863,Tafa5,ortholog_one2one
ENSG00000164684,ZNF704,ENSMUSG00000040209,Zfp704,ortholog_one2one
ENSG00000240849,PEDS1,ENSMUSG00000090213,Peds1,ortholog_one2one
ENSG00000015133,CCDC88C,ENSMUSG00000021182,Ccdc88c,ortholog_one2one
ENSG00000100209,HSCB,ENSMUSG00000043510,Hscb,ortholog_one2one
ENSG00000166823,MESP1,ENSMUSG00000030544,Mesp1,ortholog_one2one
ENSG00000187866,PABIR1,ENSMUSG00000074922,Pabir1,ortholog_one2one
ENSG00000155096,AZIN1,ENSMUSG00000037458,Azin1,ortholog_one2one
ENSG00000188501,LCTL,ENSMUSG00000032401,Lctl,ortholog_one2one
ENSG00000113739,STC2,ENSMUSG00000020303,Stc2,ortholog_one2one
ENSG00000198739,LRRTM3,ENSMUSG00000042846,Lrrtm3,ortholog_one2one
ENSG00000105427,CNFN,ENSMUSG00000063651,Cnfn,ortholog_one2one
ENSG00000130037,KCNA5,ENSMUSG00000045534,Kcna5,ortholog_one2one
ENSG00000165632,TAF3,ENSMUSG00000025782,Taf3,ortholog_one2one
ENSG00000166523,CLEC4E,ENSMUSG00000030142,Clec4e,ortholog_one2one
ENSG00000243641,OR13C7,ENSMUSG00000111611,Or13c7c,ortholog_one2one
ENSG00000182613,OR2V2,ENSMUSG00000047511,Or2v2,ortholog_one2one
ENSG00000174788,PCP2,ENSMUSG00000004630,Pcp2,ortholog_one2one
ENSG00000150594,ADRA2A,ENSMUSG00000033717,Adra2a,ortholog_one2one
ENSG00000120210,INSL6,ENSMUSG00000050957,Insl6,ortholog_one2one
ENSG00000172795,DCP2,ENSMUSG00000024472,Dcp2,ortholog_one2one
ENSG00000122877,EGR2,ENSMUSG00000037868,Egr2,ortholog_one2one
ENSG00000104918,RETN,ENSMUSG00000012705,Retn,ortholog_one2one
ENSG00000128283,CDC42EP1,ENSMUSG00000049521,Cdc42ep1,ortholog_one2one
ENSG00000139880,CDH24,ENSMUSG00000059674,Cdh24,ortholog_one2one
ENSG00000138835,RGS3,ENSMUSG00000059810,Rgs3,ortholog_one2one
ENSG00000101413,RPRD1B,ENSMUSG00000027651,Rprd1b,ortholog_one2one
ENSG00000104921,FCER2,ENSMUSG00000005540,Fcer2a,ortholog_one2one
ENSG00000177989,CIMAP1B,ENSMUSG00000047394,Cimap1b,ortholog_one2one
ENSG00000159337,PLA2G4D,ENSMUSG00000070719,Pla2g4d,ortholog_one2one
ENSG00000092068,SLC7A8,ENSMUSG00000022180,Slc7a8,ortholog_one2one
ENSG00000087510,TFAP2C,ENSMUSG00000028640,Tfap2c,ortholog_one2one
ENSG00000100410,PHF5A,ENSMUSG00000061360,Phf5a,ortholog_one2one
ENSG00000185372,OR2V1,ENSMUSG00000040328,Or2v1,ortholog_one2one
ENSG00000188089,PLA2G4E,ENSMUSG00000050211,Pla2g4e,ortholog_one2one
ENSG00000132792,CTNNBL1,ENSMUSG00000027649,Ctnnbl1,ortholog_one2one
ENSG00000103642,LACTB,ENSMUSG00000032370,Lactb,ortholog_one2one
ENSG00000178531,CTXN1,ENSMUSG00000048644,Ctxn1,ortholog_one2one
ENSG00000183496,MEX3B,ENSMUSG00000057706,Mex3b,ortholog_one2one
ENSG00000128965,CHAC1,ENSMUSG00000027313,Chac1,ortholog_one2one
ENSG00000164326,CARTPT,ENSMUSG00000021647,Cartpt,ortholog_one2one
ENSG00000125246,CLYBL,ENSMUSG00000025545,Clybl,ortholog_one2one
ENSG00000140391,TSPAN3,ENSMUSG00000032324,Tspan3,ortholog_one2one
ENSG00000188991,SLC15A5,ENSMUSG00000044378,Slc15a5,ortholog_one2one
ENSG00000176153,GPX2,ENSMUSG00000042808,Gpx2,ortholog_one2one
ENSG00000205846,CLEC6A,ENSMUSG00000023349,Clec4n,ortholog_one2one
ENSG00000181619,GPR135,ENSMUSG00000043398,Gpr135,ortholog_one2one
ENSG00000156050,FAM161B,ENSMUSG00000021234,Fam161b,ortholog_one2one
ENSG00000112619,PRPH2,ENSMUSG00000023978,Prph2,ortholog_one2one
ENSG00000124659,TBCC,ENSMUSG00000036430,Tbcc,ortholog_one2one
ENSG00000182747,SLC35D3,ENSMUSG00000050473,Slc35d3,ortholog_one2one
ENSG00000188373,GPR15LG,ENSMUSG00000096001,Gpr15lg,ortholog_one2one
ENSG00000110975,SYT10,ENSMUSG00000063260,Syt10,ortholog_one2one
ENSG00000204033,LRIT2,ENSMUSG00000043418,Lrit2,ortholog_one2one
ENSG00000119614,VSX2,ENSMUSG00000021239,Vsx2,ortholog_one2one
ENSG00000137225,CAPN11,ENSMUSG00000058626,Capn11,ortholog_one2one
ENSG00000148604,RGR,ENSMUSG00000021804,Rgr,ortholog_one2one
ENSG00000120314,WDR55,ENSMUSG00000042660,Wdr55,ortholog_one2one
ENSG00000165410,CFL2,ENSMUSG00000062929,Cfl2,ortholog_one2one
ENSG00000171262,FAM98B,ENSMUSG00000027349,Fam98b,ortholog_one2one
ENSG00000125967,NECAB3,ENSMUSG00000027489,Necab3,ortholog_one2one
ENSG00000139668,WDFY2,ENSMUSG00000014547,Wdfy2,ortholog_one2one
ENSG00000257987,SPMIP11,ENSMUSG00000022993,Spmip11,ortholog_one2one
ENSG00000173250,GPR151,ENSMUSG00000042816,Gpr151,ortholog_one2one
ENSG00000204956,PCDHGA1,ENSMUSG00000103144,Pcdhga1,ortholog_one2one
ENSG00000081853,PCDHGA2,ENSMUSG00000103332,Pcdhga2,ortholog_one2one
ENSG00000100372,SLC25A17,ENSMUSG00000022404,Slc25a17,ortholog_one2one
ENSG00000204366,ZBTB12,ENSMUSG00000049823,Zbtb12,ortholog_one2one
ENSG00000163982,OTOP1,ENSMUSG00000051596,Otop1,ortholog_one2one
ENSG00000254245,PCDHGA3,ENSMUSG00000104346,Pcdhga3,ortholog_one2one
ENSG00000204435,CSNK2B,ENSMUSG00000024387,Csnk2b,ortholog_one2one
ENSG00000254221,PCDHGB1,ENSMUSG00000103037,Pcdhgb1,ortholog_one2one
ENSG00000262576,PCDHGA4,ENSMUSG00000103677,Pcdhga4,ortholog_one2one
ENSG00000148602,LRIT1,ENSMUSG00000041044,Lrit1,ortholog_one2one
ENSG00000170871,KIAA0232,ENSMUSG00000029190,D5Ertd579e,ortholog_one2one
ENSG00000253910,PCDHGB2,ENSMUSG00000102748,Pcdhgb2,ortholog_one2one
ENSG00000253485,PCDHGA5,ENSMUSG00000103567,Pcdhga5,ortholog_one2one
ENSG00000253731,PCDHGA6,ENSMUSG00000103793,Pcdhga6,ortholog_one2one
ENSG00000213471,TTLL13,ENSMUSG00000045467,Ttll13,ortholog_one2one
ENSG00000253537,PCDHGA7,ENSMUSG00000103472,Pcdhga7,ortholog_one2one
ENSG00000185652,NTF3,ENSMUSG00000049107,Ntf3,ortholog_one2one
ENSG00000177465,ACOT4,ENSMUSG00000052392,Acot4,ortholog_one2one
ENSG00000205669,ACOT6,ENSMUSG00000043487,Acot6,ortholog_one2one
ENSG00000032444,PNPLA6,ENSMUSG00000004565,Pnpla6,ortholog_one2one
ENSG00000253953,PCDHGB4,ENSMUSG00000103585,Pcdhgb4,ortholog_one2one
ENSG00000176903,PNMA1,ENSMUSG00000054383,Pnma1,ortholog_one2one
ENSG00000163749,CCDC158,ENSMUSG00000050050,Ccdc158,ortholog_one2one
ENSG00000253767,PCDHGA8,ENSMUSG00000103897,Pcdhga8,ortholog_one2one
ENSG00000043591,ADRB1,ENSMUSG00000035283,Adrb1,ortholog_one2one
ENSG00000185069,KRT76,ENSMUSG00000075402,Krt76,ortholog_one2one
ENSG00000107957,SH3PXD2A,ENSMUSG00000053617,Sh3pxd2a,ortholog_one2one
ENSG00000261934,PCDHGA9,ENSMUSG00000102440,Pcdhga9,ortholog_one2one
ENSG00000253846,PCDHGA10,ENSMUSG00000102222,Pcdhga10,ortholog_one2one
ENSG00000130368,MAS1,ENSMUSG00000068037,Mas1,ortholog_one2one
ENSG00000254122,PCDHGB7,ENSMUSG00000104063,Pcdhgb7,ortholog_one2one
ENSG00000197081,IGF2R,ENSMUSG00000023830,Igf2r,ortholog_one2one
ENSG00000139610,CELA1,ENSMUSG00000023031,Cela1,ortholog_one2one
ENSG00000253873,PCDHGA11,ENSMUSG00000102742,Pcdhga11,ortholog_one2one
ENSG00000129514,FOXA1,ENSMUSG00000035451,Foxa1,ortholog_one2one
ENSG00000187581,COX8C,ENSMUSG00000025488,Cox8b,ortholog_one2one
ENSG00000139793,MBNL2,ENSMUSG00000022139,Mbnl2,ortholog_one2one
ENSG00000182521,TBPL2,ENSMUSG00000061809,Tbpl2,ortholog_one2one
ENSG00000180346,TIGD2,ENSMUSG00000049232,Tigd2,ortholog_one2one
ENSG00000145384,FABP2,ENSMUSG00000023057,Fabp2,ortholog_one2one
ENSG00000165966,PDZRN4,ENSMUSG00000036218,Pdzrn4,ortholog_one2one
ENSG00000253159,PCDHGA12,ENSMUSG00000102428,Pcdhga12,ortholog_one2one
ENSG00000188517,COL25A1,ENSMUSG00000058897,Col25a1,ortholog_one2one
ENSG00000133958,UNC79,ENSMUSG00000021198,Unc79,ortholog_one2one
ENSG00000240184,PCDHGC3,ENSMUSG00000102918,Pcdhgc3,ortholog_one2one
ENSG00000112539,C6orf118,ENSMUSG00000023873,1700010I14Rik,ortholog_one2one
ENSG00000173451,THAP2,ENSMUSG00000020137,Thap2,ortholog_one2one
ENSG00000126882,FAM78A,ENSMUSG00000050592,Fam78a,ortholog_one2one
ENSG00000100216,TOMM22,ENSMUSG00000022427,Tomm22,ortholog_one2one
ENSG00000172867,KRT2,ENSMUSG00000064201,Krt2,ortholog_one2one
ENSG00000117983,MUC5B,ENSMUSG00000066108,Muc5b,ortholog_one2one
ENSG00000100393,EP300,ENSMUSG00000055024,Ep300,ortholog_one2one
ENSG00000182950,CIMAP1C,ENSMUSG00000045620,Cimap1c,ortholog_one2one
ENSG00000067064,IDI1,ENSMUSG00000058258,Idi1,ortholog_one2one
ENSG00000157578,LCA5L,ENSMUSG00000045275,Lca5l,ortholog_one2one
ENSG00000133639,BTG1,ENSMUSG00000036478,Btg1,ortholog_one2one
ENSG00000242419,PCDHGC4,ENSMUSG00000023036,Pcdhgc4,ortholog_one2one
ENSG00000178522,AMBN,ENSMUSG00000029288,Ambn,ortholog_one2one
ENSG00000165312,OTUD1,ENSMUSG00000043415,Otud1,ortholog_one2one
ENSG00000112146,FBXO9,ENSMUSG00000001366,Fbxo9,ortholog_one2one
ENSG00000182117,NOP10,ENSMUSG00000027133,Nop10,ortholog_one2one
ENSG00000240764,PCDHGC5,ENSMUSG00000102543,Pcdhgc5,ortholog_one2one
ENSG00000133640,LRRIQ1,ENSMUSG00000019892,Lrriq1,ortholog_one2one
ENSG00000215182,MUC5AC,ENSMUSG00000037974,Muc5ac,ortholog_one2one
ENSG00000276547,PCDHGB5,ENSMUSG00000103749,Pcdhgb5,ortholog_one2one
ENSG00000164241,C5orf63,ENSMUSG00000024592,C330018D20Rik,ortholog_one2one
ENSG00000132793,LPIN3,ENSMUSG00000027412,Lpin3,ortholog_one2one
ENSG00000255833,TIFAB,ENSMUSG00000049625,Tifab,ortholog_one2one
ENSG00000153233,PTPRR,ENSMUSG00000020151,Ptprr,ortholog_one2one
ENSG00000113722,CDX1,ENSMUSG00000024619,Cdx1,ortholog_one2one
ENSG00000213760,ATP6V1G2,ENSMUSG00000024403,Atp6v1g2,ortholog_one2one
ENSG00000134343,ANO3,ENSMUSG00000074968,Ano3,ortholog_one2one
ENSG00000145743,FBXL17,ENSMUSG00000023965,Fbxl17,ortholog_one2one
ENSG00000109684,CLNK,ENSMUSG00000039315,Clnk,ortholog_one2one
ENSG00000137075,RNF38,ENSMUSG00000035696,Rnf38,ortholog_one2one
ENSG00000026103,FAS,ENSMUSG00000024778,Fas,ortholog_one2one
ENSG00000182175,RGMA,ENSMUSG00000070509,Rgma,ortholog_one2one
ENSG00000204977,TRIM13,ENSMUSG00000035235,Trim13,ortholog_one2one
ENSG00000185305,ARL15,ENSMUSG00000042348,Arl15,ortholog_one2one
ENSG00000131773,KHDRBS3,ENSMUSG00000022332,Khdrbs3,ortholog_one2one
ENSG00000136143,SUCLA2,ENSMUSG00000022110,Sucla2,ortholog_one2one
ENSG00000169194,IL13,ENSMUSG00000020383,Il13,ortholog_one2one
ENSG00000184508,HDDC3,ENSMUSG00000030532,Hddc3,ortholog_one2one
ENSG00000159259,CHAF1B,ENSMUSG00000022945,Chaf1b,ortholog_one2one
ENSG00000145734,BDP1,ENSMUSG00000049658,Bdp1,ortholog_one2one
ENSG00000183032,SLC25A21,ENSMUSG00000035472,Slc25a21,ortholog_one2one
ENSG00000187821,HELT,ENSMUSG00000047171,Helt,ortholog_one2one
ENSG00000099949,LZTR1,ENSMUSG00000022761,Lztr1,ortholog_one2one
ENSG00000152595,MEPE,ENSMUSG00000053863,Mepe,ortholog_one2one
ENSG00000197696,NMB,ENSMUSG00000025723,Nmb,ortholog_one2one
ENSG00000092096,SLC22A17,ENSMUSG00000022199,Slc22a17,ortholog_one2one
ENSG00000164093,PITX2,ENSMUSG00000028023,Pitx2,ortholog_one2one
ENSG00000170743,SYT9,ENSMUSG00000062542,Syt9,ortholog_one2one
ENSG00000165066,NKX6-3,ENSMUSG00000063672,Nkx6-3,ortholog_one2one
ENSG00000112782,CLIC5,ENSMUSG00000023959,Clic5,ortholog_one2one
ENSG00000255529,POLR2M,ENSMUSG00000032199,Polr2m,ortholog_one2one
ENSG00000183161,FANCF,ENSMUSG00000092118,Fancf,ortholog_one2one
ENSG00000092067,CEBPE,ENSMUSG00000052435,Cebpe,ortholog_one2one
ENSG00000173875,ZNF791,ENSMUSG00000074194,Zfp791,ortholog_one2one
ENSG00000029534,ANK1,ENSMUSG00000031543,Ank1,ortholog_one2one
ENSG00000107187,LHX3,ENSMUSG00000026934,Lhx3,ortholog_one2one
ENSG00000109851,DBX1,ENSMUSG00000030507,Dbx1,ortholog_one2one
ENSG00000187398,LUZP2,ENSMUSG00000063297,Luzp2,ortholog_one2one
ENSG00000183578,TNFAIP8L3,ENSMUSG00000074345,Tnfaip8l3,ortholog_one2one
ENSG00000171223,JUNB,ENSMUSG00000052837,Junb,ortholog_one2one
ENSG00000165661,QSOX2,ENSMUSG00000036327,Qsox2,ortholog_one2one
ENSG00000179431,FJX1,ENSMUSG00000075012,Fjx1,ortholog_one2one
ENSG00000207808,MIR27A,ENSMUSG00000065444,Mir27a,ortholog_one2one
ENSG00000171136,RLN3,ENSMUSG00000045232,Rln3,ortholog_one2one
ENSG00000188032,C19orf67,ENSMUSG00000046408,1700067K01Rik,ortholog_one2one
ENSG00000175920,DOK7,ENSMUSG00000044716,Dok7,ortholog_one2one
ENSG00000130283,GDF1,ENSMUSG00000109523,Gdf1,ortholog_one2one
ENSG00000135222,CSN2,ENSMUSG00000063157,Csn2,ortholog_one2one
ENSG00000182545,RNASE10,ENSMUSG00000021872,Rnase10,ortholog_one2one
ENSG00000288701,PRRC2B,ENSMUSG00000039262,Prrc2b,ortholog_one2one
ENSG00000258436,RNASE12,ENSMUSG00000068407,Rnase12,ortholog_one2one
ENSG00000198168,SVIP,ENSMUSG00000074093,Svip,ortholog_one2one
ENSG00000078269,SYNJ2,ENSMUSG00000023805,Synj2,ortholog_one2one
ENSG00000172717,GARIN2,ENSMUSG00000056987,Garin2,ortholog_one2one
ENSG00000197540,GZMM,ENSMUSG00000054206,Gzmm,ortholog_one2one
ENSG00000100360,IFT27,ENSMUSG00000016637,Ift27,ortholog_one2one
ENSG00000174137,FAM53A,ENSMUSG00000037339,Fam53a,ortholog_one2one
ENSG00000090382,LYZ,ENSMUSG00000020177,Lyz3,ortholog_one2one
ENSG00000129355,CDKN2D,ENSMUSG00000096472,Cdkn2d,ortholog_one2one
ENSG00000145416,MARCHF1,ENSMUSG00000036469,Marchf1,ortholog_one2one
ENSG00000067798,NAV3,ENSMUSG00000020181,Nav3,ortholog_one2one
ENSG00000105723,GSK3A,ENSMUSG00000057177,Gsk3a,ortholog_one2one
ENSG00000133106,EPSTI1,ENSMUSG00000022014,Epsti1,ortholog_one2one
ENSG00000255359,CCDC179,ENSMUSG00000094445,Ccdc179,ortholog_one2one
ENSG00000156256,USP16,ENSMUSG00000025616,Usp16,ortholog_one2one
ENSG00000124942,AHNAK,ENSMUSG00000069833,Ahnak,ortholog_one2one
ENSG00000178403,NEUROG2,ENSMUSG00000027967,Neurog2,ortholog_one2one
ENSG00000179841,AKAP5,ENSMUSG00000021057,Akap5,ortholog_one2one
ENSG00000176884,GRIN1,ENSMUSG00000026959,Grin1,ortholog_one2one
ENSG00000133256,PDE6B,ENSMUSG00000029491,Pde6b,ortholog_one2one
ENSG00000064205,CCN5,ENSMUSG00000027656,Ccn5,ortholog_one2one
ENSG00000145741,BTF3,ENSMUSG00000021660,Btf3,ortholog_one2one
ENSG00000100297,MCM5,ENSMUSG00000005410,Mcm5,ortholog_one2one
ENSG00000136114,THSD1,ENSMUSG00000031480,Thsd1,ortholog_one2one
ENSG00000176971,FIBIN,ENSMUSG00000074971,Fibin,ortholog_one2one
ENSG00000069020,MAST4,ENSMUSG00000034751,Mast4,ortholog_one2one
ENSG00000101343,CRNKL1,ENSMUSG00000001767,Crnkl1,ortholog_one2one
ENSG00000011478,QPCTL,ENSMUSG00000030407,Qpctl,ortholog_one2one
ENSG00000127152,BCL11B,ENSMUSG00000048251,Bcl11b,ortholog_one2one
ENSG00000169550,MUC15,ENSMUSG00000050808,Muc15,ortholog_one2one
ENSG00000185896,LAMP1,ENSMUSG00000031447,Lamp1,ortholog_one2one
ENSG00000197961,ZNF121,ENSMUSG00000045519,Zfp560,ortholog_one2one
ENSG00000185198,PRSS57,ENSMUSG00000020323,Prss57,ortholog_one2one
ENSG00000151322,NPAS3,ENSMUSG00000021010,Npas3,ortholog_one2one
ENSG00000021300,PLEKHB1,ENSMUSG00000030701,Plekhb1,ortholog_one2one
ENSG00000167483,NIBAN3,ENSMUSG00000043243,Niban3,ortholog_one2one
ENSG00000134460,IL2RA,ENSMUSG00000026770,Il2ra,ortholog_one2one
ENSG00000181541,MAB21L2,ENSMUSG00000057777,Mab21l2,ortholog_one2one
ENSG00000124882,EREG,ENSMUSG00000029377,Ereg,ortholog_one2one
ENSG00000180316,PNPLA1,ENSMUSG00000043286,Pnpla1,ortholog_one2one
ENSG00000127870,RNF6,ENSMUSG00000029634,Rnf6,ortholog_one2one
ENSG00000130997,POLN,ENSMUSG00000045102,Poln,ortholog_one2one
ENSG00000198246,SLC29A3,ENSMUSG00000020100,Slc29a3,ortholog_one2one
ENSG00000166211,SPIC,ENSMUSG00000004359,Spic,ortholog_one2one
ENSG00000140481,CCDC33,ENSMUSG00000037716,Ccdc33,ortholog_one2one
ENSG00000159733,ZFYVE28,ENSMUSG00000037224,Zfyve28,ortholog_one2one
ENSG00000180318,ALX1,ENSMUSG00000036602,Alx1,ortholog_one2one
ENSG00000172538,FAM170B,ENSMUSG00000078127,Fam170b,ortholog_one2one
ENSG00000138623,SEMA7A,ENSMUSG00000038264,Sema7a,ortholog_one2one
ENSG00000165383,LRRC18,ENSMUSG00000041673,Lrrc18,ortholog_one2one
ENSG00000187021,PNLIPRP1,ENSMUSG00000042179,Pnliprp1,ortholog_one2one
ENSG00000167768,KRT1,ENSMUSG00000046834,Krt1,ortholog_one2one
ENSG00000118434,SPACA1,ENSMUSG00000028264,Spaca1,ortholog_one2one
ENSG00000171310,CHST11,ENSMUSG00000034612,Chst11,ortholog_one2one
ENSG00000101160,CTSZ,ENSMUSG00000016256,Ctsz,ortholog_one2one
ENSG00000184357,H1-5,ENSMUSG00000058773,H1f5,ortholog_one2one
ENSG00000253305,PCDHGB6,ENSMUSG00000103088,Pcdhgb6,ortholog_one2one
ENSG00000139287,TPH2,ENSMUSG00000006764,Tph2,ortholog_one2one
ENSG00000175471,MCTP1,ENSMUSG00000021596,Mctp1,ortholog_one2one
ENSG00000204619,PPP1R11,ENSMUSG00000036398,Ppp1r11,ortholog_one2one
ENSG00000168282,MGAT2,ENSMUSG00000043998,Mgat2,ortholog_one2one
ENSG00000182253,SYNM,ENSMUSG00000030554,Synm,ortholog_one2one
ENSG00000121390,PSPC1,ENSMUSG00000021938,Pspc1,ortholog_one2one
ENSG00000204613,TRIM10,ENSMUSG00000073400,Trim10,ortholog_one2one
ENSG00000189182,KRT77,ENSMUSG00000067594,Krt77,ortholog_one2one
ENSG00000182107,TMEM30B,ENSMUSG00000034435,Tmem30b,ortholog_one2one
ENSG00000152208,GRID2,ENSMUSG00000071424,Grid2,ortholog_one2one
ENSG00000176406,RIMS2,ENSMUSG00000037386,Rims2,ortholog_one2one
ENSG00000182472,CAPN12,ENSMUSG00000054083,Capn12,ortholog_one2one
ENSG00000184436,THAP7,ENSMUSG00000022760,Thap7,ortholog_one2one
ENSG00000172238,ATOH1,ENSMUSG00000073043,Atoh1,ortholog_one2one
ENSG00000173575,CHD2,ENSMUSG00000078671,Chd2,ortholog_one2one
ENSG00000109132,PHOX2B,ENSMUSG00000012520,Phox2b,ortholog_one2one
ENSG00000197119,SLC25A29,ENSMUSG00000021265,Slc25a29,ortholog_one2one
ENSG00000165972,CCDC38,ENSMUSG00000036168,Ccdc38,ortholog_one2one
ENSG00000141867,BRD4,ENSMUSG00000024002,Brd4,ortholog_one2one
ENSG00000188848,BEND4,ENSMUSG00000092060,Bend4,ortholog_one2one
ENSG00000204304,PBX2,ENSMUSG00000034673,Pbx2,ortholog_one2one
ENSG00000100302,RASD2,ENSMUSG00000034472,Rasd2,ortholog_one2one
ENSG00000198542,ITGBL1,ENSMUSG00000032925,Itgbl1,ortholog_one2one
ENSG00000101323,HAO1,ENSMUSG00000027261,Hao1,ortholog_one2one
ENSG00000215203,GRXCR1,ENSMUSG00000068082,Grxcr1,ortholog_one2one
ENSG00000186895,FGF3,ENSMUSG00000031074,Fgf3,ortholog_one2one
ENSG00000187051,RPS19BP1,ENSMUSG00000051518,Rps19bp1,ortholog_one2one
ENSG00000137285,TUBB2B,ENSMUSG00000045136,Tubb2b,ortholog_one2one
ENSG00000054793,ATP9A,ENSMUSG00000027546,Atp9a,ortholog_one2one
ENSG00000175535,PNLIP,ENSMUSG00000046008,Pnlip,ortholog_one2one
ENSG00000137266,SLC22A23,ENSMUSG00000038267,Slc22a23,ortholog_one2one
ENSG00000140107,SLC25A47,ENSMUSG00000048856,Slc25a47,ortholog_one2one
ENSG00000176956,LY6H,ENSMUSG00000022577,Ly6h,ortholog_one2one
ENSG00000130948,HSD17B3,ENSMUSG00000033122,Hsd17b3,ortholog_one2one
ENSG00000100139,MICALL1,ENSMUSG00000033039,Micall1,ortholog_one2one
ENSG00000266200,PNLIPRP2,ENSMUSG00000025091,Pnliprp2,ortholog_one2one
ENSG00000170967,DDI1,ENSMUSG00000047619,Ddi1,ortholog_one2one
ENSG00000258597,SERPINA2,ENSMUSG00000021081,Serpina1f,ortholog_one2one
ENSG00000214279,SCART1,ENSMUSG00000054672,Scart2,ortholog_one2one
ENSG00000100811,YY1,ENSMUSG00000021264,Yy1,ortholog_one2one
ENSG00000077498,TYR,ENSMUSG00000004651,Tyr,ortholog_one2one
ENSG00000136040,PLXNC1,ENSMUSG00000074785,Plxnc1,ortholog_one2one
ENSG00000184160,ADRA2C,ENSMUSG00000045318,Adra2c,ortholog_one2one
ENSG00000164112,SMIM43,ENSMUSG00000085007,Smim43,ortholog_one2one
ENSG00000120875,DUSP4,ENSMUSG00000031530,Dusp4,ortholog_one2one
ENSG00000101076,HNF4A,ENSMUSG00000017950,Hnf4a,ortholog_one2one
ENSG00000118113,MMP8,ENSMUSG00000005800,Mmp8,ortholog_one2one
ENSG00000119919,NKX2-3,ENSMUSG00000044220,Nkx2-3,ortholog_one2one
ENSG00000290292,HOMEZ,ENSMUSG00000057156,Homez,ortholog_one2one
ENSG00000164683,HEY1,ENSMUSG00000040289,Hey1,ortholog_one2one
ENSG00000148826,NKX6-2,ENSMUSG00000041309,Nkx6-2,ortholog_one2one
ENSG00000139946,PELI2,ENSMUSG00000021846,Peli2,ortholog_one2one
ENSG00000244754,N4BP2L2,ENSMUSG00000029655,N4bp2l2,ortholog_one2one
ENSG00000164404,GDF9,ENSMUSG00000018238,Gdf9,ortholog_one2one
ENSG00000168772,CXXC4,ENSMUSG00000044365,Cxxc4,ortholog_one2one
ENSG00000186352,ANKRD37,ENSMUSG00000050914,Ankrd37,ortholog_one2one
ENSG00000077616,NAALAD2,ENSMUSG00000043943,Naalad2,ortholog_one2one
ENSG00000165244,ZNF367,ENSMUSG00000044934,Zfp367,ortholog_one2one
ENSG00000100387,RBX1,ENSMUSG00000022400,Rbx1,ortholog_one2one
ENSG00000166090,IL25,ENSMUSG00000040770,Il25,ortholog_one2one
ENSG00000122711,SPINK4,ENSMUSG00000028415,Spink4,ortholog_one2one
ENSG00000112852,PCDHB2,ENSMUSG00000051599,Pcdhb2,ortholog_one2one
ENSG00000107262,BAG1,ENSMUSG00000028416,Bag1,ortholog_one2one
ENSG00000113205,PCDHB3,ENSMUSG00000045498,Pcdhb3,ortholog_one2one
ENSG00000007866,TEAD3,ENSMUSG00000002249,Tead3,ortholog_one2one
ENSG00000113211,PCDHB6,ENSMUSG00000047307,Pcdhb13,ortholog_one2one
ENSG00000188051,TMEM221,ENSMUSG00000043664,Tmem221,ortholog_one2one
ENSG00000113212,PCDHB7,ENSMUSG00000047033,Pcdhb15,ortholog_one2one
ENSG00000272674,PCDHB16,ENSMUSG00000046387,Pcdhb17,ortholog_one2one
ENSG00000171773,NXNL1,ENSMUSG00000034829,Nxnl1,ortholog_one2one
ENSG00000111785,RIC8B,ENSMUSG00000035620,Ric8b,ortholog_one2one
ENSG00000167769,ACER1,ENSMUSG00000045019,Acer1,ortholog_one2one
ENSG00000187372,PCDHB13,ENSMUSG00000047910,Pcdhb16,ortholog_one2one
ENSG00000120327,PCDHB14,ENSMUSG00000046191,Pcdhb20,ortholog_one2one
ENSG00000082556,OPRK1,ENSMUSG00000025905,Oprk1,ortholog_one2one
ENSG00000128268,MGAT3,ENSMUSG00000042428,Mgat3,ortholog_one2one
ENSG00000113248,PCDHB15,ENSMUSG00000073591,Pcdhb22,ortholog_one2one
ENSG00000178913,TAF7,ENSMUSG00000051316,Taf7,ortholog_one2one
ENSG00000181240,SLC25A41,ENSMUSG00000011486,Slc25a41,ortholog_one2one
ENSG00000131951,LRRC9,ENSMUSG00000021090,Lrrc9,ortholog_one2one
ENSG00000120329,SLC25A2,ENSMUSG00000050304,Slc25a2,ortholog_one2one
ENSG00000078795,PKD2L2,ENSMUSG00000014503,Pkd2l2,ortholog_one2one
ENSG00000151474,FRMD4A,ENSMUSG00000026657,Frmd4a,ortholog_one2one
ENSG00000100225,FBXO7,ENSMUSG00000001786,Fbxo7,ortholog_one2one
ENSG00000136997,MYC,ENSMUSG00000022346,Myc,ortholog_one2one
ENSG00000112041,TULP1,ENSMUSG00000037446,Tulp1,ortholog_one2one
ENSG00000130377,ACSBG2,ENSMUSG00000024207,Acsbg2,ortholog_one2one
ENSG00000109689,STIM2,ENSMUSG00000039156,Stim2,ortholog_one2one
ENSG00000102580,DNAJC3,ENSMUSG00000022136,Dnajc3,ortholog_one2one
ENSG00000137675,MMP27,ENSMUSG00000070323,Mmp27,ortholog_one2one
ENSG00000164933,SLC25A32,ENSMUSG00000022299,Slc25a32,ortholog_one2one
ENSG00000136811,ODF2,ENSMUSG00000026790,Odf2,ortholog_one2one
ENSG00000165895,ARHGAP42,ENSMUSG00000050730,Arhgap42,ortholog_one2one
ENSG00000168350,DEGS2,ENSMUSG00000021263,Degs2,ortholog_one2one
ENSG00000164220,F2RL2,ENSMUSG00000021675,F2rl2,ortholog_one2one
ENSG00000100664,EIF5,ENSMUSG00000021282,Eif5,ortholog_one2one
ENSG00000185019,UBOX5,ENSMUSG00000027300,Ubox5,ortholog_one2one
ENSG00000181104,F2R,ENSMUSG00000048376,F2r,ortholog_one2one
ENSG00000164736,SOX17,ENSMUSG00000025902,Sox17,ortholog_one2one
ENSG00000164251,F2RL1,ENSMUSG00000021678,F2rl1,ortholog_one2one
ENSG00000104237,RP1,ENSMUSG00000025900,Rp1,ortholog_one2one
ENSG00000240972,MIF,ENSMUSG00000033307,Mif,ortholog_one2one
ENSG00000124215,CDH26,ENSMUSG00000039155,Cdh26,ortholog_one2one
ENSG00000153015,CWC27,ENSMUSG00000021715,Cwc27,ortholog_one2one
ENSG00000100162,CENPM,ENSMUSG00000068101,Cenpm,ortholog_one2one
ENSG00000181333,HEPHL1,ENSMUSG00000031936,Hephl1,ortholog_one2one
ENSG00000134874,DZIP1,ENSMUSG00000042156,Dzip1,ortholog_one2one
ENSG00000184156,KCNQ3,ENSMUSG00000056258,Kcnq3,ortholog_one2one
ENSG00000153291,SLC25A27,ENSMUSG00000023912,Slc25a27,ortholog_one2one
ENSG00000100985,MMP9,ENSMUSG00000017737,Mmp9,ortholog_one2one
ENSG00000111049,MYF5,ENSMUSG00000000435,Myf5,ortholog_one2one
ENSG00000180113,TDRD6,ENSMUSG00000040140,Tdrd6,ortholog_one2one
ENSG00000049192,ADAMTS6,ENSMUSG00000046169,Adamts6,ortholog_one2one
ENSG00000166206,GABRB3,ENSMUSG00000033676,Gabrb3,ortholog_one2one
ENSG00000124177,CHD6,ENSMUSG00000057133,Chd6,ortholog_one2one
ENSG00000100075,SLC25A1,ENSMUSG00000003528,Slc25a1,ortholog_one2one
ENSG00000124575,H1-3,ENSMUSG00000052565,H1f3,ortholog_one2one
ENSG00000274618,H4C6,ENSMUSG00000069306,H4c17,ortholog_one2one
ENSG00000104756,KCTD9,ENSMUSG00000034327,Kctd9,ortholog_one2one
ENSG00000165617,DACT1,ENSMUSG00000044548,Dact1,ortholog_one2one
ENSG00000203734,ECT2L,ENSMUSG00000071392,Ect2l,ortholog_one2one
ENSG00000139352,ASCL1,ENSMUSG00000020052,Ascl1,ortholog_one2one
ENSG00000177103,DSCAML1,ENSMUSG00000032087,Dscaml1,ortholog_one2one
ENSG00000105258,POLR2I,ENSMUSG00000019738,Polr2i,ortholog_one2one
ENSG00000182240,BACE2,ENSMUSG00000040605,Bace2,ortholog_one2one
ENSG00000151136,ABTB3,ENSMUSG00000020042,Abtb3,ortholog_one2one
ENSG00000197406,DIO3,ENSMUSG00000075707,Dio3,ortholog_one2one
ENSG00000175857,GAPT,ENSMUSG00000046006,Gapt,ortholog_one2one
ENSG00000139915,MDGA2,ENSMUSG00000034912,Mdga2,ortholog_one2one
ENSG00000101236,RNF24,ENSMUSG00000048911,Rnf24,ortholog_one2one
ENSG00000075702,WDR62,ENSMUSG00000037020,Wdr62,ortholog_one2one
ENSG00000061492,WNT8A,ENSMUSG00000012282,Wnt8a,ortholog_one2one
ENSG00000171209,CSN3,ENSMUSG00000001622,Csn3,ortholog_one2one
ENSG00000156011,PSD3,ENSMUSG00000030465,Psd3,ortholog_one2one
ENSG00000137252,HCRTR2,ENSMUSG00000032360,Hcrtr2,ortholog_one2one
ENSG00000183090,FREM3,ENSMUSG00000042353,Frem3,ortholog_one2one
ENSG00000203907,OOEP,ENSMUSG00000032346,Ooep,ortholog_one2one
ENSG00000184481,FOXO4,ENSMUSG00000042903,Foxo4,ortholog_one2one
ENSG00000205279,CTXN3,ENSMUSG00000069372,Ctxn3,ortholog_one2one
ENSG00000165995,CACNB2,ENSMUSG00000057914,Cacnb2,ortholog_one2one
ENSG00000178172,SPINK6,ENSMUSG00000055095,Spink6,ortholog_one2one
ENSG00000124143,ARHGAP40,ENSMUSG00000074625,Arhgap40,ortholog_one2one
ENSG00000196476,C20orf96,ENSMUSG00000032680,6820408C15Rik,ortholog_one2one
ENSG00000140521,POLG,ENSMUSG00000039176,Polg,ortholog_one2one
ENSG00000214510,SPINK13,ENSMUSG00000073551,Spink13,ortholog_one2one
ENSG00000215440,NPEPL1,ENSMUSG00000039263,Npepl1,ortholog_one2one
ENSG00000173612,GPRC6A,ENSMUSG00000019905,Gprc6a,ortholog_one2one
ENSG00000196800,SPINK14,ENSMUSG00000051050,Spink14,ortholog_one2one
ENSG00000165556,CDX2,ENSMUSG00000029646,Cdx2,ortholog_one2one
ENSG00000145777,TSLP,ENSMUSG00000024379,Tslp,ortholog_one2one
ENSG00000126216,TUBGCP3,ENSMUSG00000000759,Tubgcp3,ortholog_one2one
ENSG00000077935,SMC1B,ENSMUSG00000022432,Smc1b,ortholog_one2one
ENSG00000164334,FAM170A,ENSMUSG00000035420,Fam170a,ortholog_one2one
ENSG00000151952,TMEM132D,ENSMUSG00000034310,Tmem132d,ortholog_one2one
ENSG00000156273,BACH1,ENSMUSG00000025612,Bach1,ortholog_one2one
ENSG00000185002,RFX6,ENSMUSG00000019900,Rfx6,ortholog_one2one
ENSG00000135111,TBX3,ENSMUSG00000018604,Tbx3,ortholog_one2one
ENSG00000105617,LENG1,ENSMUSG00000078813,Leng1,ortholog_one2one
ENSG00000188655,RNASE9,ENSMUSG00000052382,Rnase9,ortholog_one2one
ENSG00000104880,ARHGEF18,ENSMUSG00000004568,Arhgef18,ortholog_one2one
ENSG00000166111,SVOP,ENSMUSG00000042078,Svop,ortholog_one2one
ENSG00000206579,XKR4,ENSMUSG00000051951,Xkr4,ortholog_one2one
ENSG00000125870,SNRPB2,ENSMUSG00000008333,Snrpb2,ortholog_one2one
ENSG00000125743,SNRPD2,ENSMUSG00000040824,Snrpd2,ortholog_one2one
ENSG00000129003,VPS13C,ENSMUSG00000035284,Vps13c,ortholog_one2one
ENSG00000157551,KCNJ15,ENSMUSG00000062609,Kcnj15,ortholog_one2one
ENSG00000091664,SLC17A6,ENSMUSG00000030500,Slc17a6,ortholog_one2one
ENSG00000181781,CIMAP1D,ENSMUSG00000035963,Cimap1d,ortholog_one2one
ENSG00000176165,FOXG1,ENSMUSG00000020950,Foxg1,ortholog_one2one
ENSG00000139910,NOVA1,ENSMUSG00000021047,Nova1,ortholog_one2one
ENSG00000099904,ZDHHC8,ENSMUSG00000060166,Zdhhc8,ortholog_one2one
ENSG00000147724,FAM135B,ENSMUSG00000036800,Fam135b,ortholog_one2one
ENSG00000135002,RFK,ENSMUSG00000024712,Rfk,ortholog_one2one
ENSG00000235863,B3GALT4,ENSMUSG00000067370,B3galt4,ortholog_one2one
ENSG00000227057,WDR46,ENSMUSG00000024312,Wdr46,ortholog_one2one
ENSG00000154127,UBASH3B,ENSMUSG00000032020,Ubash3b,ortholog_one2one
ENSG00000188312,CENPP,ENSMUSG00000021391,Cenpp,ortholog_one2one
ENSG00000183844,FAM3B,ENSMUSG00000022938,Fam3b,ortholog_one2one
ENSG00000204767,INSYN2B,ENSMUSG00000069911,Insyn2b,ortholog_one2one
ENSG00000132356,PRKAA1,ENSMUSG00000050697,Prkaa1,ortholog_one2one
ENSG00000149571,KIRREL3,ENSMUSG00000032036,Kirrel3,ortholog_one2one
ENSG00000125492,BARHL1,ENSMUSG00000026805,Barhl1,ortholog_one2one
ENSG00000151062,CACNA2D4,ENSMUSG00000041460,Cacna2d4,ortholog_one2one
ENSG00000152969,JAKMIP1,ENSMUSG00000063646,Jakmip1,ortholog_one2one
ENSG00000056487,PHF21B,ENSMUSG00000016624,Phf21b,ortholog_one2one
ENSG00000125901,MRPS26,ENSMUSG00000037740,Mrps26,ortholog_one2one
ENSG00000105605,CACNG7,ENSMUSG00000069806,Cacng7,ortholog_one2one
ENSG00000174306,ZHX3,ENSMUSG00000035877,Zhx3,ortholog_one2one
ENSG00000164743,C8orf48,ENSMUSG00000074384,AI429214,ortholog_one2one
ENSG00000214943,GPR33,ENSMUSG00000035148,Gpr33,ortholog_one2one
ENSG00000099954,CECR2,ENSMUSG00000071226,Cecr2,ortholog_one2one
ENSG00000006837,CDKL3,ENSMUSG00000020389,Cdkl3,ortholog_one2one
ENSG00000154143,PANX3,ENSMUSG00000011118,Panx3,ortholog_one2one
ENSG00000142408,CACNG8,ENSMUSG00000053395,Cacng8,ortholog_one2one
ENSG00000159212,CLIC6,ENSMUSG00000022949,Clic6,ortholog_one2one
ENSG00000185920,PTCH1,ENSMUSG00000021466,Ptch1,ortholog_one2one
ENSG00000159110,IFNAR2,ENSMUSG00000022971,Ifnar2,ortholog_one2one
ENSG00000100865,CINP,ENSMUSG00000021276,Cinp,ortholog_one2one
ENSG00000206941,SNORD15A,ENSMUSG00000065822,Snord15a,ortholog_one2one
ENSG00000207445,SNORD15B,ENSMUSG00000064966,Snord15b,ortholog_one2one
ENSG00000253958,CLDN23,ENSMUSG00000055976,Cldn23,ortholog_one2one
ENSG00000147324,MFHAS1,ENSMUSG00000070056,Mfhas1,ortholog_one2one
ENSG00000198911,SREBF2,ENSMUSG00000022463,Srebf2,ortholog_one2one
ENSG00000025772,TOMM34,ENSMUSG00000018322,Tomm34,ortholog_one2one
ENSG00000173281,PPP1R3B,ENSMUSG00000046794,Ppp1r3b,ortholog_one2one
ENSG00000237190,CDKN2AIPNL,ENSMUSG00000020392,Cdkn2aipnl,ortholog_one2one
ENSG00000113302,IL12B,ENSMUSG00000004296,Il12b,ortholog_one2one
ENSG00000184647,PRSS55,ENSMUSG00000034623,Prss55,ortholog_one2one
ENSG00000183638,RP1L1,ENSMUSG00000046049,Rp1l1,ortholog_one2one
ENSG00000166930,MS4A5,ENSMUSG00000054523,Ms4a5,ortholog_one2one
ENSG00000145850,TIMD4,ENSMUSG00000055546,Timd4,ortholog_one2one
ENSG00000183397,TEKTIP1,ENSMUSG00000020234,Tektip1,ortholog_one2one
ENSG00000171060,C8orf74,ENSMUSG00000021961,4930578I06Rik,ortholog_one2one
ENSG00000124092,CTCFL,ENSMUSG00000070495,Ctcfl,ortholog_one2one
ENSG00000137709,POU2F3,ENSMUSG00000032015,Pou2f3,ortholog_one2one
ENSG00000171056,SOX7,ENSMUSG00000063060,Sox7,ortholog_one2one
ENSG00000170613,GARIN3,ENSMUSG00000020401,Garin3,ortholog_one2one
ENSG00000171044,XKR6,ENSMUSG00000035067,Xkr6,ortholog_one2one
ENSG00000147036,LANCL3,ENSMUSG00000047344,Lancl3,ortholog_one2one
ENSG00000211445,GPX3,ENSMUSG00000018339,Gpx3,ortholog_one2one
ENSG00000198576,ARC,ENSMUSG00000022602,Arc,ortholog_one2one
ENSG00000186334,SLC36A3,ENSMUSG00000049491,Slc36a3,ortholog_one2one
ENSG00000117877,POLR1G,ENSMUSG00000047649,Polr1g,ortholog_one2one
ENSG00000186335,SLC36A2,ENSMUSG00000020264,Slc36a2,ortholog_one2one
ENSG00000109705,NKX3-2,ENSMUSG00000049691,Nkx3-2,ortholog_one2one
ENSG00000104221,BRF2,ENSMUSG00000031487,Brf2,ortholog_one2one
ENSG00000127533,F2RL3,ENSMUSG00000050147,F2rl3,ortholog_one2one
ENSG00000168412,MTNR1A,ENSMUSG00000054764,Mtnr1a,ortholog_one2one
ENSG00000168229,PTGDR,ENSMUSG00000071489,Ptgdr,ortholog_one2one
ENSG00000197891,SLC22A12,ENSMUSG00000061742,Slc22a12,ortholog_one2one
ENSG00000178718,RPP25,ENSMUSG00000062309,Rpp25,ortholog_one2one
ENSG00000187902,SHISA7,ENSMUSG00000053550,Shisa7,ortholog_one2one
ENSG00000164418,GRIK2,ENSMUSG00000056073,Grik2,ortholog_one2one
ENSG00000125384,PTGER2,ENSMUSG00000037759,Ptger2,ortholog_one2one
ENSG00000159248,GJD2,ENSMUSG00000068615,Gjd2,ortholog_one2one
ENSG00000181588,MEX3D,ENSMUSG00000048696,Mex3d,ortholog_one2one
ENSG00000145248,SLC10A4,ENSMUSG00000060204,Slc10a4-ps,ortholog_one2one
ENSG00000166073,GPR176,ENSMUSG00000040133,Gpr176,ortholog_one2one
ENSG00000182223,ZAR1,ENSMUSG00000063935,Zar1,ortholog_one2one
ENSG00000214367,HAUS3,ENSMUSG00000079555,Haus3,ortholog_one2one
ENSG00000214013,GANC,ENSMUSG00000062646,Ganc,ortholog_one2one
ENSG00000124788,ATXN1,ENSMUSG00000046876,Atxn1,ortholog_one2one
ENSG00000104848,KCNA7,ENSMUSG00000038201,Kcna7,ortholog_one2one
ENSG00000142235,LMTK3,ENSMUSG00000062044,Lmtk3,ortholog_one2one
ENSG00000122012,SV2C,ENSMUSG00000051111,Sv2c,ortholog_one2one
ENSG00000154723,ATP5PF,ENSMUSG00000022890,Atp5pf,ortholog_one2one
ENSG00000149735,GPHA2,ENSMUSG00000024784,Gpha2,ortholog_one2one
ENSG00000168062,BATF2,ENSMUSG00000039699,Batf2,ortholog_one2one
ENSG00000151475,SLC25A31,ENSMUSG00000069041,Slc25a31,ortholog_one2one
ENSG00000204519,ZNF551,ENSMUSG00000034071,Zfp551,ortholog_one2one
ENSG00000112576,CCND3,ENSMUSG00000034165,Ccnd3,ortholog_one2one
ENSG00000164040,PGRMC2,ENSMUSG00000049940,Pgrmc2,ortholog_one2one
ENSG00000145703,IQGAP2,ENSMUSG00000021676,Iqgap2,ortholog_one2one
ENSG00000154553,PDLIM3,ENSMUSG00000031636,Pdlim3,ortholog_one2one
ENSG00000213022,KLK9,ENSMUSG00000047884,Klk9,ortholog_one2one
ENSG00000213931,HBE1,ENSMUSG00000052187,Hbb-y,ortholog_one2one
ENSG00000167759,KLK13,ENSMUSG00000054046,Klk13,ortholog_one2one
ENSG00000175520,UBQLN3,ENSMUSG00000051618,Ubqln3,ortholog_one2one
ENSG00000205884,DEFB136,ENSMUSG00000054763,Defb42,ortholog_one2one
ENSG00000166159,LRTM2,ENSMUSG00000055003,Lrtm2,ortholog_one2one
ENSG00000182170,MRGPRG,ENSMUSG00000050276,Mrgprg,ortholog_one2one
ENSG00000184350,MRGPRE,ENSMUSG00000048965,Mrgpre,ortholog_one2one
ENSG00000185989,RASA3,ENSMUSG00000031453,Rasa3,ortholog_one2one
ENSG00000110042,DTX4,ENSMUSG00000039982,Dtx4,ortholog_one2one
ENSG00000142549,IGLON5,ENSMUSG00000013367,Iglon5,ortholog_one2one
ENSG00000139187,KLRG1,ENSMUSG00000030114,Klrg1,ortholog_one2one
ENSG00000204618,RNF39,ENSMUSG00000036492,Rnf39,ortholog_one2one
ENSG00000160318,CLDND2,ENSMUSG00000038973,Cldnd2,ortholog_one2one
ENSG00000163623,NKX6-1,ENSMUSG00000035187,Nkx6-1,ortholog_one2one
ENSG00000154764,WNT7A,ENSMUSG00000030093,Wnt7a,ortholog_one2one
ENSG00000163625,WDFY3,ENSMUSG00000043940,Wdfy3,ortholog_one2one
ENSG00000175189,INHBC,ENSMUSG00000025405,Inhbc,ortholog_one2one
ENSG00000186416,NKRF,ENSMUSG00000044149,Nkrf,ortholog_one2one
ENSG00000139266,MARCHF9,ENSMUSG00000040502,Marchf9,ortholog_one2one
ENSG00000134121,CHL1,ENSMUSG00000030077,Chl1,ortholog_one2one
ENSG00000241058,NSUN6,ENSMUSG00000026707,Nsun6,ortholog_one2one
ENSG00000248385,TARM1,ENSMUSG00000053338,Tarm1,ortholog_one2one
ENSG00000100403,ZC3H7B,ENSMUSG00000022390,Zc3h7b,ortholog_one2one
ENSG00000165805,C12orf50,ENSMUSG00000056912,1700017N19Rik,ortholog_one2one
ENSG00000124557,BTN1A1,ENSMUSG00000000706,Btn1a1,ortholog_one2one
ENSG00000275183,LENG9,ENSMUSG00000043432,Leng9,ortholog_one2one
ENSG00000131398,KCNC3,ENSMUSG00000062785,Kcnc3,ortholog_one2one
ENSG00000136100,VPS36,ENSMUSG00000031479,Vps36,ortholog_one2one
ENSG00000101057,MYBL2,ENSMUSG00000017861,Mybl2,ortholog_one2one
ENSG00000150275,PCDH15,ENSMUSG00000052613,Pcdh15,ortholog_one2one
ENSG00000204671,IL31,ENSMUSG00000029437,Il31,ortholog_one2one
ENSG00000188959,C9orf152,ENSMUSG00000052117,D630039A03Rik,ortholog_one2one
ENSG00000269404,SPIB,ENSMUSG00000008193,Spib,ortholog_one2one
ENSG00000204193,TXNDC8,ENSMUSG00000038709,Txndc8,ortholog_one2one
ENSG00000176383,B3GNT4,ENSMUSG00000029431,B3gnt4,ortholog_one2one
ENSG00000072832,CRMP1,ENSMUSG00000029121,Crmp1,ortholog_one2one
ENSG00000166130,IKBIP,ENSMUSG00000019975,Ikbip,ortholog_one2one
ENSG00000168619,ADAM18,ENSMUSG00000031552,Adam18,ortholog_one2one
ENSG00000137040,RANBP6,ENSMUSG00000074909,Ranbp6,ortholog_one2one
ENSG00000146950,SHROOM2,ENSMUSG00000045180,Shroom2,ortholog_one2one
ENSG00000149300,C11orf52,ENSMUSG00000032062,2310030G06Rik,ortholog_one2one
ENSG00000150779,TIMM8B,ENSMUSG00000039016,Timm8b,ortholog_one2one
ENSG00000135643,KCNMB4,ENSMUSG00000054934,Kcnmb4,ortholog_one2one
ENSG00000146399,TAAR1,ENSMUSG00000056379,Taar1,ortholog_one2one
ENSG00000092529,CAPN3,ENSMUSG00000079110,Capn3,ortholog_one2one
ENSG00000185760,KCNQ5,ENSMUSG00000028033,Kcnq5,ortholog_one2one
ENSG00000166148,AVPR1A,ENSMUSG00000020123,Avpr1a,ortholog_one2one
ENSG00000133858,ZFC3H1,ENSMUSG00000034163,Zfc3h1,ortholog_one2one
ENSG00000185608,MRPL40,ENSMUSG00000022706,Mrpl40,ortholog_one2one
ENSG00000083067,TRPM3,ENSMUSG00000052387,Trpm3,ortholog_one2one
ENSG00000113231,PDE8B,ENSMUSG00000021684,Pde8b,ortholog_one2one
ENSG00000160298,C21orf58,ENSMUSG00000009114,2610028H24Rik,ortholog_one2one
ENSG00000183479,TREX2,ENSMUSG00000031372,Trex2,ortholog_one2one
ENSG00000075218,GTSE1,ENSMUSG00000022385,Gtse1,ortholog_one2one
ENSG00000177191,B3GNT8,ENSMUSG00000059479,B3gnt8,ortholog_one2one
ENSG00000212123,PRR22,ENSMUSG00000090273,Prr22,ortholog_one2one
ENSG00000104755,ADAM2,ENSMUSG00000022039,Adam2,ortholog_one2one
ENSG00000131379,C3orf20,ENSMUSG00000034063,4930590J08Rik,ortholog_one2one
ENSG00000187650,VMAC,ENSMUSG00000054723,Vmac,ortholog_one2one
ENSG00000139151,PLCZ1,ENSMUSG00000030230,Plcz1,ortholog_one2one
ENSG00000197238,H4C11,ENSMUSG00000069274,H4c6,ortholog_one2one
ENSG00000147231,RADX,ENSMUSG00000042498,Radx,ortholog_one2one
ENSG00000198092,TMPRSS11F,ENSMUSG00000048764,Tmprss11f,ortholog_one2one
ENSG00000008441,NFIX,ENSMUSG00000001911,Nfix,ortholog_one2one
ENSG00000112541,PDE10A,ENSMUSG00000023868,Pde10a,ortholog_one2one
ENSG00000099958,DERL3,ENSMUSG00000009092,Derl3,ortholog_one2one
ENSG00000152402,GUCY1A2,ENSMUSG00000041624,Gucy1a2,ortholog_one2one
ENSG00000087128,TMPRSS11E,ENSMUSG00000054537,Tmprss11e,ortholog_one2one
ENSG00000102245,CD40LG,ENSMUSG00000031132,Cd40lg,ortholog_one2one
ENSG00000138685,FGF2,ENSMUSG00000037225,Fgf2,ortholog_one2one
ENSG00000160285,LSS,ENSMUSG00000033105,Lss,ortholog_one2one
ENSG00000120662,MTRF1,ENSMUSG00000022022,Mtrf1,ortholog_one2one
ENSG00000169635,HIC2,ENSMUSG00000050240,Hic2,ortholog_one2one
ENSG00000176340,COX8A,ENSMUSG00000035885,Cox8a,ortholog_one2one
ENSG00000165462,PHOX2A,ENSMUSG00000007946,Phox2a,ortholog_one2one
ENSG00000173011,TADA2B,ENSMUSG00000029196,Tada2b,ortholog_one2one
ENSG00000196569,LAMA2,ENSMUSG00000019899,Lama2,ortholog_one2one
ENSG00000163576,EFHB,ENSMUSG00000023931,Efhb,ortholog_one2one
ENSG00000100142,POLR2F,ENSMUSG00000033020,Polr2f,ortholog_one2one
ENSG00000178597,PSAPL1,ENSMUSG00000043430,Psapl1,ortholog_one2one
ENSG00000130700,GATA5,ENSMUSG00000015627,Gata5,ortholog_one2one
ENSG00000177938,CAPZA3,ENSMUSG00000041791,Capza3,ortholog_one2one
ENSG00000083782,EPYC,ENSMUSG00000019936,Epyc,ortholog_one2one
ENSG00000120251,GRIA2,ENSMUSG00000033981,Gria2,ortholog_one2one
ENSG00000234776,FREY1,ENSMUSG00000044916,Frey1,ortholog_one2one
ENSG00000171456,ASXL1,ENSMUSG00000042548,Asxl1,ortholog_one2one
ENSG00000077458,FAM76B,ENSMUSG00000037808,Fam76b,ortholog_one2one
ENSG00000169884,WNT10B,ENSMUSG00000022996,Wnt10b,ortholog_one2one
ENSG00000181418,DDN,ENSMUSG00000059213,Ddn,ortholog_one2one
ENSG00000128228,SDF2L1,ENSMUSG00000022769,Sdf2l1,ortholog_one2one
ENSG00000139549,DHH,ENSMUSG00000023000,Dhh,ortholog_one2one
ENSG00000164941,INTS8,ENSMUSG00000040738,Ints8,ortholog_one2one
ENSG00000090776,EFNB1,ENSMUSG00000031217,Efnb1,ortholog_one2one
ENSG00000157152,SYN2,ENSMUSG00000009394,Syn2,ortholog_one2one
ENSG00000284194,SCO2,ENSMUSG00000091780,Sco2,ortholog_one2one
ENSG00000118972,FGF23,ENSMUSG00000000182,Fgf23,ortholog_one2one
ENSG00000065923,SLC9A7,ENSMUSG00000037341,Slc9a7,ortholog_one2one
ENSG00000135414,GDF11,ENSMUSG00000025352,Gdf11,ortholog_one2one
ENSG00000100221,JOSD1,ENSMUSG00000022426,Josd1,ortholog_one2one
ENSG00000175602,CCDC85B,ENSMUSG00000095098,Ccdc85b,ortholog_one2one
ENSG00000175573,C11orf68,ENSMUSG00000047423,AI837181,ortholog_one2one
ENSG00000175550,DRAP1,ENSMUSG00000024914,Drap1,ortholog_one2one
ENSG00000111644,ACRBP,ENSMUSG00000072770,Acrbp,ortholog_one2one
ENSG00000198300,PEG3,ENSMUSG00000002265,Peg3,ortholog_one2one
ENSG00000076770,MBNL3,ENSMUSG00000036109,Mbnl3,ortholog_one2one
ENSG00000172348,RCAN2,ENSMUSG00000039601,Rcan2,ortholog_one2one
ENSG00000175315,CST6,ENSMUSG00000024846,Cst6,ortholog_one2one
ENSG00000133710,SPINK5,ENSMUSG00000055561,Spink5,ortholog_one2one
ENSG00000175294,CATSPER1,ENSMUSG00000038498,Catsper1,ortholog_one2one
ENSG00000112761,CCN6,ENSMUSG00000062074,Ccn6,ortholog_one2one
ENSG00000093009,CDC45,ENSMUSG00000000028,Cdc45,ortholog_one2one
ENSG00000170426,SDR9C7,ENSMUSG00000040127,Sdr9c7,ortholog_one2one
ENSG00000174871,CNIH2,ENSMUSG00000024873,Cnih2,ortholog_one2one
ENSG00000125812,GZF1,ENSMUSG00000027439,Gzf1,ortholog_one2one
ENSG00000111358,GTF2H3,ENSMUSG00000029387,Gtf2h3,ortholog_one2one
ENSG00000179292,TMEM151A,ENSMUSG00000061451,Tmem151a,ortholog_one2one
ENSG00000174807,CD248,ENSMUSG00000056481,Cd248,ortholog_one2one
ENSG00000175115,PACS1,ENSMUSG00000024855,Pacs1,ortholog_one2one
ENSG00000198963,RORB,ENSMUSG00000036192,Rorb,ortholog_one2one
ENSG00000125831,CST11,ENSMUSG00000036958,Cst11,ortholog_one2one
ENSG00000131067,GGT7,ENSMUSG00000027603,Ggt7,ortholog_one2one
ENSG00000119121,TRPM6,ENSMUSG00000024727,Trpm6,ortholog_one2one
ENSG00000129152,MYOD1,ENSMUSG00000009471,Myod1,ortholog_one2one
ENSG00000160886,LY6K,ENSMUSG00000044678,Ly6k,ortholog_one2one
ENSG00000129159,KCNC1,ENSMUSG00000058975,Kcnc1,ortholog_one2one
ENSG00000170881,RNF139,ENSMUSG00000037075,Rnf139,ortholog_one2one
ENSG00000147509,RGS20,ENSMUSG00000002459,Rgs20,ortholog_one2one
ENSG00000163376,KBTBD8,ENSMUSG00000030031,Kbtbd8,ortholog_one2one
ENSG00000087053,MTMR2,ENSMUSG00000031918,Mtmr2,ortholog_one2one
ENSG00000121440,PDZRN3,ENSMUSG00000035357,Pdzrn3,ortholog_one2one
ENSG00000283288,SMIM33,ENSMUSG00000073598,Smim33,ortholog_one2one
ENSG00000169083,AR,ENSMUSG00000046532,Ar,ortholog_one2one
ENSG00000061337,LZTS1,ENSMUSG00000036306,Lzts1,ortholog_one2one
ENSG00000152670,DDX4,ENSMUSG00000021758,Ddx4,ortholog_one2one
ENSG00000152137,HSPB8,ENSMUSG00000041548,Hspb8,ortholog_one2one
ENSG00000173334,TRIB1,ENSMUSG00000032501,Trib1,ortholog_one2one
ENSG00000242114,MTFP1,ENSMUSG00000004748,Mtfp1,ortholog_one2one
ENSG00000174236,REP15,ENSMUSG00000040121,Rep15,ortholog_one2one
ENSG00000081148,IMPG2,ENSMUSG00000035270,Impg2,ortholog_one2one
ENSG00000183908,LRRC55,ENSMUSG00000075224,Lrrc55,ortholog_one2one
ENSG00000101605,MYOM1,ENSMUSG00000024049,Myom1,ortholog_one2one
ENSG00000156575,PRG3,ENSMUSG00000027072,Prg3,ortholog_one2one
ENSG00000149599,DUSP15,ENSMUSG00000042662,Dusp15,ortholog_one2one
ENSG00000139330,KERA,ENSMUSG00000019932,Kera,ortholog_one2one
ENSG00000160183,TMPRSS3,ENSMUSG00000024034,Tmprss3,ortholog_one2one
ENSG00000171365,CLCN5,ENSMUSG00000004317,Clcn5,ortholog_one2one
ENSG00000173486,FKBP2,ENSMUSG00000056629,Fkbp2,ortholog_one2one
ENSG00000123066,MED13L,ENSMUSG00000018076,Med13l,ortholog_one2one
ENSG00000131100,ATP6V1E1,ENSMUSG00000019210,Atp6v1e1,ortholog_one2one
ENSG00000102543,CDADC1,ENSMUSG00000021982,Cdadc1,ortholog_one2one
ENSG00000138675,FGF5,ENSMUSG00000029337,Fgf5,ortholog_one2one
ENSG00000249992,TMEM158,ENSMUSG00000054871,Tmem158,ortholog_one2one
ENSG00000135045,C9orf40,ENSMUSG00000047044,D030056L22Rik,ortholog_one2one
ENSG00000172938,MRGPRD,ENSMUSG00000051207,Mrgprd,ortholog_one2one
ENSG00000128040,SPINK2,ENSMUSG00000053030,Spink2,ortholog_one2one
ENSG00000170837,GPR27,ENSMUSG00000072875,Gpr27,ortholog_one2one
ENSG00000125821,DTD1,ENSMUSG00000027430,Dtd1,ortholog_one2one
ENSG00000110031,LPXN,ENSMUSG00000024696,Lpxn,ortholog_one2one
ENSG00000132938,MTUS2,ENSMUSG00000029651,Mtus2,ortholog_one2one
ENSG00000177098,SCN4B,ENSMUSG00000046480,Scn4b,ortholog_one2one
ENSG00000174473,GALNTL6,ENSMUSG00000096914,Galntl6,ortholog_one2one
ENSG00000101442,ACTR5,ENSMUSG00000037761,Actr5,ortholog_one2one
ENSG00000004777,ARHGAP33,ENSMUSG00000036882,Arhgap33,ortholog_one2one
ENSG00000139508,SLC46A3,ENSMUSG00000029650,Slc46a3,ortholog_one2one
ENSG00000198759,EGFL6,ENSMUSG00000000402,Egfl6,ortholog_one2one
ENSG00000179058,C9orf50,ENSMUSG00000044320,1700001O22Rik,ortholog_one2one
ENSG00000152705,CATSPER3,ENSMUSG00000021499,Catsper3,ortholog_one2one
ENSG00000149201,CCDC81,ENSMUSG00000039391,Ccdc81,ortholog_one2one
ENSG00000114487,MORC1,ENSMUSG00000022652,Morc1,ortholog_one2one
ENSG00000124212,PTGIS,ENSMUSG00000017969,Ptgis,ortholog_one2one
ENSG00000069011,PITX1,ENSMUSG00000021506,Pitx1,ortholog_one2one
ENSG00000130224,LRCH2,ENSMUSG00000031290,Lrch2,ortholog_one2one
ENSG00000198642,KLHL9,ENSMUSG00000070923,Klhl9,ortholog_one2one
ENSG00000178919,FOXE1,ENSMUSG00000070990,Foxe1,ortholog_one2one
ENSG00000181965,NEUROG1,ENSMUSG00000048904,Neurog1,ortholog_one2one
ENSG00000102452,NALCN,ENSMUSG00000000197,Nalcn,ortholog_one2one
ENSG00000100219,XBP1,ENSMUSG00000020484,Xbp1,ortholog_one2one
ENSG00000011083,SLC6A7,ENSMUSG00000052026,Slc6a7,ortholog_one2one
ENSG00000124334,IL9R,ENSMUSG00000020279,Il9r,ortholog_one2one
ENSG00000113262,GRM6,ENSMUSG00000000617,Grm6,ortholog_one2one
ENSG00000137720,CFAP68,ENSMUSG00000037971,Cfap68,ortholog_one2one
ENSG00000104899,AMH,ENSMUSG00000035262,Amh,ortholog_one2one
ENSG00000088356,PDRG1,ENSMUSG00000027472,Pdrg1,ortholog_one2one
ENSG00000102271,KLHL4,ENSMUSG00000025597,Klhl4,ortholog_one2one
ENSG00000163519,TRAT1,ENSMUSG00000030775,Trat1,ortholog_one2one
ENSG00000205838,TTC23L,ENSMUSG00000022249,Ttc23l,ortholog_one2one
ENSG00000152229,PSTPIP2,ENSMUSG00000025429,Pstpip2,ortholog_one2one
ENSG00000139445,FOXN4,ENSMUSG00000042002,Foxn4,ortholog_one2one
ENSG00000170819,BFSP2,ENSMUSG00000032556,Bfsp2,ortholog_one2one
ENSG00000180739,S1PR5,ENSMUSG00000045087,S1pr5,ortholog_one2one
ENSG00000184445,KNTC1,ENSMUSG00000029414,Kntc1,ortholog_one2one
ENSG00000248483,POU5F2,ENSMUSG00000093668,Pou5f2,ortholog_one2one
ENSG00000175745,NR2F1,ENSMUSG00000069171,Nr2f1,ortholog_one2one
ENSG00000163421,PROK2,ENSMUSG00000030069,Prok2,ortholog_one2one
ENSG00000128309,MPST,ENSMUSG00000071711,Mpst,ortholog_one2one
ENSG00000141449,GREB1L,ENSMUSG00000042942,Greb1l,ortholog_one2one
ENSG00000165169,DYNLT3,ENSMUSG00000031176,Dynlt3,ortholog_one2one
ENSG00000168875,SOX14,ENSMUSG00000053747,Sox14,ortholog_one2one
ENSG00000178338,ZNF354B,ENSMUSG00000020335,Zfp354b,ortholog_one2one
ENSG00000152977,ZIC1,ENSMUSG00000032368,Zic1,ortholog_one2one
ENSG00000182168,UNC5C,ENSMUSG00000059921,Unc5c,ortholog_one2one
ENSG00000070031,SCT,ENSMUSG00000038580,Sct,ortholog_one2one
ENSG00000069696,DRD4,ENSMUSG00000025496,Drd4,ortholog_one2one
ENSG00000123728,RAP2C,ENSMUSG00000050029,Rap2c,ortholog_one2one
ENSG00000163590,PPM1L,ENSMUSG00000027784,Ppm1l,ortholog_one2one
ENSG00000100084,HIRA,ENSMUSG00000022702,Hira,ortholog_one2one
ENSG00000277194,SNORD22,ENSMUSG00000065087,Snord22,ortholog_one2one
ENSG00000163630,SYNPR,ENSMUSG00000056296,Synpr,ortholog_one2one
ENSG00000136144,RCBTB1,ENSMUSG00000035469,Rcbtb1,ortholog_one2one
ENSG00000174358,SLC6A19,ENSMUSG00000021565,Slc6a19,ortholog_one2one
ENSG00000166793,YPEL4,ENSMUSG00000034059,Ypel4,ortholog_one2one
ENSG00000126464,PRR12,ENSMUSG00000046574,Prr12,ortholog_one2one
ENSG00000154640,BTG3,ENSMUSG00000022863,Btg3,ortholog_one2one
ENSG00000198099,ADH4,ENSMUSG00000037797,Adh4,ortholog_one2one
ENSG00000164363,SLC6A18,ENSMUSG00000021612,Slc6a18,ortholog_one2one
ENSG00000186462,NAP1L2,ENSMUSG00000082229,Nap1l2,ortholog_one2one
ENSG00000198088,NUP62CL,ENSMUSG00000072944,Nup62cl,ortholog_one2one
ENSG00000132205,EMILIN2,ENSMUSG00000024053,Emilin2,ortholog_one2one
ENSG00000175505,CLCF1,ENSMUSG00000040663,Clcf1,ortholog_one2one
ENSG00000177045,SIX5,ENSMUSG00000040841,Six5,ortholog_one2one
ENSG00000133135,RNF128,ENSMUSG00000031438,Rnf128,ortholog_one2one
ENSG00000141639,MAPK4,ENSMUSG00000024558,Mapk4,ortholog_one2one
ENSG00000213402,PTPRCAP,ENSMUSG00000045826,Ptprcap,ortholog_one2one
ENSG00000175514,GPR152,ENSMUSG00000044724,Gpr152,ortholog_one2one
ENSG00000207732,MIR218-1,ENSMUSG00000065603,Mir218-1,ortholog_one2one
ENSG00000185774,KCNIP4,ENSMUSG00000029088,Kcnip4,ortholog_one2one
ENSG00000171388,APLN,ENSMUSG00000037010,Apln,ortholog_one2one
ENSG00000243279,PRAF2,ENSMUSG00000031149,Praf2,ortholog_one2one
ENSG00000090402,SI,ENSMUSG00000027790,Sis,ortholog_one2one
ENSG00000157625,TAB3,ENSMUSG00000035476,Tab3,ortholog_one2one
ENSG00000185261,KIAA0825,ENSMUSG00000071252,2210408I21Rik,ortholog_one2one
ENSG00000112077,RHAG,ENSMUSG00000023926,Rhag,ortholog_one2one
ENSG00000167612,ANKRD33,ENSMUSG00000047034,Ankrd33,ortholog_one2one
ENSG00000197632,SERPINB2,ENSMUSG00000062345,Serpinb2,ortholog_one2one
ENSG00000038382,TRIO,ENSMUSG00000022263,Trio,ortholog_one2one
ENSG00000161835,TAMALIN,ENSMUSG00000000531,Tamalin,ortholog_one2one
ENSG00000139826,ABHD13,ENSMUSG00000040396,Abhd13,ortholog_one2one
ENSG00000032742,IFT88,ENSMUSG00000040040,Ift88,ortholog_one2one
ENSG00000124479,NDP,ENSMUSG00000040138,Ndp,ortholog_one2one
ENSG00000175536,LIPT2,ENSMUSG00000030725,Lipt2,ortholog_one2one
ENSG00000214827,MTCP1,ENSMUSG00000031200,Mtcp1,ortholog_one2one
ENSG00000101138,CSTF1,ENSMUSG00000027498,Cstf1,ortholog_one2one
ENSG00000136011,STAB2,ENSMUSG00000035459,Stab2,ortholog_one2one
ENSG00000142188,TMEM50B,ENSMUSG00000022964,Tmem50b,ortholog_one2one
ENSG00000186907,RTN4RL2,ENSMUSG00000050896,Rtn4rl2,ortholog_one2one
ENSG00000174343,CHRNA9,ENSMUSG00000029205,Chrna9,ortholog_one2one
ENSG00000197261,C6orf141,ENSMUSG00000054951,9130008F23Rik,ortholog_one2one
ENSG00000018610,STEEP1,ENSMUSG00000006423,Steep1,ortholog_one2one
ENSG00000156587,UBE2L6,ENSMUSG00000027078,Ube2l6,ortholog_one2one
ENSG00000156140,ADAMTS3,ENSMUSG00000043635,Adamts3,ortholog_one2one
ENSG00000166974,MAPRE2,ENSMUSG00000024277,Mapre2,ortholog_one2one
ENSG00000120279,MYCT1,ENSMUSG00000046916,Myct1,ortholog_one2one
ENSG00000244355,LY6G6D,ENSMUSG00000073413,Ly6g6d,ortholog_one2one
ENSG00000149575,SCN2B,ENSMUSG00000070304,Scn2b,ortholog_one2one
ENSG00000102385,DRP2,ENSMUSG00000000223,Drp2,ortholog_one2one
ENSG00000189134,NKAPL,ENSMUSG00000059395,Nkapl,ortholog_one2one
ENSG00000158553,POM121L2,ENSMUSG00000016982,Pom121l2,ortholog_one2one
ENSG00000137413,TAF8,ENSMUSG00000023980,Taf8,ortholog_one2one
ENSG00000180425,C11orf71,ENSMUSG00000042293,Gm5617,ortholog_one2one
ENSG00000111412,SPRING1,ENSMUSG00000032840,Spring1,ortholog_one2one
ENSG00000081051,AFP,ENSMUSG00000054932,Afp,ortholog_one2one
ENSG00000109927,TECTA,ENSMUSG00000037705,Tecta,ortholog_one2one
ENSG00000135116,HRK,ENSMUSG00000046607,Hrk,ortholog_one2one
ENSG00000155307,SAMSN1,ENSMUSG00000022876,Samsn1,ortholog_one2one
ENSG00000133138,TBC1D8B,ENSMUSG00000042473,Tbc1d8b,ortholog_one2one
ENSG00000170374,SP7,ENSMUSG00000060284,Sp7,ortholog_one2one
ENSG00000120451,SNX19,ENSMUSG00000031993,Snx19,ortholog_one2one
ENSG00000156194,PPEF2,ENSMUSG00000029410,Ppef2,ortholog_one2one
ENSG00000101132,PFDN4,ENSMUSG00000052033,Pfdn4,ortholog_one2one
ENSG00000111725,PRKAB1,ENSMUSG00000029513,Prkab1,ortholog_one2one
ENSG00000163995,ABLIM2,ENSMUSG00000029095,Ablim2,ortholog_one2one
ENSG00000203872,C6orf163,ENSMUSG00000071015,Gm136,ortholog_one2one
ENSG00000182566,CLEC4G,ENSMUSG00000074491,Clec4g,ortholog_one2one
ENSG00000156261,CCT8,ENSMUSG00000025613,Cct8,ortholog_one2one
ENSG00000169562,GJB1,ENSMUSG00000047797,Gjb1,ortholog_one2one
ENSG00000075043,KCNQ2,ENSMUSG00000016346,Kcnq2,ortholog_one2one
ENSG00000187556,NANOS3,ENSMUSG00000056155,Nanos3,ortholog_one2one
ENSG00000103994,ZNF106,ENSMUSG00000027288,Zfp106,ortholog_one2one
ENSG00000175544,CABP4,ENSMUSG00000024842,Cabp4,ortholog_one2one
ENSG00000255150,EID3,ENSMUSG00000109864,Eid3,ortholog_one2one
ENSG00000130270,ATP8B3,ENSMUSG00000003341,Atp8b3,ortholog_one2one
ENSG00000135119,RNFT2,ENSMUSG00000032850,Rnft2,ortholog_one2one
ENSG00000085276,MECOM,ENSMUSG00000027684,Mecom,ortholog_one2one
ENSG00000212122,TSSK1B,ENSMUSG00000041566,Tssk1,ortholog_one2one
ENSG00000171444,MCC,ENSMUSG00000071856,Mcc,ortholog_one2one
ENSG00000112137,PHACTR1,ENSMUSG00000054728,Phactr1,ortholog_one2one
ENSG00000124429,POF1B,ENSMUSG00000034607,Pof1b,ortholog_one2one
ENSG00000139190,VAMP1,ENSMUSG00000030337,Vamp1,ortholog_one2one
ENSG00000197467,COL13A1,ENSMUSG00000058806,Col13a1,ortholog_one2one
ENSG00000204290,BTNL2,ENSMUSG00000024340,Btnl2,ortholog_one2one
ENSG00000205927,OLIG2,ENSMUSG00000039830,Olig2,ortholog_one2one
ENSG00000172757,CFL1,ENSMUSG00000056201,Cfl1,ortholog_one2one
ENSG00000203877,RIPPLY2,ENSMUSG00000047897,Ripply2,ortholog_one2one
ENSG00000160190,SLC37A1,ENSMUSG00000024036,Slc37a1,ortholog_one2one
ENSG00000111404,RERGL,ENSMUSG00000092164,Rergl,ortholog_one2one
ENSG00000215193,PEX26,ENSMUSG00000067825,Pex26,ortholog_one2one
ENSG00000099822,HCN2,ENSMUSG00000020331,Hcn2,ortholog_one2one
ENSG00000204536,CCHCR1,ENSMUSG00000040312,Cchcr1,ortholog_one2one
ENSG00000113712,CSNK1A1,ENSMUSG00000024576,Csnk1a1,ortholog_one2one
ENSG00000147138,GPR174,ENSMUSG00000073008,Gpr174,ortholog_one2one
ENSG00000248771,SMIM31,ENSMUSG00000074300,Smim31,ortholog_one2one
ENSG00000159873,CCDC117,ENSMUSG00000020482,Ccdc117,ortholog_one2one
ENSG00000139220,PPFIA2,ENSMUSG00000053825,Ppfia2,ortholog_one2one
ENSG00000125650,PSPN,ENSMUSG00000002664,Pspn,ortholog_one2one
ENSG00000102032,RENBP,ENSMUSG00000031387,Renbp,ortholog_one2one
ENSG00000088247,KHSRP,ENSMUSG00000007670,Khsrp,ortholog_one2one
ENSG00000196844,PATE2,ENSMUSG00000074452,Pate2,ortholog_one2one
ENSG00000183864,TOB2,ENSMUSG00000048546,Tob2,ortholog_one2one
ENSG00000184985,SORCS2,ENSMUSG00000029093,Sorcs2,ortholog_one2one
ENSG00000017797,RALBP1,ENSMUSG00000024096,Ralbp1,ortholog_one2one
ENSG00000126243,LRFN3,ENSMUSG00000036957,Lrfn3,ortholog_one2one
ENSG00000133103,COG6,ENSMUSG00000027742,Cog6,ortholog_one2one
ENSG00000237353,PATE4,ENSMUSG00000032099,Pate4,ortholog_one2one
ENSG00000205138,SDHAF1,ENSMUSG00000074211,Sdhaf1,ortholog_one2one
ENSG00000184117,NIPSNAP1,ENSMUSG00000034285,Nipsnap1,ortholog_one2one
ENSG00000101856,PGRMC1,ENSMUSG00000006373,Pgrmc1,ortholog_one2one
ENSG00000130477,UNC13A,ENSMUSG00000034799,Unc13a,ortholog_one2one
ENSG00000155511,GRIA1,ENSMUSG00000020524,Gria1,ortholog_one2one
ENSG00000006118,TMEM132A,ENSMUSG00000024736,Tmem132a,ortholog_one2one
ENSG00000129682,FGF13,ENSMUSG00000031137,Fgf13,ortholog_one2one
ENSG00000134160,TRPM1,ENSMUSG00000030523,Trpm1,ortholog_one2one
ENSG00000189099,PRSS48,ENSMUSG00000049013,Prss48,ortholog_one2one
ENSG00000129749,CHRNA10,ENSMUSG00000066279,Chrna10,ortholog_one2one
ENSG00000150630,VEGFC,ENSMUSG00000031520,Vegfc,ortholog_one2one
ENSG00000102100,SLC35A2,ENSMUSG00000031156,Slc35a2,ortholog_one2one
ENSG00000175040,CHST2,ENSMUSG00000033350,Chst2,ortholog_one2one
ENSG00000100092,SH3BP1,ENSMUSG00000022436,Sh3bp1,ortholog_one2one
ENSG00000175077,RTP1,ENSMUSG00000033383,Rtp1,ortholog_one2one
ENSG00000187079,TEAD1,ENSMUSG00000055320,Tead1,ortholog_one2one
ENSG00000272856,SCPPPQ1,ENSMUSG00000091034,Scpppq1,ortholog_one2one
ENSG00000248099,INSL3,ENSMUSG00000079019,Insl3,ortholog_one2one
ENSG00000130513,GDF15,ENSMUSG00000038508,Gdf15,ortholog_one2one
ENSG00000163736,PPBP,ENSMUSG00000029372,Ppbp,ortholog_one2one
ENSG00000121853,GHSR,ENSMUSG00000051136,Ghsr,ortholog_one2one
ENSG00000124466,LYPD3,ENSMUSG00000057454,Lypd3,ortholog_one2one
ENSG00000174948,GPR149,ENSMUSG00000043441,Gpr149,ortholog_one2one
ENSG00000109220,CHIC2,ENSMUSG00000029229,Chic2,ortholog_one2one
ENSG00000118156,ZNF541,ENSMUSG00000078796,Zfp541,ortholog_one2one
ENSG00000180613,GSX2,ENSMUSG00000035946,Gsx2,ortholog_one2one
ENSG00000182103,FAM181B,ENSMUSG00000051515,Fam181b,ortholog_one2one
ENSG00000158258,CLSTN2,ENSMUSG00000032452,Clstn2,ortholog_one2one
ENSG00000160305,DIP2A,ENSMUSG00000020231,Dip2a,ortholog_one2one
ENSG00000177432,NAP1L5,ENSMUSG00000055430,Nap1l5,ortholog_one2one
ENSG00000134440,NARS1,ENSMUSG00000024587,Nars1,ortholog_one2one
ENSG00000174885,NLRP6,ENSMUSG00000038745,Nlrp6,ortholog_one2one
ENSG00000136514,RTP4,ENSMUSG00000033355,Rtp4,ortholog_one2one
ENSG00000179846,NKPD1,ENSMUSG00000060621,Nkpd1,ortholog_one2one
ENSG00000138246,DNAJC13,ENSMUSG00000032560,Dnajc13,ortholog_one2one
ENSG00000206013,IFITM5,ENSMUSG00000025489,Ifitm5,ortholog_one2one
ENSG00000161888,SPC24,ENSMUSG00000074476,Spc24,ortholog_one2one
ENSG00000102753,KPNA3,ENSMUSG00000021929,Kpna3,ortholog_one2one
ENSG00000167749,KLK4,ENSMUSG00000006948,Klk4,ortholog_one2one
ENSG00000171204,TMEM126B,ENSMUSG00000030614,Tmem126b,ortholog_one2one
ENSG00000145879,SPINK7,ENSMUSG00000060201,Spink7,ortholog_one2one
ENSG00000099940,SNAP29,ENSMUSG00000022765,Snap29,ortholog_one2one
ENSG00000147027,TMEM47,ENSMUSG00000025666,Tmem47,ortholog_one2one
ENSG00000080709,KCNN2,ENSMUSG00000054477,Kcnn2,ortholog_one2one
ENSG00000179071,CCDC89,ENSMUSG00000044362,Ccdc89,ortholog_one2one
ENSG00000176463,SLCO3A1,ENSMUSG00000025790,Slco3a1,ortholog_one2one
ENSG00000151364,KCTD14,ENSMUSG00000051727,Kctd14,ortholog_one2one
ENSG00000172738,TMEM217,ENSMUSG00000079580,Tmem217,ortholog_one2one
ENSG00000145757,SPATA9,ENSMUSG00000021590,Spata9,ortholog_one2one
ENSG00000172578,KLHL6,ENSMUSG00000043008,Klhl6,ortholog_one2one
ENSG00000196839,ADA,ENSMUSG00000017697,Ada,ortholog_one2one
ENSG00000122121,XPNPEP2,ENSMUSG00000037005,Xpnpep2,ortholog_one2one
ENSG00000166341,DCHS1,ENSMUSG00000036862,Dchs1,ortholog_one2one
ENSG00000166897,ELFN2,ENSMUSG00000043460,Elfn2,ortholog_one2one
ENSG00000125304,TM9SF2,ENSMUSG00000025544,Tm9sf2,ortholog_one2one
ENSG00000163638,ADAMTS9,ENSMUSG00000030022,Adamts9,ortholog_one2one
ENSG00000099991,CABIN1,ENSMUSG00000020196,Cabin1,ortholog_one2one
ENSG00000152377,SPOCK1,ENSMUSG00000056222,Spock1,ortholog_one2one
ENSG00000254550,OMP,ENSMUSG00000074006,Omp,ortholog_one2one
ENSG00000176029,C11orf16,ENSMUSG00000031022,BC051019,ortholog_one2one
ENSG00000164236,ANKRD33B,ENSMUSG00000022237,Ankrd33b,ortholog_one2one
ENSG00000189420,ZFP92,ENSMUSG00000031374,Zfp92,ortholog_one2one
ENSG00000141448,GATA6,ENSMUSG00000005836,Gata6,ortholog_one2one
ENSG00000184347,SLIT3,ENSMUSG00000056427,Slit3,ortholog_one2one
ENSG00000123572,NRK,ENSMUSG00000052854,Nrk,ortholog_one2one
ENSG00000201998,SNORA23,ENSMUSG00000064451,Snora23,ortholog_one2one
ENSG00000158578,ALAS2,ENSMUSG00000025270,Alas2,ortholog_one2one
ENSG00000213822,CEACAM18,ENSMUSG00000030472,Ceacam18,ortholog_one2one
ENSG00000105672,ETV2,ENSMUSG00000006311,Etv2,ortholog_one2one
ENSG00000235711,ANKRD34C,ENSMUSG00000047606,Ankrd34c,ortholog_one2one
ENSG00000188112,C6orf132,ENSMUSG00000034382,AI661453,ortholog_one2one
ENSG00000198838,RYR3,ENSMUSG00000057378,Ryr3,ortholog_one2one
ENSG00000101624,CEP76,ENSMUSG00000073542,Cep76,ortholog_one2one
ENSG00000180660,MAB21L1,ENSMUSG00000056947,Mab21l1,ortholog_one2one
ENSG00000175066,GK5,ENSMUSG00000041440,Gk5,ortholog_one2one
ENSG00000136104,RNASEH2B,ENSMUSG00000021932,Rnaseh2b,ortholog_one2one
ENSG00000105668,UPK1A,ENSMUSG00000006313,Upk1a,ortholog_one2one
ENSG00000196415,PRTN3,ENSMUSG00000057729,Prtn3,ortholog_one2one
ENSG00000197753,LHFPL5,ENSMUSG00000062252,Lhfpl5,ortholog_one2one
ENSG00000112679,DUSP22,ENSMUSG00000069255,Dusp22,ortholog_one2one
ENSG00000204950,LRRC10B,ENSMUSG00000090291,Lrrc10b,ortholog_one2one
ENSG00000178297,TMPRSS9,ENSMUSG00000059406,Tmprss9,ortholog_one2one
ENSG00000149480,MTA2,ENSMUSG00000071646,Mta2,ortholog_one2one
ENSG00000174013,FBXO45,ENSMUSG00000035764,Fbxo45,ortholog_one2one
ENSG00000134265,NAPG,ENSMUSG00000024581,Napg,ortholog_one2one
ENSG00000182132,KCNIP1,ENSMUSG00000053519,Kcnip1,ortholog_one2one
ENSG00000163961,RNF168,ENSMUSG00000014074,Rnf168,ortholog_one2one
ENSG00000100341,PNPLA5,ENSMUSG00000018868,Pnpla5,ortholog_one2one
ENSG00000149489,ROM1,ENSMUSG00000071648,Rom1,ortholog_one2one
ENSG00000158290,CUL4B,ENSMUSG00000031095,Cul4b,ortholog_one2one
ENSG00000125741,OPA3,ENSMUSG00000052214,Opa3,ortholog_one2one
ENSG00000185085,INTS5,ENSMUSG00000071652,Ints5,ortholog_one2one
ENSG00000284544,MIR330,ENSMUSG00000065543,Mir330,ortholog_one2one
ENSG00000128271,ADORA2A,ENSMUSG00000020178,Adora2a,ortholog_one2one
ENSG00000105639,JAK3,ENSMUSG00000031805,Jak3,ortholog_one2one
ENSG00000278615,C11orf98,ENSMUSG00000071653,1810009A15Rik,ortholog_one2one
ENSG00000182836,PLCXD3,ENSMUSG00000049148,Plcxd3,ortholog_one2one
ENSG00000173261,PLAC8L1,ENSMUSG00000059455,Plac8l1,ortholog_one2one
ENSG00000079841,RIMS1,ENSMUSG00000041670,Rims1,ortholog_one2one
ENSG00000141384,TAF4B,ENSMUSG00000054321,Taf4b,ortholog_one2one
ENSG00000173210,ABLIM3,ENSMUSG00000032735,Ablim3,ortholog_one2one
ENSG00000187848,P2RX2,ENSMUSG00000029503,P2rx2,ortholog_one2one
ENSG00000207166,SNORA68,ENSMUSG00000077563,Snora68,ortholog_one2one
ENSG00000105641,SLC5A5,ENSMUSG00000000792,Slc5a5,ortholog_one2one
ENSG00000019995,ZRANB1,ENSMUSG00000030967,Zranb1,ortholog_one2one
ENSG00000158470,B4GALT5,ENSMUSG00000017929,B4galt5,ortholog_one2one
ENSG00000119938,PPP1R3C,ENSMUSG00000067279,Ppp1r3c,ortholog_one2one
ENSG00000081154,PCNP,ENSMUSG00000071533,Pcnp,ortholog_one2one
ENSG00000128294,TPST2,ENSMUSG00000029344,Tpst2,ortholog_one2one
ENSG00000189430,NCR1,ENSMUSG00000062524,Ncr1,ortholog_one2one
ENSG00000154493,C10orf90,ENSMUSG00000030994,D7Ertd443e,ortholog_one2one
ENSG00000101282,RSPO4,ENSMUSG00000032852,Rspo4,ortholog_one2one
ENSG00000148680,HTR7,ENSMUSG00000024798,Htr7,ortholog_one2one
ENSG00000188817,SNTN,ENSMUSG00000044772,Sntn,ortholog_one2one
ENSG00000124159,MATN4,ENSMUSG00000016995,Matn4,ortholog_one2one
ENSG00000160439,RDH13,ENSMUSG00000008435,Rdh13,ortholog_one2one
ENSG00000163634,THOC7,ENSMUSG00000053453,Thoc7,ortholog_one2one
ENSG00000176105,YES1,ENSMUSG00000014932,Yes1,ortholog_one2one
ENSG00000127743,IL17B,ENSMUSG00000024578,Il17b,ortholog_one2one
ENSG00000145860,RNF145,ENSMUSG00000019189,Rnf145,ortholog_one2one
ENSG00000156113,KCNMA1,ENSMUSG00000063142,Kcnma1,ortholog_one2one
ENSG00000124440,HIF3A,ENSMUSG00000004328,Hif3a,ortholog_one2one
ENSG00000172367,NHERF4,ENSMUSG00000032105,Nherf4,ortholog_one2one
ENSG00000181744,DIPK2A,ENSMUSG00000045414,Dipk2a,ortholog_one2one
ENSG00000160200,CBS,ENSMUSG00000024039,Cbs,ortholog_one2one
ENSG00000167791,CABP2,ENSMUSG00000024857,Cabp2,ortholog_one2one
ENSG00000163888,CAMK2N2,ENSMUSG00000051146,Camk2n2,ortholog_one2one
ENSG00000188573,FBLL1,ENSMUSG00000051062,Fbll1,ortholog_one2one
ENSG00000181585,TMIE,ENSMUSG00000049555,Tmie,ortholog_one2one
ENSG00000139372,TDG,ENSMUSG00000034674,Tdg,ortholog_one2one
ENSG00000283706,PRSS50,ENSMUSG00000048752,Prss50,ortholog_one2one
ENSG00000113448,PDE4D,ENSMUSG00000021699,Pde4d,ortholog_one2one
ENSG00000169515,CCDC8,ENSMUSG00000041117,Ccdc8,ortholog_one2one
ENSG00000172061,LRRC15,ENSMUSG00000052316,Lrrc15,ortholog_one2one
ENSG00000154832,CXXC1,ENSMUSG00000024560,Cxxc1,ortholog_one2one
ENSG00000185112,FAM43A,ENSMUSG00000046546,Fam43a,ortholog_one2one
ENSG00000188162,OTOG,ENSMUSG00000009487,Otog,ortholog_one2one
ENSG00000166147,FBN1,ENSMUSG00000027204,Fbn1,ortholog_one2one
ENSG00000134109,EDEM1,ENSMUSG00000030104,Edem1,ortholog_one2one
ENSG00000139304,PTPRQ,ENSMUSG00000035916,Ptprq,ortholog_one2one
ENSG00000130881,LRP3,ENSMUSG00000001802,Lrp3,ortholog_one2one
ENSG00000110244,APOA4,ENSMUSG00000032080,Apoa4,ortholog_one2one
ENSG00000168356,SCN11A,ENSMUSG00000034115,Scn11a,ortholog_one2one
ENSG00000149657,LSM14B,ENSMUSG00000039108,Lsm14b,ortholog_one2one
ENSG00000165899,OTOGL,ENSMUSG00000091455,Otogl,ortholog_one2one
ENSG00000077713,SLC25A43,ENSMUSG00000037636,Slc25a43,ortholog_one2one
ENSG00000184698,OR51M1,ENSMUSG00000042219,Or51m1,ortholog_one2one
ENSG00000099998,GGT5,ENSMUSG00000006344,Ggt5,ortholog_one2one
ENSG00000181963,OR52K2,ENSMUSG00000073973,Or52k2,ortholog_one2one
ENSG00000076944,STXBP2,ENSMUSG00000004626,Stxbp2,ortholog_one2one
ENSG00000182791,CCDC87,ENSMUSG00000067872,Ccdc87,ortholog_one2one
ENSG00000147246,HTR2C,ENSMUSG00000041380,Htr2c,ortholog_one2one
ENSG00000196396,PTPN1,ENSMUSG00000027540,Ptpn1,ortholog_one2one
ENSG00000155008,APOOL,ENSMUSG00000025525,Apool,ortholog_one2one
ENSG00000183087,GAS6,ENSMUSG00000031451,Gas6,ortholog_one2one
ENSG00000184194,GPR173,ENSMUSG00000056679,Gpr173,ortholog_one2one
ENSG00000172987,HPSE2,ENSMUSG00000074852,Hpse2,ortholog_one2one
ENSG00000156504,PABIR2,ENSMUSG00000036022,Pabir2,ortholog_one2one
ENSG00000180785,OR51E1,ENSMUSG00000070423,Or51e1,ortholog_one2one
ENSG00000101104,PABPC1L,ENSMUSG00000054582,Pabpc1l,ortholog_one2one
ENSG00000023839,ABCC2,ENSMUSG00000025194,Abcc2,ortholog_one2one
ENSG00000177558,FAM187B,ENSMUSG00000046826,Fam187b,ortholog_one2one
ENSG00000187068,C3orf70,ENSMUSG00000043391,2510009E07Rik,ortholog_one2one
ENSG00000167332,OR51E2,ENSMUSG00000043366,Or51e2,ortholog_one2one
ENSG00000163347,CLDN1,ENSMUSG00000022512,Cldn1,ortholog_one2one
ENSG00000179119,SPTY2D1,ENSMUSG00000049516,Spty2d1,ortholog_one2one
ENSG00000174963,ZIC4,ENSMUSG00000036972,Zic4,ortholog_one2one
ENSG00000205126,ACCSL,ENSMUSG00000075023,Accsl,ortholog_one2one
ENSG00000273111,LYPD4,ENSMUSG00000062732,Lypd4,ortholog_one2one
ENSG00000142025,DMRTC2,ENSMUSG00000011349,Dmrtc2,ortholog_one2one
ENSG00000052850,ALX4,ENSMUSG00000040310,Alx4,ortholog_one2one
ENSG00000171657,GPR82,ENSMUSG00000047678,Gpr82,ortholog_one2one
ENSG00000124743,KLHL31,ENSMUSG00000044938,Klhl31,ortholog_one2one
ENSG00000149968,MMP3,ENSMUSG00000043613,Mmp3,ortholog_one2one
ENSG00000107593,PKD2L1,ENSMUSG00000037578,Pkd2l1,ortholog_one2one
ENSG00000158352,SHROOM4,ENSMUSG00000068270,Shroom4,ortholog_one2one
ENSG00000105369,CD79A,ENSMUSG00000003379,Cd79a,ortholog_one2one
ENSG00000088836,SLC4A11,ENSMUSG00000074796,Slc4a11,ortholog_one2one
ENSG00000111832,RWDD1,ENSMUSG00000019782,Rwdd1,ortholog_one2one
ENSG00000111335,OAS2,ENSMUSG00000032690,Oas2,ortholog_one2one
ENSG00000105392,CRX,ENSMUSG00000041578,Crx,ortholog_one2one
ENSG00000262406,MMP12,ENSMUSG00000049723,Mmp12,ortholog_one2one
ENSG00000165655,ZNF503,ENSMUSG00000039081,Zfp503,ortholog_one2one
ENSG00000158571,PFKFB1,ENSMUSG00000025271,Pfkfb1,ortholog_one2one
ENSG00000019505,SYT13,ENSMUSG00000027220,Syt13,ortholog_one2one
ENSG00000120708,TGFBI,ENSMUSG00000035493,Tgfbi,ortholog_one2one
ENSG00000086544,ITPKC,ENSMUSG00000003752,Itpkc,ortholog_one2one
ENSG00000111834,RSPH4A,ENSMUSG00000039552,Rsph4a,ortholog_one2one
ENSG00000181915,ADO,ENSMUSG00000057134,Ado,ortholog_one2one
ENSG00000145020,AMT,ENSMUSG00000032607,Amt,ortholog_one2one
ENSG00000107854,TNKS2,ENSMUSG00000024811,Tnks2,ortholog_one2one
ENSG00000204498,NFKBIL1,ENSMUSG00000042419,Nfkbil1,ortholog_one2one
ENSG00000111237,VPS29,ENSMUSG00000029462,Vps29,ortholog_one2one
ENSG00000105613,MAST1,ENSMUSG00000053693,Mast1,ortholog_one2one
ENSG00000151164,RAD9B,ENSMUSG00000038569,Rad9b,ortholog_one2one
ENSG00000174721,FGFBP3,ENSMUSG00000047632,Fgfbp3,ortholog_one2one
ENSG00000151553,FHIP2A,ENSMUSG00000033478,Fhip2a,ortholog_one2one
ENSG00000169976,SF3B5,ENSMUSG00000078348,Sf3b5,ortholog_one2one
ENSG00000048649,RSF1,ENSMUSG00000035623,Rsf1,ortholog_one2one
ENSG00000083097,DOP1A,ENSMUSG00000034973,Dop1a,ortholog_one2one
ENSG00000108018,SORCS1,ENSMUSG00000043531,Sorcs1,ortholog_one2one
ENSG00000101109,STK4,ENSMUSG00000018209,Stk4,ortholog_one2one
ENSG00000183378,OVCH2,ENSMUSG00000048236,Ovch2,ortholog_one2one
ENSG00000105650,PDE4C,ENSMUSG00000031842,Pde4c,ortholog_one2one
ENSG00000164509,IL31RA,ENSMUSG00000050377,Il31ra,ortholog_one2one
ENSG00000134884,ARGLU1,ENSMUSG00000040459,Arglu1,ortholog_one2one
ENSG00000186298,PPP1CC,ENSMUSG00000004455,Ppp1cc,ortholog_one2one
ENSG00000107562,CXCL12,ENSMUSG00000061353,Cxcl12,ortholog_one2one
ENSG00000139517,LNX2,ENSMUSG00000016520,Lnx2,ortholog_one2one
ENSG00000100105,PATZ1,ENSMUSG00000020453,Patz1,ortholog_one2one
ENSG00000178645,C10orf53,ENSMUSG00000072473,1700024G13Rik,ortholog_one2one
ENSG00000107859,PITX3,ENSMUSG00000025229,Pitx3,ortholog_one2one
ENSG00000188613,NANOS1,ENSMUSG00000072437,Nanos1,ortholog_one2one
ENSG00000100348,TXN2,ENSMUSG00000005354,Txn2,ortholog_one2one
ENSG00000169609,C15orf40,ENSMUSG00000025102,3110040N11Rik,ortholog_one2one
ENSG00000132801,ZSWIM3,ENSMUSG00000045822,Zswim3,ortholog_one2one
ENSG00000089116,LHX5,ENSMUSG00000029595,Lhx5,ortholog_one2one
ENSG00000125966,MMP24,ENSMUSG00000027612,Mmp24,ortholog_one2one
ENSG00000126226,PCID2,ENSMUSG00000038542,Pcid2,ortholog_one2one
ENSG00000079393,DUSP13B,ENSMUSG00000021768,Dusp13b,ortholog_one2one
ENSG00000204296,TSBP1,ENSMUSG00000057246,Tsbp1,ortholog_one2one
ENSG00000139645,ANKRD52,ENSMUSG00000014498,Ankrd52,ortholog_one2one
ENSG00000198283,OR5B21,ENSMUSG00000046272,Or5b21,ortholog_one2one
ENSG00000185231,MC2R,ENSMUSG00000045569,Mc2r,ortholog_one2one
ENSG00000165376,CLDN2,ENSMUSG00000047230,Cldn2,ortholog_one2one
ENSG00000080839,RBL1,ENSMUSG00000027641,Rbl1,ortholog_one2one
ENSG00000166949,SMAD3,ENSMUSG00000032402,Smad3,ortholog_one2one
ENSG00000128789,PSMG2,ENSMUSG00000024537,Psmg2,ortholog_one2one
ENSG00000078589,P2RY10,ENSMUSG00000050921,P2ry10,ortholog_one2one
ENSG00000186714,CCDC73,ENSMUSG00000045106,Ccdc73,ortholog_one2one
ENSG00000181191,PJA1,ENSMUSG00000034403,Pja1,ortholog_one2one
ENSG00000130748,TMEM160,ENSMUSG00000019158,Tmem160,ortholog_one2one
ENSG00000130749,ZC3H4,ENSMUSG00000059273,Zc3h4,ortholog_one2one
ENSG00000165186,PTCHD1,ENSMUSG00000041552,Ptchd1,ortholog_one2one
ENSG00000110944,IL23A,ENSMUSG00000025383,Il23a,ortholog_one2one
ENSG00000164061,BSN,ENSMUSG00000032589,Bsn,ortholog_one2one
ENSG00000170638,TRABD,ENSMUSG00000015363,Trabd,ortholog_one2one
ENSG00000102048,ASB9,ENSMUSG00000031384,Asb9,ortholog_one2one
ENSG00000137727,ARHGAP20,ENSMUSG00000053199,Arhgap20,ortholog_one2one
ENSG00000111711,GOLT1B,ENSMUSG00000030245,Golt1b,ortholog_one2one
ENSG00000099341,PSMD8,ENSMUSG00000030591,Psmd8,ortholog_one2one
ENSG00000176020,AMIGO3,ENSMUSG00000032593,Amigo3,ortholog_one2one
ENSG00000238942,SNORD2,ENSMUSG00000088524,Snord2,ortholog_one2one
ENSG00000183770,FOXL2,ENSMUSG00000050397,Foxl2,ortholog_one2one
ENSG00000119965,C10orf88,ENSMUSG00000040177,2310057M21Rik,ortholog_one2one
ENSG00000147113,DIPK2B,ENSMUSG00000037358,Dipk2b,ortholog_one2one
ENSG00000196132,MYT1,ENSMUSG00000010505,Myt1,ortholog_one2one
ENSG00000179988,PSTK,ENSMUSG00000063179,Pstk,ortholog_one2one
ENSG00000104856,RELB,ENSMUSG00000002983,Relb,ortholog_one2one
ENSG00000049768,FOXP3,ENSMUSG00000039521,Foxp3,ortholog_one2one
ENSG00000164244,PRRC1,ENSMUSG00000024594,Prrc1,ortholog_one2one
ENSG00000172602,RND1,ENSMUSG00000054855,Rnd1,ortholog_one2one
ENSG00000179674,ARL14,ENSMUSG00000098207,Arl14,ortholog_one2one
ENSG00000083937,CHMP2B,ENSMUSG00000004843,Chmp2b,ortholog_one2one
ENSG00000170684,ZNF296,ENSMUSG00000011267,Zfp296,ortholog_one2one
ENSG00000088812,ATRN,ENSMUSG00000027312,Atrn,ortholog_one2one
ENSG00000065060,BLTP3A,ENSMUSG00000039512,Bltp3a,ortholog_one2one
ENSG00000114251,WNT5A,ENSMUSG00000021994,Wnt5a,ortholog_one2one
ENSG00000130158,DOCK6,ENSMUSG00000032198,Dock6,ortholog_one2one
ENSG00000154237,LRRK1,ENSMUSG00000015133,Lrrk1,ortholog_one2one
ENSG00000101557,USP14,ENSMUSG00000047879,Usp14,ortholog_one2one
ENSG00000184992,BRI3BP,ENSMUSG00000037905,Bri3bp,ortholog_one2one
ENSG00000180929,GPR62,ENSMUSG00000091735,Gpr62,ortholog_one2one
ENSG00000124678,TCP11,ENSMUSG00000062859,Tcp11,ortholog_one2one
ENSG00000176087,SLC35A4,ENSMUSG00000033272,Slc35a4,ortholog_one2one
ENSG00000170549,IRX1,ENSMUSG00000060969,Irx1,ortholog_one2one
ENSG00000074590,NUAK1,ENSMUSG00000020032,Nuak1,ortholog_one2one
ENSG00000182667,NTM,ENSMUSG00000059974,Ntm,ortholog_one2one
ENSG00000113595,TRIM23,ENSMUSG00000021712,Trim23,ortholog_one2one
ENSG00000178217,SH2D4B,ENSMUSG00000037833,Sh2d4b,ortholog_one2one
ENSG00000214700,C12orf71,ENSMUSG00000040163,1700034J05Rik,ortholog_one2one
ENSG00000111490,TBC1D30,ENSMUSG00000052302,Tbc1d30,ortholog_one2one
ENSG00000101350,KIF3B,ENSMUSG00000027475,Kif3b,ortholog_one2one
ENSG00000184719,RNLS,ENSMUSG00000071573,Rnls,ortholog_one2one
ENSG00000120688,WBP4,ENSMUSG00000022023,Wbp4,ortholog_one2one
ENSG00000125864,BFSP1,ENSMUSG00000027420,Bfsp1,ortholog_one2one
ENSG00000015285,WAS,ENSMUSG00000031165,Was,ortholog_one2one
ENSG00000151379,MSGN1,ENSMUSG00000047002,Msgn1,ortholog_one2one
ENSG00000022840,RNF10,ENSMUSG00000041740,Rnf10,ortholog_one2one
ENSG00000099617,EFNA2,ENSMUSG00000003070,Efna2,ortholog_one2one
ENSG00000134278,SPIRE1,ENSMUSG00000024533,Spire1,ortholog_one2one
ENSG00000164086,DUSP7,ENSMUSG00000053716,Dusp7,ortholog_one2one
ENSG00000177291,GJD4,ENSMUSG00000036855,Gjd4,ortholog_one2one
ENSG00000068650,ATP11A,ENSMUSG00000031441,Atp11a,ortholog_one2one
ENSG00000178795,GDPD4,ENSMUSG00000035582,Gdpd4,ortholog_one2one
ENSG00000177283,FZD8,ENSMUSG00000036904,Fzd8,ortholog_one2one
ENSG00000163930,BAP1,ENSMUSG00000021901,Bap1,ortholog_one2one
ENSG00000101000,PROCR,ENSMUSG00000027611,Procr,ortholog_one2one
ENSG00000143869,GDF7,ENSMUSG00000037660,Gdf7,ortholog_one2one
ENSG00000124172,ATP5F1E,ENSMUSG00000016252,Atp5f1e,ortholog_one2one
ENSG00000185650,ZFP36L1,ENSMUSG00000021127,Zfp36l1,ortholog_one2one
ENSG00000118096,IFT46,ENSMUSG00000002031,Ift46,ortholog_one2one
ENSG00000171126,KCNG3,ENSMUSG00000045053,Kcng3,ortholog_one2one
ENSG00000170820,FSHR,ENSMUSG00000032937,Fshr,ortholog_one2one
ENSG00000125971,DYNLRB1,ENSMUSG00000047459,Dynlrb1,ortholog_one2one
ENSG00000099968,BCL2L13,ENSMUSG00000009112,Bcl2l13,ortholog_one2one
ENSG00000124181,PLCG1,ENSMUSG00000016933,Plcg1,ortholog_one2one
ENSG00000123561,SERPINA7,ENSMUSG00000031271,Serpina7,ortholog_one2one
ENSG00000113555,PCDH12,ENSMUSG00000024440,Pcdh12,ortholog_one2one
ENSG00000166224,SGPL1,ENSMUSG00000020097,Sgpl1,ortholog_one2one
ENSG00000180697,C3orf22,ENSMUSG00000049694,BC048671,ortholog_one2one
ENSG00000133110,POSTN,ENSMUSG00000027750,Postn,ortholog_one2one
ENSG00000086717,PPEF1,ENSMUSG00000062168,Ppef1,ortholog_one2one
ENSG00000177733,HNRNPA0,ENSMUSG00000007836,Hnrnpa0,ortholog_one2one
ENSG00000175161,CADM2,ENSMUSG00000064115,Cadm2,ortholog_one2one
ENSG00000187783,TMEM72,ENSMUSG00000048108,Tmem72,ortholog_one2one
ENSG00000123374,CDK2,ENSMUSG00000025358,Cdk2,ortholog_one2one
ENSG00000027075,PRKCH,ENSMUSG00000021108,Prkch,ortholog_one2one
ENSG00000115464,USP34,ENSMUSG00000056342,Usp34,ortholog_one2one
ENSG00000075290,WNT8B,ENSMUSG00000036961,Wnt8b,ortholog_one2one
ENSG00000214872,SMTNL1,ENSMUSG00000027077,Smtnl1,ortholog_one2one
ENSG00000112972,HMGCS1,ENSMUSG00000093930,Hmgcs1,ortholog_one2one
ENSG00000136750,GAD2,ENSMUSG00000026787,Gad2,ortholog_one2one
ENSG00000163646,CLRN1,ENSMUSG00000043850,Clrn1,ortholog_one2one
ENSG00000173338,KCNK7,ENSMUSG00000024936,Kcnk7,ortholog_one2one
ENSG00000232810,TNF,ENSMUSG00000024401,Tnf,ortholog_one2one
ENSG00000151882,CCL28,ENSMUSG00000074715,Ccl28,ortholog_one2one
ENSG00000036473,OTC,ENSMUSG00000031173,Otc,ortholog_one2one
ENSG00000139278,GLIPR1,ENSMUSG00000056888,Glipr1,ortholog_one2one
ENSG00000081087,OSTM1,ENSMUSG00000038280,Ostm1,ortholog_one2one
ENSG00000174695,TMEM167A,ENSMUSG00000012422,Tmem167,ortholog_one2one
ENSG00000088726,TMEM40,ENSMUSG00000059900,Tmem40,ortholog_one2one
ENSG00000165985,C1QL3,ENSMUSG00000049630,C1ql3,ortholog_one2one
ENSG00000184702,SEPTIN5,ENSMUSG00000072214,Septin5,ortholog_one2one
ENSG00000105443,CYTH2,ENSMUSG00000003269,Cyth2,ortholog_one2one
ENSG00000122862,SRGN,ENSMUSG00000020077,Srgn,ortholog_one2one
ENSG00000072657,TRHDE,ENSMUSG00000050663,Trhde,ortholog_one2one
ENSG00000165923,AGBL2,ENSMUSG00000040812,Agbl2,ortholog_one2one
ENSG00000165194,PCDH19,ENSMUSG00000051323,Pcdh19,ortholog_one2one
ENSG00000135346,CGA,ENSMUSG00000028298,Cga,ortholog_one2one
ENSG00000049860,HEXB,ENSMUSG00000021665,Hexb,ortholog_one2one
ENSG00000112115,IL17A,ENSMUSG00000025929,Il17a,ortholog_one2one
ENSG00000269313,MAGIX,ENSMUSG00000031147,Magix,ortholog_one2one
ENSG00000112116,IL17F,ENSMUSG00000041872,Il17f,ortholog_one2one
ENSG00000213626,LBH,ENSMUSG00000024063,Lbh,ortholog_one2one
ENSG00000203733,GJE1,ENSMUSG00000019867,Gje1,ortholog_one2one
ENSG00000082175,PGR,ENSMUSG00000031870,Pgr,ortholog_one2one
ENSG00000240053,LY6G5B,ENSMUSG00000043807,Ly6g5b,ortholog_one2one
ENSG00000131264,CDX4,ENSMUSG00000031326,Cdx4,ortholog_one2one
ENSG00000072133,RPS6KA6,ENSMUSG00000025665,Rps6ka6,ortholog_one2one
ENSG00000204428,LY6G5C,ENSMUSG00000034482,Ly6g5c,ortholog_one2one
ENSG00000167531,LALBA,ENSMUSG00000022991,Lalba,ortholog_one2one
ENSG00000237988,OR2I1,ENSMUSG00000043827,Or2i1,ortholog_one2one
ENSG00000146243,IRAK1BP1,ENSMUSG00000032251,Irak1bp1,ortholog_one2one
ENSG00000123307,NEUROD4,ENSMUSG00000048015,Neurod4,ortholog_one2one
ENSG00000119866,BCL11A,ENSMUSG00000000861,Bcl11a,ortholog_one2one
ENSG00000181929,PRKAG1,ENSMUSG00000067713,Prkag1,ortholog_one2one
ENSG00000156564,LRFN2,ENSMUSG00000040490,Lrfn2,ortholog_one2one
ENSG00000075643,MOCOS,ENSMUSG00000039616,Mocos,ortholog_one2one
ENSG00000125885,MCM8,ENSMUSG00000027353,Mcm8,ortholog_one2one
ENSG00000188315,C3orf62,ENSMUSG00000032611,1700102P08Rik,ortholog_one2one
ENSG00000112159,MDN1,ENSMUSG00000058006,Mdn1,ortholog_one2one
ENSG00000086570,FAT2,ENSMUSG00000055333,Fat2,ortholog_one2one
ENSG00000177947,CIMAP1A,ENSMUSG00000025482,Cimap1a,ortholog_one2one
ENSG00000073282,TP63,ENSMUSG00000022510,Trp63,ortholog_one2one
ENSG00000180304,OAZ2,ENSMUSG00000040652,Oaz2,ortholog_one2one
ENSG00000120149,MSX2,ENSMUSG00000021469,Msx2,ortholog_one2one
ENSG00000145491,ROPN1L,ENSMUSG00000022236,Ropn1l,ortholog_one2one
ENSG00000110171,TRIM3,ENSMUSG00000036989,Trim3,ortholog_one2one
ENSG00000124772,CPNE5,ENSMUSG00000024008,Cpne5,ortholog_one2one
ENSG00000245848,CEBPA,ENSMUSG00000034957,Cebpa,ortholog_one2one
ENSG00000198597,ZNF536,ENSMUSG00000043456,Zfp536,ortholog_one2one
ENSG00000089195,TRMT6,ENSMUSG00000037376,Trmt6,ortholog_one2one
ENSG00000115353,TACR1,ENSMUSG00000030043,Tacr1,ortholog_one2one
ENSG00000130598,TNNI2,ENSMUSG00000031097,Tnni2,ortholog_one2one
ENSG00000186951,PPARA,ENSMUSG00000022383,Ppara,ortholog_one2one
ENSG00000178199,ZC3H12D,ENSMUSG00000039981,Zc3h12d,ortholog_one2one
ENSG00000157884,CIB4,ENSMUSG00000053194,Cib4,ortholog_one2one
ENSG00000174132,FAM174A,ENSMUSG00000051185,Fam174a,ortholog_one2one
ENSG00000157554,ERG,ENSMUSG00000040732,Erg,ortholog_one2one
ENSG00000048545,GUCA1A,ENSMUSG00000023982,Guca1a,ortholog_one2one
ENSG00000134571,MYBPC3,ENSMUSG00000002100,Mybpc3,ortholog_one2one
ENSG00000169067,ACTBL2,ENSMUSG00000055194,Actbl2,ortholog_one2one
ENSG00000164508,H2AC1,ENSMUSG00000060081,H2ac1,ortholog_one2one
ENSG00000112164,GLP1R,ENSMUSG00000024027,Glp1r,ortholog_one2one
ENSG00000168461,RAB31,ENSMUSG00000056515,Rab31,ortholog_one2one
ENSG00000088766,CRLS1,ENSMUSG00000027357,Crls1,ortholog_one2one
ENSG00000156453,PCDH1,ENSMUSG00000051375,Pcdh1,ortholog_one2one
ENSG00000189001,SBSN,ENSMUSG00000046056,Sbsn,ortholog_one2one
ENSG00000105679,GAPDHS,ENSMUSG00000061099,Gapdhs,ortholog_one2one
ENSG00000184530,C6orf58,ENSMUSG00000015519,2310057J18Rik,ortholog_one2one
ENSG00000111241,FGF6,ENSMUSG00000000183,Fgf6,ortholog_one2one
ENSG00000175197,DDIT3,ENSMUSG00000025408,Ddit3,ortholog_one2one
ENSG00000198646,NCOA6,ENSMUSG00000038369,Ncoa6,ortholog_one2one
ENSG00000146216,TTBK1,ENSMUSG00000015599,Ttbk1,ortholog_one2one
ENSG00000105675,ATP4A,ENSMUSG00000005553,Atp4a,ortholog_one2one
ENSG00000149972,CNTN5,ENSMUSG00000039488,Cntn5,ortholog_one2one
ENSG00000167315,ACAA2,ENSMUSG00000036880,Acaa2,ortholog_one2one
ENSG00000184731,FAM110C,ENSMUSG00000036136,Fam110c,ortholog_one2one
ENSG00000181234,TMEM132C,ENSMUSG00000034324,Tmem132c,ortholog_one2one
ENSG00000181704,YIPF6,ENSMUSG00000047694,Yipf6,ortholog_one2one
ENSG00000256660,CLEC12B,ENSMUSG00000030158,Clec12b,ortholog_one2one
ENSG00000171094,ALK,ENSMUSG00000055471,Alk,ortholog_one2one
ENSG00000170262,MRAP,ENSMUSG00000039956,Mrap,ortholog_one2one
ENSG00000242120,MDFIC2,ENSMUSG00000090667,Mdfic2,ortholog_one2one
ENSG00000163684,RPP14,ENSMUSG00000023156,Rpp14,ortholog_one2one
ENSG00000160255,ITGB2,ENSMUSG00000000290,Itgb2,ortholog_one2one
ENSG00000273777,CEACAM20,ENSMUSG00000070777,Ceacam20,ortholog_one2one
ENSG00000187855,ASCL4,ENSMUSG00000085111,Ascl4,ortholog_one2one
ENSG00000139364,TMEM132B,ENSMUSG00000070498,Tmem132b,ortholog_one2one
ENSG00000100109,TFIP11,ENSMUSG00000029345,Tfip11,ortholog_one2one
ENSG00000114757,PEX5L,ENSMUSG00000027674,Pex5l,ortholog_one2one
ENSG00000198774,RASSF9,ENSMUSG00000044921,Rassf9,ortholog_one2one
ENSG00000173275,ZNF449,ENSMUSG00000073176,Zfp449,ortholog_one2one
ENSG00000213892,CEACAM16,ENSMUSG00000014686,Ceacam16,ortholog_one2one
ENSG00000139132,FGD4,ENSMUSG00000022788,Fgd4,ortholog_one2one
ENSG00000267673,FDX2,ENSMUSG00000079677,Fdx2,ortholog_one2one
ENSG00000068323,TFE3,ENSMUSG00000000134,Tfe3,ortholog_one2one
ENSG00000166833,NAV2,ENSMUSG00000052512,Nav2,ortholog_one2one
ENSG00000167468,GPX4,ENSMUSG00000075706,Gpx4,ortholog_one2one
ENSG00000121743,GJA3,ENSMUSG00000048582,Gja3,ortholog_one2one
ENSG00000152818,UTRN,ENSMUSG00000019820,Utrn,ortholog_one2one
ENSG00000132953,XPO4,ENSMUSG00000021952,Xpo4,ortholog_one2one
ENSG00000198910,L1CAM,ENSMUSG00000031391,L1cam,ortholog_one2one
ENSG00000088451,TGDS,ENSMUSG00000022130,Tgds,ortholog_one2one
ENSG00000104804,TULP2,ENSMUSG00000023467,Tulp2,ortholog_one2one
ENSG00000173557,CIMIP2C,ENSMUSG00000029182,Cimip2c,ortholog_one2one
ENSG00000125538,IL1B,ENSMUSG00000027398,Il1b,ortholog_one2one
ENSG00000104960,PTOV1,ENSMUSG00000038502,Ptov1,ortholog_one2one
ENSG00000215421,ZNF407,ENSMUSG00000048410,Zfp407,ortholog_one2one
ENSG00000187498,COL4A1,ENSMUSG00000031502,Col4a1,ortholog_one2one
ENSG00000172985,SH3RF3,ENSMUSG00000037990,Sh3rf3,ortholog_one2one
ENSG00000151914,DST,ENSMUSG00000026131,Dst,ortholog_one2one
ENSG00000170417,TMEM182,ENSMUSG00000079588,Tmem182,ortholog_one2one
ENSG00000141458,NPC1,ENSMUSG00000024413,Npc1,ortholog_one2one
ENSG00000101182,PSMA7,ENSMUSG00000027566,Psma7,ortholog_one2one
ENSG00000100426,ZBED4,ENSMUSG00000034333,Zbed4,ortholog_one2one
ENSG00000100104,SRRD,ENSMUSG00000029346,Srrd,ortholog_one2one
ENSG00000173418,NAA20,ENSMUSG00000002728,Naa20,ortholog_one2one
ENSG00000100276,RASL10A,ENSMUSG00000034209,Rasl10a,ortholog_one2one
ENSG00000183066,WBP2NL,ENSMUSG00000022455,Wbp2nl,ortholog_one2one
ENSG00000101412,E2F1,ENSMUSG00000027490,E2f1,ortholog_one2one
ENSG00000144227,NXPH2,ENSMUSG00000069132,Nxph2,ortholog_one2one
ENSG00000170477,KRT4,ENSMUSG00000059668,Krt4,ortholog_one2one
ENSG00000185640,KRT79,ENSMUSG00000061397,Krt79,ortholog_one2one
ENSG00000125877,ITPA,ENSMUSG00000074797,Itpa,ortholog_one2one
ENSG00000100281,HMGXB4,ENSMUSG00000034518,Hmgxb4,ortholog_one2one
ENSG00000226479,TMEM185B,ENSMUSG00000098923,Tmem185b,ortholog_one2one
ENSG00000170423,KRT78,ENSMUSG00000050463,Krt78,ortholog_one2one
ENSG00000213139,CRYGS,ENSMUSG00000033501,Crygs,ortholog_one2one
ENSG00000246705,H2AJ,ENSMUSG00000060032,H2aj,ortholog_one2one
ENSG00000139055,ERP27,ENSMUSG00000030219,Erp27,ortholog_one2one
ENSG00000091181,IL5RA,ENSMUSG00000005364,Il5ra,ortholog_one2one
ENSG00000119715,ESRRB,ENSMUSG00000021255,Esrrb,ortholog_one2one
ENSG00000187994,RINL,ENSMUSG00000051735,Rinl,ortholog_one2one
ENSG00000198142,SOWAHC,ENSMUSG00000098188,Sowahc,ortholog_one2one
ENSG00000100347,SAMM50,ENSMUSG00000022437,Samm50,ortholog_one2one
ENSG00000105204,DYRK1B,ENSMUSG00000002409,Dyrk1b,ortholog_one2one
ENSG00000123901,GPR83,ENSMUSG00000031932,Gpr83,ortholog_one2one
ENSG00000168702,LRP1B,ENSMUSG00000049252,Lrp1b,ortholog_one2one
ENSG00000054654,SYNE2,ENSMUSG00000063450,Syne2,ortholog_one2one
ENSG00000205177,C11orf91,ENSMUSG00000032671,A930018P22Rik,ortholog_one2one
ENSG00000188486,H2AX,ENSMUSG00000049932,H2ax,ortholog_one2one
ENSG00000220201,ZGLP1,ENSMUSG00000079681,Zglp1,ortholog_one2one
ENSG00000134817,APLNR,ENSMUSG00000044338,Aplnr,ortholog_one2one
ENSG00000149305,HTR3B,ENSMUSG00000008590,Htr3b,ortholog_one2one
ENSG00000162989,KCNJ3,ENSMUSG00000026824,Kcnj3,ortholog_one2one
ENSG00000090372,STRN4,ENSMUSG00000030374,Strn4,ortholog_one2one
ENSG00000120694,HSPH1,ENSMUSG00000029657,Hsph1,ortholog_one2one
ENSG00000188419,CHM,ENSMUSG00000025531,Chm,ortholog_one2one
ENSG00000101180,HRH3,ENSMUSG00000039059,Hrh3,ortholog_one2one
ENSG00000178694,NSUN3,ENSMUSG00000050312,Nsun3,ortholog_one2one
ENSG00000101191,DIDO1,ENSMUSG00000038914,Dido1,ortholog_one2one
ENSG00000125084,WNT1,ENSMUSG00000022997,Wnt1,ortholog_one2one
ENSG00000169379,ARL13B,ENSMUSG00000022911,Arl13b,ortholog_one2one
ENSG00000170439,TMT1B,ENSMUSG00000025347,Tmt1b,ortholog_one2one
ENSG00000136535,TBR1,ENSMUSG00000035033,Tbr1,ortholog_one2one
ENSG00000089250,NOS1,ENSMUSG00000029361,Nos1,ortholog_one2one
ENSG00000182902,SLC25A18,ENSMUSG00000004902,Slc25a18,ortholog_one2one
ENSG00000102309,PIN4,ENSMUSG00000079480,Pin4,ortholog_one2one
ENSG00000110777,POU2AF1,ENSMUSG00000032053,Pou2af1,ortholog_one2one
ENSG00000152214,RIT2,ENSMUSG00000057455,Rit2,ortholog_one2one
ENSG00000137707,BTG4,ENSMUSG00000032056,Btg4,ortholog_one2one
ENSG00000177576,C18orf32,ENSMUSG00000036299,BC031181,ortholog_one2one
ENSG00000151117,TMEM86A,ENSMUSG00000010307,Tmem86a,ortholog_one2one
ENSG00000086758,HUWE1,ENSMUSG00000025261,Huwe1,ortholog_one2one
ENSG00000141644,MBD1,ENSMUSG00000024561,Mbd1,ortholog_one2one
ENSG00000188039,NWD1,ENSMUSG00000048148,Nwd1,ortholog_one2one
ENSG00000155957,TMBIM4,ENSMUSG00000020225,Tmbim4,ortholog_one2one
ENSG00000101473,ACOT8,ENSMUSG00000017307,Acot8,ortholog_one2one
ENSG00000166337,TAF10,ENSMUSG00000043866,Taf10,ortholog_one2one
ENSG00000176009,ASCL3,ENSMUSG00000035951,Ascl3,ortholog_one2one
ENSG00000150750,POU2AF2,ENSMUSG00000036027,Pou2af2,ortholog_one2one
ENSG00000154727,GABPA,ENSMUSG00000008976,Gabpa,ortholog_one2one
ENSG00000180432,CYP8B1,ENSMUSG00000050445,Cyp8b1,ortholog_one2one
ENSG00000173389,IQCF1,ENSMUSG00000066383,Iqcf1,ortholog_one2one
ENSG00000088325,TPX2,ENSMUSG00000027469,Tpx2,ortholog_one2one
ENSG00000215009,ACSM4,ENSMUSG00000047026,Acsm4,ortholog_one2one
ENSG00000214681,IQCF5,ENSMUSG00000066382,Iqcf5,ortholog_one2one
ENSG00000185313,SCN10A,ENSMUSG00000034533,Scn10a,ortholog_one2one
ENSG00000076555,ACACB,ENSMUSG00000042010,Acacb,ortholog_one2one
ENSG00000181786,ACTL9,ENSMUSG00000092519,Actl9,ortholog_one2one
ENSG00000197483,ZNF628,ENSMUSG00000074406,Zfp628,ortholog_one2one
ENSG00000075388,FGF4,ENSMUSG00000050917,Fgf4,ortholog_one2one
ENSG00000160683,CXCR5,ENSMUSG00000047880,Cxcr5,ortholog_one2one
ENSG00000163083,INHBB,ENSMUSG00000037035,Inhbb,ortholog_one2one
ENSG00000110375,UPK2,ENSMUSG00000041523,Upk2,ortholog_one2one
ENSG00000144331,ZNF385B,ENSMUSG00000027016,Zfp385b,ortholog_one2one
ENSG00000144597,EAF1,ENSMUSG00000021890,Eaf1,ortholog_one2one
ENSG00000176302,FOXR1,ENSMUSG00000074397,Foxr1,ortholog_one2one
ENSG00000213689,TREX1,ENSMUSG00000049734,Trex1,ortholog_one2one
ENSG00000145040,UCN2,ENSMUSG00000049699,Ucn2,ortholog_one2one
ENSG00000182261,NLRP10,ENSMUSG00000049709,Nlrp10,ortholog_one2one
ENSG00000183396,TMEM89,ENSMUSG00000025652,Tmem89,ortholog_one2one
ENSG00000188042,ARL4C,ENSMUSG00000049866,Arl4c,ortholog_one2one
ENSG00000183762,KREMEN1,ENSMUSG00000020393,Kremen1,ortholog_one2one
ENSG00000008300,CELSR3,ENSMUSG00000023473,Celsr3,ortholog_one2one
ENSG00000138400,MDH1B,ENSMUSG00000025963,Mdh1b,ortholog_one2one
ENSG00000142453,CARM1,ENSMUSG00000032185,Carm1,ortholog_one2one
ENSG00000174032,SLC25A30,ENSMUSG00000022003,Slc25a30,ortholog_one2one
ENSG00000184792,OSBP2,ENSMUSG00000020435,Osbp2,ortholog_one2one
ENSG00000255274,SMIM35,ENSMUSG00000091996,Smim35,ortholog_one2one
ENSG00000242441,GTF2A1L,ENSMUSG00000024154,Gtf2a1l,ortholog_one2one
ENSG00000184271,POU6F1,ENSMUSG00000009739,Pou6f1,ortholog_one2one
ENSG00000130312,MRPL34,ENSMUSG00000034880,Mrpl34,ortholog_one2one
ENSG00000179088,C12orf42,ENSMUSG00000047129,1700113H08Rik,ortholog_one2one
ENSG00000074855,ANO8,ENSMUSG00000034863,Ano8,ortholog_one2one
ENSG00000007372,PAX6,ENSMUSG00000027168,Pax6,ortholog_one2one
ENSG00000152749,GPR180,ENSMUSG00000022131,Gpr180,ortholog_one2one
ENSG00000163012,ZSWIM2,ENSMUSG00000034552,Zswim2,ortholog_one2one
ENSG00000132950,ZMYM5,ENSMUSG00000040123,Zmym5,ortholog_one2one
ENSG00000125207,PIWIL1,ENSMUSG00000029423,Piwil1,ortholog_one2one
ENSG00000138434,ITPRID2,ENSMUSG00000027007,Itprid2,ortholog_one2one
ENSG00000136111,TBC1D4,ENSMUSG00000033083,Tbc1d4,ortholog_one2one
ENSG00000163964,PIGX,ENSMUSG00000023791,Pigx,ortholog_one2one
ENSG00000112280,COL9A1,ENSMUSG00000026147,Col9a1,ortholog_one2one
ENSG00000188735,TMEM120B,ENSMUSG00000054434,Tmem120b,ortholog_one2one
ENSG00000197763,TXNRD3,ENSMUSG00000000811,Txnrd3,ortholog_one2one
ENSG00000159131,GART,ENSMUSG00000022962,Gart,ortholog_one2one
ENSG00000125740,FOSB,ENSMUSG00000003545,Fosb,ortholog_one2one
ENSG00000139725,RHOF,ENSMUSG00000029449,Rhof,ortholog_one2one
ENSG00000151320,AKAP6,ENSMUSG00000061603,Akap6,ortholog_one2one
ENSG00000130055,GDPD2,ENSMUSG00000019359,Gdpd2,ortholog_one2one
ENSG00000239732,TLR9,ENSMUSG00000045322,Tlr9,ortholog_one2one
ENSG00000180044,C3orf80,ENSMUSG00000046999,1110032F04Rik,ortholog_one2one
ENSG00000100196,KDELR3,ENSMUSG00000010830,Kdelr3,ortholog_one2one
ENSG00000198398,TMEM207,ENSMUSG00000091972,Tmem207,ortholog_one2one
ENSG00000231213,PLSCR5,ENSMUSG00000095654,Plscr5,ortholog_one2one
ENSG00000100425,BRD1,ENSMUSG00000022387,Brd1,ortholog_one2one
ENSG00000130032,PRRG3,ENSMUSG00000033361,Prrg3,ortholog_one2one
ENSG00000144852,NR1I2,ENSMUSG00000022809,Nr1i2,ortholog_one2one
ENSG00000173674,EIF1AX,ENSMUSG00000067194,Eif1ax,ortholog_one2one
ENSG00000100603,SNW1,ENSMUSG00000021039,Snw1,ortholog_one2one
ENSG00000150403,TMCO3,ENSMUSG00000038497,Tmco3,ortholog_one2one
ENSG00000114854,TNNC1,ENSMUSG00000091898,Tnnc1,ortholog_one2one
ENSG00000165175,MID1IP1,ENSMUSG00000008035,Mid1ip1,ortholog_one2one
ENSG00000204469,PRRC2A,ENSMUSG00000024393,Prrc2a,ortholog_one2one
ENSG00000175497,DPP10,ENSMUSG00000036815,Dpp10,ortholog_one2one
ENSG00000135407,AVIL,ENSMUSG00000025432,Avil,ortholog_one2one
ENSG00000100324,TAB1,ENSMUSG00000022414,Tab1,ortholog_one2one
ENSG00000185100,ADSS1,ENSMUSG00000011148,Adss1,ortholog_one2one
ENSG00000152822,GRM1,ENSMUSG00000019828,Grm1,ortholog_one2one
ENSG00000114646,CSPG5,ENSMUSG00000032482,Cspg5,ortholog_one2one
ENSG00000147164,SNX12,ENSMUSG00000046032,Snx12,ortholog_one2one
ENSG00000174453,VWC2L,ENSMUSG00000045648,Vwc2l,ortholog_one2one
ENSG00000110848,CD69,ENSMUSG00000030156,Cd69,ortholog_one2one
ENSG00000187860,CCDC157,ENSMUSG00000051427,Ccdc157,ortholog_one2one
ENSG00000198732,SMOC1,ENSMUSG00000021136,Smoc1,ortholog_one2one
ENSG00000164047,CAMP,ENSMUSG00000038357,Camp,ortholog_one2one
ENSG00000102053,ZC3H12B,ENSMUSG00000035045,Zc3h12b,ortholog_one2one
ENSG00000125266,EFNB2,ENSMUSG00000001300,Efnb2,ortholog_one2one
ENSG00000100364,KIAA0930,ENSMUSG00000036046,5031439G07Rik,ortholog_one2one
ENSG00000175063,UBE2C,ENSMUSG00000001403,Ube2c,ortholog_one2one
ENSG00000120690,ELF1,ENSMUSG00000036461,Elf1,ortholog_one2one
ENSG00000144452,ABCA12,ENSMUSG00000050296,Abca12,ortholog_one2one
ENSG00000170777,TPD52L3,ENSMUSG00000024815,Trpd52l3,ortholog_one2one
ENSG00000171777,RASGRP4,ENSMUSG00000030589,Rasgrp4,ortholog_one2one
ENSG00000112309,B3GAT2,ENSMUSG00000026156,B3gat2,ortholog_one2one
ENSG00000029993,HMGB3,ENSMUSG00000015217,Hmgb3,ortholog_one2one
ENSG00000114554,PLXNA1,ENSMUSG00000030084,Plxna1,ortholog_one2one
ENSG00000172322,CLEC12A,ENSMUSG00000053063,Clec12a,ortholog_one2one
ENSG00000112715,VEGFA,ENSMUSG00000023951,Vegfa,ortholog_one2one
ENSG00000100029,PES1,ENSMUSG00000020430,Pes1,ortholog_one2one
ENSG00000180182,MED14,ENSMUSG00000064127,Med14,ortholog_one2one
ENSG00000170054,SERPINA9,ENSMUSG00000058260,Serpina9,ortholog_one2one
ENSG00000163825,RTP3,ENSMUSG00000066319,Rtp3,ortholog_one2one
ENSG00000088448,ANKRD10,ENSMUSG00000031508,Ankrd10,ortholog_one2one
ENSG00000160145,KALRN,ENSMUSG00000061751,Kalrn,ortholog_one2one
ENSG00000111291,GPRC5D,ENSMUSG00000030205,Gprc5d,ortholog_one2one
ENSG00000010219,DYRK4,ENSMUSG00000030345,Dyrk4,ortholog_one2one
ENSG00000135916,ITM2C,ENSMUSG00000026223,Itm2c,ortholog_one2one
ENSG00000139505,MTMR6,ENSMUSG00000021987,Mtmr6,ortholog_one2one
ENSG00000151079,KCNA6,ENSMUSG00000038077,Kcna6,ortholog_one2one
ENSG00000111262,KCNA1,ENSMUSG00000047976,Kcna1,ortholog_one2one
ENSG00000186452,TMPRSS12,ENSMUSG00000045631,Tmprss12,ortholog_one2one
ENSG00000182329,KIAA2012,ENSMUSG00000047361,Gm973,ortholog_one2one
ENSG00000064835,POU1F1,ENSMUSG00000004842,Pou1f1,ortholog_one2one
ENSG00000111732,AICDA,ENSMUSG00000040627,Aicda,ortholog_one2one
ENSG00000175198,PCCA,ENSMUSG00000041650,Pcca,ortholog_one2one
ENSG00000188559,RALGAPA2,ENSMUSG00000037110,Ralgapa2,ortholog_one2one
ENSG00000275074,NUDT18,ENSMUSG00000045211,Nudt18,ortholog_one2one
ENSG00000221823,PPP3R1,ENSMUSG00000033953,Ppp3r1,ortholog_one2one
ENSG00000184898,RBM43,ENSMUSG00000036249,Rbm43,ortholog_one2one
ENSG00000153820,SPHKAP,ENSMUSG00000026163,Sphkap,ortholog_one2one
ENSG00000150676,CCDC83,ENSMUSG00000030617,Ccdc83,ortholog_one2one
ENSG00000100307,CBX7,ENSMUSG00000053411,Cbx7,ortholog_one2one
ENSG00000196218,RYR1,ENSMUSG00000030592,Ryr1,ortholog_one2one
ENSG00000033327,GAB2,ENSMUSG00000004508,Gab2,ortholog_one2one
ENSG00000126821,SGPP1,ENSMUSG00000021054,Sgpp1,ortholog_one2one
ENSG00000140057,AK7,ENSMUSG00000041323,Ak7,ortholog_one2one
ENSG00000089818,NECAP1,ENSMUSG00000030327,Necap1,ortholog_one2one
ENSG00000185917,SETD4,ENSMUSG00000022948,Setd4,ortholog_one2one
ENSG00000168918,INPP5D,ENSMUSG00000026288,Inpp5d,ortholog_one2one
ENSG00000167037,SGSM1,ENSMUSG00000042216,Sgsm1,ortholog_one2one
ENSG00000167910,CYP7A1,ENSMUSG00000028240,Cyp7a1,ortholog_one2one
ENSG00000124126,PREX1,ENSMUSG00000039621,Prex1,ortholog_one2one
ENSG00000144671,SLC22A14,ENSMUSG00000070280,Slc22a14,ortholog_one2one
ENSG00000183734,ASCL2,ENSMUSG00000009248,Ascl2,ortholog_one2one
ENSG00000170044,ZPLD1,ENSMUSG00000064310,Zpld1,ortholog_one2one
ENSG00000100601,ALKBH1,ENSMUSG00000079036,Alkbh1,ortholog_one2one
ENSG00000181544,FANCB,ENSMUSG00000047757,Fancb,ortholog_one2one
ENSG00000168061,SAC3D1,ENSMUSG00000024790,Sac3d1,ortholog_one2one
ENSG00000168060,NAALADL1,ENSMUSG00000054999,Naaladl1,ortholog_one2one
ENSG00000165898,ISCA2,ENSMUSG00000021241,Isca2,ortholog_one2one
ENSG00000104833,TUBB4A,ENSMUSG00000062591,Tubb4a,ortholog_one2one
ENSG00000100558,PLEK2,ENSMUSG00000021118,Plek2,ortholog_one2one
ENSG00000244687,UBE2V1,ENSMUSG00000078923,Ube2v1,ortholog_one2one
ENSG00000150995,ITPR1,ENSMUSG00000030102,Itpr1,ortholog_one2one
ENSG00000203952,CCDC160,ENSMUSG00000073207,Ccdc160,ortholog_one2one
ENSG00000205704,SMIM45,ENSMUSG00000068099,Smim45,ortholog_one2one
ENSG00000180964,TCEAL8,ENSMUSG00000051579,Tceal8,ortholog_one2one
ENSG00000111729,CLEC4A,ENSMUSG00000049037,Clec4a1,ortholog_one2one
ENSG00000100116,GCAT,ENSMUSG00000006378,Gcat,ortholog_one2one
ENSG00000127528,KLF2,ENSMUSG00000055148,Klf2,ortholog_one2one
ENSG00000147400,CETN2,ENSMUSG00000031347,Cetn2,ortholog_one2one
ENSG00000139899,CBLN3,ENSMUSG00000040380,Cbln3,ortholog_one2one
ENSG00000146670,CDCA5,ENSMUSG00000024791,Cdca5,ortholog_one2one
ENSG00000202216,,ENSMUSG00000064858,Snora43,ortholog_one2one
ENSG00000077721,UBE2A,ENSMUSG00000016308,Ube2a,ortholog_one2one
ENSG00000100445,SDR39U1,ENSMUSG00000022223,Sdr39u1,ortholog_one2one
ENSG00000162976,SLC66A3,ENSMUSG00000045679,Slc66a3,ortholog_one2one
ENSG00000101311,FERMT1,ENSMUSG00000027356,Fermt1,ortholog_one2one
ENSG00000167767,KRT80,ENSMUSG00000037185,Krt80,ortholog_one2one
ENSG00000070985,TRPM5,ENSMUSG00000009246,Trpm5,ortholog_one2one
ENSG00000197381,ADARB1,ENSMUSG00000020262,Adarb1,ortholog_one2one
ENSG00000178093,TSSK6,ENSMUSG00000047654,Tssk6,ortholog_one2one
ENSG00000167604,NFKBID,ENSMUSG00000036931,Nfkbid,ortholog_one2one
ENSG00000164485,IL22RA2,ENSMUSG00000039760,Il22ra2,ortholog_one2one
ENSG00000198125,MB,ENSMUSG00000018893,Mb,ortholog_one2one
ENSG00000169188,APEX2,ENSMUSG00000025269,Apex2,ortholog_one2one
ENSG00000168477,TNXB,ENSMUSG00000033327,Tnxb,ortholog_one2one
ENSG00000124194,GDAP1L1,ENSMUSG00000017943,Gdap1l1,ortholog_one2one
ENSG00000161849,KRT84,ENSMUSG00000044294,Krt84,ortholog_one2one
ENSG00000161850,KRT82,ENSMUSG00000049548,Krt82,ortholog_one2one
ENSG00000105549,SPMAP2,ENSMUSG00000020317,Spmap2,ortholog_one2one
ENSG00000170454,KRT75,ENSMUSG00000022986,Krt75,ortholog_one2one
ENSG00000126001,CEP250,ENSMUSG00000038241,Cep250,ortholog_one2one
ENSG00000241635,UGT1A1,ENSMUSG00000089960,Ugt1a1,ortholog_one2one
ENSG00000123485,HJURP,ENSMUSG00000044783,Hjurp,ortholog_one2one
ENSG00000139648,KRT71,ENSMUSG00000051879,Krt71,ortholog_one2one
ENSG00000186471,AKAP14,ENSMUSG00000036551,Akap14,ortholog_one2one
ENSG00000115274,INO80B,ENSMUSG00000030034,Ino80b,ortholog_one2one
ENSG00000186049,KRT73,ENSMUSG00000063661,Krt73,ortholog_one2one
ENSG00000147145,LPAR4,ENSMUSG00000049929,Lpar4,ortholog_one2one
ENSG00000133107,TRPC4,ENSMUSG00000027748,Trpc4,ortholog_one2one
ENSG00000198431,TXNRD1,ENSMUSG00000020250,Txnrd1,ortholog_one2one
ENSG00000115297,TLX2,ENSMUSG00000068327,Tlx2,ortholog_one2one
ENSG00000175352,NRIP3,ENSMUSG00000034825,Nrip3,ortholog_one2one
ENSG00000134597,RBMX2,ENSMUSG00000031107,Rbmx2,ortholog_one2one
ENSG00000121297,TSHZ3,ENSMUSG00000021217,Tshz3,ortholog_one2one
ENSG00000152254,G6PC2,ENSMUSG00000005232,G6pc2,ortholog_one2one
ENSG00000100122,CRYBB1,ENSMUSG00000029343,Crybb1,ortholog_one2one
ENSG00000101443,WFDC2,ENSMUSG00000017723,Wfdc2,ortholog_one2one
ENSG00000126262,FFAR2,ENSMUSG00000051314,Ffar2,ortholog_one2one
ENSG00000160199,PKNOX1,ENSMUSG00000006705,Pknox1,ortholog_one2one
ENSG00000134627,PIWIL4,ENSMUSG00000036912,Piwil4,ortholog_one2one
ENSG00000267041,ZNF850,ENSMUSG00000068959,Zfp619,ortholog_one2one
ENSG00000156925,ZIC3,ENSMUSG00000067860,Zic3,ortholog_one2one
ENSG00000081479,LRP2,ENSMUSG00000027070,Lrp2,ortholog_one2one
ENSG00000126768,TIMM17B,ENSMUSG00000031158,Timm17b,ortholog_one2one
ENSG00000128245,YWHAH,ENSMUSG00000018965,Ywhah,ortholog_one2one
ENSG00000100350,FOXRED2,ENSMUSG00000016552,Foxred2,ortholog_one2one
ENSG00000196371,FUT4,ENSMUSG00000049307,Fut4,ortholog_one2one
ENSG00000112499,SLC22A2,ENSMUSG00000040966,Slc22a2,ortholog_one2one
ENSG00000125995,ROMO1,ENSMUSG00000067847,Romo1,ortholog_one2one
ENSG00000112530,PACRG,ENSMUSG00000037196,Pacrg,ortholog_one2one
ENSG00000182208,MOB2,ENSMUSG00000025147,Mob2,ortholog_one2one
ENSG00000101203,COL20A1,ENSMUSG00000016356,Col20a1,ortholog_one2one
ENSG00000186280,KDM4D,ENSMUSG00000053914,Kdm4d,ortholog_one2one
ENSG00000149212,SESN3,ENSMUSG00000032009,Sesn3,ortholog_one2one
ENSG00000165349,SLC7A3,ENSMUSG00000031297,Slc7a3,ortholog_one2one
ENSG00000132002,DNAJB1,ENSMUSG00000005483,Dnajb1,ortholog_one2one
ENSG00000135436,FAM186B,ENSMUSG00000078907,Fam186b,ortholog_one2one
ENSG00000124818,OPN5,ENSMUSG00000043972,Opn5,ortholog_one2one
ENSG00000166349,RAG1,ENSMUSG00000061311,Rag1,ortholog_one2one
ENSG00000170396,ZNF804A,ENSMUSG00000070866,Zfp804a,ortholog_one2one
ENSG00000175097,RAG2,ENSMUSG00000032864,Rag2,ortholog_one2one
ENSG00000105402,NAPA,ENSMUSG00000006024,Napa,ortholog_one2one
ENSG00000123364,HOXC13,ENSMUSG00000001655,Hoxc13,ortholog_one2one
ENSG00000173653,RCE1,ENSMUSG00000024889,Rce1,ortholog_one2one
ENSG00000123407,HOXC12,ENSMUSG00000050328,Hoxc12,ortholog_one2one
ENSG00000123388,HOXC11,ENSMUSG00000001656,Hoxc11,ortholog_one2one
ENSG00000132313,MRPL35,ENSMUSG00000052962,Mrpl35,ortholog_one2one
ENSG00000180818,HOXC10,ENSMUSG00000022484,Hoxc10,ortholog_one2one
ENSG00000197757,HOXC6,ENSMUSG00000001661,Hoxc6,ortholog_one2one
ENSG00000180806,HOXC9,ENSMUSG00000036139,Hoxc9,ortholog_one2one
ENSG00000009413,REV3L,ENSMUSG00000019841,Rev3l,ortholog_one2one
ENSG00000037965,HOXC8,ENSMUSG00000001657,Hoxc8,ortholog_one2one
ENSG00000174527,MYO1H,ENSMUSG00000066952,Myo1h,ortholog_one2one
ENSG00000173237,C11orf86,ENSMUSG00000042041,2010003K11Rik,ortholog_one2one
ENSG00000159082,SYNJ1,ENSMUSG00000022973,Synj1,ortholog_one2one
ENSG00000137700,SLC37A4,ENSMUSG00000032114,Slc37a4,ortholog_one2one
ENSG00000125798,FOXA2,ENSMUSG00000037025,Foxa2,ortholog_one2one
ENSG00000053702,NRIP2,ENSMUSG00000001520,Nrip2,ortholog_one2one
ENSG00000134901,POGLUT2,ENSMUSG00000026047,Poglut2,ortholog_one2one
ENSG00000124145,SDC4,ENSMUSG00000017009,Sdc4,ortholog_one2one
ENSG00000079435,LIPE,ENSMUSG00000003123,Lipe,ortholog_one2one
ENSG00000197905,TEAD4,ENSMUSG00000030353,Tead4,ortholog_one2one
ENSG00000141977,CIB3,ENSMUSG00000074240,Cib3,ortholog_one2one
ENSG00000101224,CDC25B,ENSMUSG00000027330,Cdc25b,ortholog_one2one
ENSG00000080561,MID2,ENSMUSG00000000266,Mid2,ortholog_one2one
ENSG00000136167,LCP1,ENSMUSG00000021998,Lcp1,ortholog_one2one
ENSG00000237412,PRSS56,ENSMUSG00000036480,Prss56,ortholog_one2one
ENSG00000196811,CHRNG,ENSMUSG00000026253,Chrng,ortholog_one2one
ENSG00000135316,SYNCRIP,ENSMUSG00000032423,Syncrip,ortholog_one2one
ENSG00000160307,S100B,ENSMUSG00000033208,S100b,ortholog_one2one
ENSG00000111537,IFNG,ENSMUSG00000055170,Ifng,ortholog_one2one
ENSG00000110719,TCIRG1,ENSMUSG00000001750,Tcirg1,ortholog_one2one
ENSG00000159128,IFNGR2,ENSMUSG00000022965,Ifngr2,ortholog_one2one
ENSG00000165474,GJB2,ENSMUSG00000046352,Gjb2,ortholog_one2one
ENSG00000156709,AIFM1,ENSMUSG00000036932,Aifm1,ortholog_one2one
ENSG00000163331,DAPL1,ENSMUSG00000026989,Dapl1,ortholog_one2one
ENSG00000152213,ARL11,ENSMUSG00000043157,Arl11,ortholog_one2one
ENSG00000174405,LIG4,ENSMUSG00000049717,Lig4,ortholog_one2one
ENSG00000168135,KCNJ4,ENSMUSG00000044216,Kcnj4,ortholog_one2one
ENSG00000083535,PIBF1,ENSMUSG00000022064,Pibf1,ortholog_one2one
ENSG00000185339,TCN2,ENSMUSG00000020432,Tcn2,ortholog_one2one
ENSG00000198353,HOXC4,ENSMUSG00000075394,Hoxc4,ortholog_one2one
ENSG00000172789,HOXC5,ENSMUSG00000022485,Hoxc5,ortholog_one2one
ENSG00000142192,APP,ENSMUSG00000022892,App,ortholog_one2one
ENSG00000196876,SCN8A,ENSMUSG00000023033,Scn8a,ortholog_one2one
ENSG00000149177,PTPRJ,ENSMUSG00000025314,Ptprj,ortholog_one2one
ENSG00000188729,OSTN,ENSMUSG00000052276,Ostn,ortholog_one2one
ENSG00000163914,RHO,ENSMUSG00000030324,Rho,ortholog_one2one
ENSG00000171596,NMUR1,ENSMUSG00000026237,Nmur1,ortholog_one2one
ENSG00000166405,RIC3,ENSMUSG00000048330,Ric3,ortholog_one2one
ENSG00000178804,H1-8,ENSMUSG00000042279,H1f8,ortholog_one2one
ENSG00000174946,GPR171,ENSMUSG00000050075,Gpr171,ortholog_one2one
ENSG00000138271,GPR87,ENSMUSG00000051431,Gpr87,ortholog_one2one
ENSG00000171450,CDK5R2,ENSMUSG00000090071,Cdk5r2,ortholog_one2one
ENSG00000163497,FEV,ENSMUSG00000055197,Fev,ortholog_one2one
ENSG00000181631,P2RY13,ENSMUSG00000036362,P2ry13,ortholog_one2one
ENSG00000163501,IHH,ENSMUSG00000006538,Ihh,ortholog_one2one
ENSG00000171703,TCEA2,ENSMUSG00000059540,Tcea2,ortholog_one2one
ENSG00000119147,ECRG4,ENSMUSG00000026051,Ecrg4,ortholog_one2one
ENSG00000083520,DIS3,ENSMUSG00000033166,Dis3,ortholog_one2one
ENSG00000183570,PCBP3,ENSMUSG00000001120,Pcbp3,ortholog_one2one
ENSG00000144821,MYH15,ENSMUSG00000092009,Myh15,ortholog_one2one
ENSG00000188542,DUSP28,ENSMUSG00000047067,Dusp28,ortholog_one2one
ENSG00000115009,CCL20,ENSMUSG00000026166,Ccl20,ortholog_one2one
ENSG00000189431,RASSF10,ENSMUSG00000098132,Rassf10,ortholog_one2one
ENSG00000110395,CBL,ENSMUSG00000034342,Cbl,ortholog_one2one
ENSG00000232125,DYTN,ENSMUSG00000069085,Dytn,ortholog_one2one
ENSG00000120645,IQSEC3,ENSMUSG00000040797,Iqsec3,ortholog_one2one
ENSG00000178732,GP5,ENSMUSG00000047953,Gp5,ortholog_one2one
ENSG00000168779,SHOX2,ENSMUSG00000027833,Shox2,ortholog_one2one
ENSG00000100258,LMF2,ENSMUSG00000022614,Lmf2,ortholog_one2one
ENSG00000142611,PRDM16,ENSMUSG00000039410,Prdm16,ortholog_one2one
ENSG00000187527,ATP13A5,ENSMUSG00000048939,Atp13a5,ortholog_one2one
ENSG00000073614,KDM5A,ENSMUSG00000030180,Kdm5a,ortholog_one2one
ENSG00000204406,MBD5,ENSMUSG00000036792,Mbd5,ortholog_one2one
ENSG00000169855,ROBO1,ENSMUSG00000022883,Robo1,ortholog_one2one
ENSG00000111886,GABRR2,ENSMUSG00000023267,Gabrr2,ortholog_one2one
ENSG00000182508,LHFPL1,ENSMUSG00000041700,Lhfpl1,ortholog_one2one
ENSG00000134900,TPP2,ENSMUSG00000041763,Tpp2,ortholog_one2one
ENSG00000188580,NKAIN2,ENSMUSG00000069670,Nkain2,ortholog_one2one
ENSG00000198171,DDRGK1,ENSMUSG00000068290,Ddrgk1,ortholog_one2one
ENSG00000198908,GPRASP3,ENSMUSG00000072964,Bhlhb9,ortholog_one2one
ENSG00000146373,RNF217,ENSMUSG00000063760,Rnf217,ortholog_one2one
ENSG00000126903,SLC10A3,ENSMUSG00000032806,Slc10a3,ortholog_one2one
ENSG00000149527,PLCH2,ENSMUSG00000029055,Plch2,ortholog_one2one
ENSG00000183395,PMCH,ENSMUSG00000035383,Pmch,ortholog_one2one
ENSG00000111907,TPD52L1,ENSMUSG00000000296,Tpd52l1,ortholog_one2one
ENSG00000187479,C11orf96,ENSMUSG00000087006,Gm13889,ortholog_one2one
ENSG00000176915,ANKLE2,ENSMUSG00000029501,Ankle2,ortholog_one2one
ENSG00000204403,CASP12,ENSMUSG00000025887,Casp12,ortholog_one2one
ENSG00000136161,RCBTB2,ENSMUSG00000022106,Rcbtb2,ortholog_one2one
ENSG00000196220,SRGAP3,ENSMUSG00000030257,Srgap3,ortholog_one2one
ENSG00000169446,MMGT1,ENSMUSG00000061273,Mmgt1,ortholog_one2one
ENSG00000071909,MYO3B,ENSMUSG00000042064,Myo3b,ortholog_one2one
ENSG00000149600,COMMD7,ENSMUSG00000056941,Commd7,ortholog_one2one
ENSG00000152266,PTH,ENSMUSG00000059077,Pth,ortholog_one2one
ENSG00000142606,MMEL1,ENSMUSG00000058183,Mmel1,ortholog_one2one
ENSG00000188130,MAPK12,ENSMUSG00000022610,Mapk12,ortholog_one2one
ENSG00000274588,DGKK,ENSMUSG00000062393,Dgkk,ortholog_one2one
ENSG00000135547,HEY2,ENSMUSG00000019789,Hey2,ortholog_one2one
ENSG00000101460,MAP1LC3A,ENSMUSG00000027602,Map1lc3a,ortholog_one2one
ENSG00000160224,AIRE,ENSMUSG00000000731,Aire,ortholog_one2one
ENSG00000257594,GALNT4,ENSMUSG00000090035,Galnt4,ortholog_one2one
ENSG00000154134,ROBO3,ENSMUSG00000032128,Robo3,ortholog_one2one
ENSG00000183662,TAFA1,ENSMUSG00000059187,Tafa1,ortholog_one2one
ENSG00000090889,KIF4A,ENSMUSG00000034311,Kif4,ortholog_one2one
ENSG00000184012,TMPRSS2,ENSMUSG00000000385,Tmprss2,ortholog_one2one
ENSG00000101150,TPD52L2,ENSMUSG00000000827,Tpd52l2,ortholog_one2one
ENSG00000048707,VPS13D,ENSMUSG00000020220,Vps13d,ortholog_one2one
ENSG00000180767,CHST13,ENSMUSG00000056643,Chst13,ortholog_one2one
ENSG00000135406,PRPH,ENSMUSG00000023484,Prph,ortholog_one2one
ENSG00000197980,LEKR1,ENSMUSG00000074579,Lekr1,ortholog_one2one
ENSG00000170890,PLA2G1B,ENSMUSG00000029522,Pla2g1b,ortholog_one2one
ENSG00000111432,FZD10,ENSMUSG00000081683,Fzd10,ortholog_one2one
ENSG00000139154,AEBP2,ENSMUSG00000030232,Aebp2,ortholog_one2one
ENSG00000182793,GSTA5,ENSMUSG00000025934,Gsta3,ortholog_one2one
ENSG00000110076,NRXN2,ENSMUSG00000033768,Nrxn2,ortholog_one2one
ENSG00000173531,MST1,ENSMUSG00000032591,Mst1,ortholog_one2one
ENSG00000144395,CCDC150,ENSMUSG00000025983,Ccdc150,ortholog_one2one
ENSG00000077942,FBLN1,ENSMUSG00000006369,Fbln1,ortholog_one2one
ENSG00000131018,SYNE1,ENSMUSG00000096054,Syne1,ortholog_one2one
ENSG00000139289,PHLDA1,ENSMUSG00000020205,Phlda1,ortholog_one2one
ENSG00000187166,H1-7,ENSMUSG00000048077,H1f7,ortholog_one2one
ENSG00000198176,TFDP1,ENSMUSG00000038482,Tfdp1,ortholog_one2one
ENSG00000185046,ANKS1B,ENSMUSG00000058589,Anks1b,ortholog_one2one
ENSG00000202363,SNORA62,ENSMUSG00000064925,Snora62,ortholog_one2one
ENSG00000180251,SLC9A4,ENSMUSG00000026065,Slc9a4,ortholog_one2one
ENSG00000125775,SDCBP2,ENSMUSG00000027456,Sdcbp2,ortholog_one2one
ENSG00000158411,MITD1,ENSMUSG00000026088,Mitd1,ortholog_one2one
ENSG00000178074,C2orf69,ENSMUSG00000038323,1700066M21Rik,ortholog_one2one
ENSG00000187033,SAMD7,ENSMUSG00000051860,Samd7,ortholog_one2one
ENSG00000197921,HES5,ENSMUSG00000048001,Hes5,ortholog_one2one
ENSG00000188306,LRRIQ4,ENSMUSG00000027703,Lrriq4,ortholog_one2one
ENSG00000189337,KAZN,ENSMUSG00000040606,Kazn,ortholog_one2one
ENSG00000171552,BCL2L1,ENSMUSG00000007659,Bcl2l1,ortholog_one2one
ENSG00000115263,GCG,ENSMUSG00000000394,Gcg,ortholog_one2one
ENSG00000114503,NCBP2,ENSMUSG00000022774,Ncbp2,ortholog_one2one
ENSG00000177485,ZBTB33,ENSMUSG00000048047,Zbtb33,ortholog_one2one
ENSG00000159147,DONSON,ENSMUSG00000022960,Donson,ortholog_one2one
ENSG00000147257,GPC3,ENSMUSG00000055653,Gpc3,ortholog_one2one
ENSG00000164483,SAMD3,ENSMUSG00000051354,Samd3,ortholog_one2one
ENSG00000270170,NCBP2AS2,ENSMUSG00000107002,Ncbp2as2,ortholog_one2one
ENSG00000163602,RYBP,ENSMUSG00000072872,Rybp,ortholog_one2one
ENSG00000206384,COL6A6,ENSMUSG00000043719,Col6a6,ortholog_one2one
ENSG00000136158,SPRY2,ENSMUSG00000022114,Spry2,ortholog_one2one
ENSG00000125970,RALY,ENSMUSG00000027593,Raly,ortholog_one2one
ENSG00000134317,GRHL1,ENSMUSG00000020656,Grhl1,ortholog_one2one
ENSG00000128298,BAIAP2L2,ENSMUSG00000018126,Baiap2l2,ortholog_one2one
ENSG00000130177,CDC16,ENSMUSG00000038416,Cdc16,ortholog_one2one
ENSG00000054938,CHRDL2,ENSMUSG00000030732,Chrdl2,ortholog_one2one
ENSG00000100271,TTLL1,ENSMUSG00000022442,Ttll1,ortholog_one2one
ENSG00000163873,GRIK3,ENSMUSG00000001985,Grik3,ortholog_one2one
ENSG00000144560,VGLL4,ENSMUSG00000030315,Vgll4,ortholog_one2one
ENSG00000117215,PLA2G2D,ENSMUSG00000041202,Pla2g2d,ortholog_one2one
ENSG00000072195,SPEG,ENSMUSG00000026207,Speg,ortholog_one2one
ENSG00000147162,OGT,ENSMUSG00000034160,Ogt,ortholog_one2one
ENSG00000096696,DSP,ENSMUSG00000054889,Dsp,ortholog_one2one
ENSG00000276747,PADI6,ENSMUSG00000040935,Padi6,ortholog_one2one
ENSG00000159339,PADI4,ENSMUSG00000025330,Padi4,ortholog_one2one
ENSG00000166435,XRRA1,ENSMUSG00000035211,Xrra1,ortholog_one2one
ENSG00000117000,RLF,ENSMUSG00000049878,Rlf,ortholog_one2one
ENSG00000173638,SLC19A1,ENSMUSG00000001436,Slc19a1,ortholog_one2one
ENSG00000111305,GSG1,ENSMUSG00000030206,Gsg1,ortholog_one2one
ENSG00000116544,DLGAP3,ENSMUSG00000042388,Dlgap3,ortholog_one2one
ENSG00000147119,CHST7,ENSMUSG00000037347,Chst7,ortholog_one2one
ENSG00000171872,KLF17,ENSMUSG00000048626,Klf17,ortholog_one2one
ENSG00000156500,PABIR3,ENSMUSG00000036013,Pabir3,ortholog_one2one
ENSG00000123999,INHA,ENSMUSG00000032968,Inha,ortholog_one2one
ENSG00000163877,SNIP1,ENSMUSG00000050213,Snip1,ortholog_one2one
ENSG00000143878,RHOB,ENSMUSG00000054364,Rhob,ortholog_one2one
ENSG00000283039,KLF18,ENSMUSG00000070902,Zfp352,ortholog_one2one
ENSG00000217236,SP9,ENSMUSG00000068859,Sp9,ortholog_one2one
ENSG00000154027,AK5,ENSMUSG00000039058,Ak5,ortholog_one2one
ENSG00000115474,KCNJ13,ENSMUSG00000079436,Kcnj13,ortholog_one2one
ENSG00000138435,CHRNA1,ENSMUSG00000027107,Chrna1,ortholog_one2one
ENSG00000139546,TARBP2,ENSMUSG00000023051,Tarbp2,ortholog_one2one
ENSG00000114013,CD86,ENSMUSG00000022901,Cd86,ortholog_one2one
ENSG00000205560,CPT1B,ENSMUSG00000078937,Cpt1b,ortholog_one2one
ENSG00000116675,DNAJC6,ENSMUSG00000028528,Dnajc6,ortholog_one2one
ENSG00000102098,SCML2,ENSMUSG00000000037,Scml2,ortholog_one2one
ENSG00000134905,CARS2,ENSMUSG00000056228,Cars2,ortholog_one2one
ENSG00000166436,TRIM66,ENSMUSG00000031026,Trim66,ortholog_one2one
ENSG00000165953,SERPINA12,ENSMUSG00000041567,Serpina12,ortholog_one2one
ENSG00000010704,HFE,ENSMUSG00000006611,Hfe,ortholog_one2one
ENSG00000114023,FAM162A,ENSMUSG00000003955,Fam162a,ortholog_one2one
ENSG00000213625,LEPROT,ENSMUSG00000035212,Leprot,ortholog_one2one
ENSG00000065911,MTHFD2,ENSMUSG00000005667,Mthfd2,ortholog_one2one
ENSG00000110680,CALCA,ENSMUSG00000030669,Calca,ortholog_one2one
ENSG00000163840,DTX3L,ENSMUSG00000049502,Dtx3l,ortholog_one2one
ENSG00000172260,NEGR1,ENSMUSG00000040037,Negr1,ortholog_one2one
ENSG00000110321,EIF4G2,ENSMUSG00000005610,Eif4g2,ortholog_one2one
ENSG00000151276,MAGI1,ENSMUSG00000045095,Magi1,ortholog_one2one
ENSG00000067334,DNTTIP2,ENSMUSG00000039756,Dnttip2,ortholog_one2one
ENSG00000126746,ZNF384,ENSMUSG00000038346,Zfp384,ortholog_one2one
ENSG00000166428,PLD4,ENSMUSG00000052160,Pld4,ortholog_one2one
ENSG00000127863,TNFRSF19,ENSMUSG00000060548,Tnfrsf19,ortholog_one2one
ENSG00000100599,RIN3,ENSMUSG00000044456,Rin3,ortholog_one2one
ENSG00000115155,OTOF,ENSMUSG00000062372,Otof,ortholog_one2one
ENSG00000151067,CACNA1C,ENSMUSG00000051331,Cacna1c,ortholog_one2one
ENSG00000100739,BDKRB1,ENSMUSG00000041347,Bdkrb1,ortholog_one2one
ENSG00000116157,GPX7,ENSMUSG00000028597,Gpx7,ortholog_one2one
ENSG00000140022,STON2,ENSMUSG00000020961,Ston2,ortholog_one2one
ENSG00000139684,ESD,ENSMUSG00000021996,Esd,ortholog_one2one
ENSG00000188996,HUS1B,ENSMUSG00000076430,Hus1b,ortholog_one2one
ENSG00000165861,ZFYVE1,ENSMUSG00000042628,Zfyve1,ortholog_one2one
ENSG00000150672,DLG2,ENSMUSG00000052572,Dlg2,ortholog_one2one
ENSG00000101901,ALG13,ENSMUSG00000041718,Alg13,ortholog_one2one
ENSG00000114656,CFAP92,ENSMUSG00000089997,Cfap92,ortholog_one2one
ENSG00000071994,PDCD2,ENSMUSG00000014771,Pdcd2,ortholog_one2one
ENSG00000143032,BARHL2,ENSMUSG00000034384,Barhl2,ortholog_one2one
ENSG00000169605,GKN1,ENSMUSG00000030050,Gkn1,ortholog_one2one
ENSG00000160791,CCR5,ENSMUSG00000079227,Ccr5,ortholog_one2one
ENSG00000179407,DNAJB8,ENSMUSG00000048206,Dnajb8,ortholog_one2one
ENSG00000171121,KCNMB3,ENSMUSG00000091091,Kcnmb3,ortholog_one2one
ENSG00000198162,MAN1A2,ENSMUSG00000008763,Man1a2,ortholog_one2one
ENSG00000183185,GABRR3,ENSMUSG00000074991,Gabrr3,ortholog_one2one
ENSG00000124602,UNC5CL,ENSMUSG00000043592,Unc5cl,ortholog_one2one
ENSG00000134253,TRIM45,ENSMUSG00000033233,Trim45,ortholog_one2one
ENSG00000066032,CTNNA2,ENSMUSG00000063063,Ctnna2,ortholog_one2one
ENSG00000157557,ETS2,ENSMUSG00000022895,Ets2,ortholog_one2one
ENSG00000114204,SERPINI2,ENSMUSG00000034139,Serpini2,ortholog_one2one
ENSG00000179388,EGR3,ENSMUSG00000033730,Egr3,ortholog_one2one
ENSG00000112212,TSPO2,ENSMUSG00000023995,Tspo2,ortholog_one2one
ENSG00000125977,EIF2S2,ENSMUSG00000074656,Eif2s2,ortholog_one2one
ENSG00000133104,SPART,ENSMUSG00000036580,Spart,ortholog_one2one
ENSG00000165417,GTF2A1,ENSMUSG00000020962,Gtf2a1,ortholog_one2one
ENSG00000186666,BCDIN3D,ENSMUSG00000037525,Bcdin3d,ortholog_one2one
ENSG00000135312,HTR1B,ENSMUSG00000049511,Htr1b,ortholog_one2one
ENSG00000269964,MEI4,ENSMUSG00000043289,Mei4,ortholog_one2one
ENSG00000167580,AQP2,ENSMUSG00000023013,Aqp2,ortholog_one2one
ENSG00000171435,KSR2,ENSMUSG00000061578,Ksr2,ortholog_one2one
ENSG00000198765,SYCP1,ENSMUSG00000027855,Sycp1,ortholog_one2one
ENSG00000165943,MOAP1,ENSMUSG00000096458,Moap1,ortholog_one2one
ENSG00000180998,GPR137C,ENSMUSG00000049092,Gpr137c,ortholog_one2one
ENSG00000179476,DORIP1,ENSMUSG00000047227,Gm527,ortholog_one2one
ENSG00000172752,COL6A5,ENSMUSG00000091345,Col6a5,ortholog_one2one
ENSG00000100580,TMED8,ENSMUSG00000034111,Tmed8,ortholog_one2one
ENSG00000134321,RSAD2,ENSMUSG00000020641,Rsad2,ortholog_one2one
ENSG00000066455,GOLGA5,ENSMUSG00000021192,Golga5,ortholog_one2one
ENSG00000134200,TSHB,ENSMUSG00000027857,Tshb,ortholog_one2one
ENSG00000123610,TNFAIP6,ENSMUSG00000053475,Tnfaip6,ortholog_one2one
ENSG00000155761,SPAG17,ENSMUSG00000027867,Spag17,ortholog_one2one
ENSG00000125356,NDUFA1,ENSMUSG00000016427,Ndufa1,ortholog_one2one
ENSG00000101850,GPR143,ENSMUSG00000025333,Gpr143,ortholog_one2one
ENSG00000047617,ANO2,ENSMUSG00000038115,Ano2,ortholog_one2one
ENSG00000156466,GDF6,ENSMUSG00000051279,Gdf6,ortholog_one2one
ENSG00000188846,RPL14,ENSMUSG00000025794,Rpl14,ortholog_one2one
ENSG00000142173,COL6A2,ENSMUSG00000020241,Col6a2,ortholog_one2one
ENSG00000112195,TREML2,ENSMUSG00000071068,Treml2,ortholog_one2one
ENSG00000124003,MOGAT1,ENSMUSG00000012187,Mogat1,ortholog_one2one
ENSG00000188056,TREML4,ENSMUSG00000051682,Treml4,ortholog_one2one
ENSG00000163155,LYSMD1,ENSMUSG00000053769,Lysmd1,ortholog_one2one
ENSG00000155749,FLACC1,ENSMUSG00000047528,Flacc1,ortholog_one2one
ENSG00000175946,KLHL38,ENSMUSG00000022357,Klhl38,ortholog_one2one
ENSG00000124731,TREM1,ENSMUSG00000042265,Trem1,ortholog_one2one
ENSG00000057294,PKP2,ENSMUSG00000041957,Pkp2,ortholog_one2one
ENSG00000187837,H1-2,ENSMUSG00000036181,H1f2,ortholog_one2one
ENSG00000157093,LYZL4,ENSMUSG00000032530,Lyzl4,ortholog_one2one
ENSG00000007944,MYLIP,ENSMUSG00000038175,Mylip,ortholog_one2one
ENSG00000056277,ZNF280C,ENSMUSG00000036916,Zfp280c,ortholog_one2one
ENSG00000080224,EPHA6,ENSMUSG00000055540,Epha6,ortholog_one2one
ENSG00000138395,CDK15,ENSMUSG00000026023,Cdk15,ortholog_one2one
ENSG00000067992,PDK3,ENSMUSG00000035232,Pdk3,ortholog_one2one
ENSG00000047410,TPR,ENSMUSG00000006005,Tpr,ortholog_one2one
ENSG00000102030,NAA10,ENSMUSG00000031388,Naa10,ortholog_one2one
ENSG00000273542,H4C12,ENSMUSG00000064288,H4c12,ortholog_one2one
ENSG00000273079,GRIN2B,ENSMUSG00000030209,Grin2b,ortholog_one2one
ENSG00000080200,CRYBG3,ENSMUSG00000022723,Crybg3,ortholog_one2one
ENSG00000164440,TXLNB,ENSMUSG00000039891,Txlnb,ortholog_one2one
ENSG00000052749,RRP12,ENSMUSG00000035049,Rrp12,ortholog_one2one
ENSG00000115137,DNAJC27,ENSMUSG00000020657,Dnajc27,ortholog_one2one
ENSG00000157103,SLC6A1,ENSMUSG00000030310,Slc6a1,ortholog_one2one
ENSG00000173349,SFT2D3,ENSMUSG00000044982,Sft2d3,ortholog_one2one
ENSG00000177483,RBM44,ENSMUSG00000070732,Rbm44,ortholog_one2one
ENSG00000110723,EXPH5,ENSMUSG00000034584,Exph5,ortholog_one2one
ENSG00000172943,PHF8,ENSMUSG00000041229,Phf8,ortholog_one2one
ENSG00000169139,UBE2V2,ENSMUSG00000022674,Ube2v2,ortholog_one2one
ENSG00000168280,KIF5C,ENSMUSG00000026764,Kif5c,ortholog_one2one
ENSG00000178202,POGLUT3,ENSMUSG00000034487,Poglut3,ortholog_one2one
ENSG00000134882,UBAC2,ENSMUSG00000041765,Ubac2,ortholog_one2one
ENSG00000175215,CTDSP2,ENSMUSG00000078429,Ctdsp2,ortholog_one2one
ENSG00000160588,MPZL3,ENSMUSG00000070305,Mpzl3,ortholog_one2one
ENSG00000277494,GPIHBP1,ENSMUSG00000022579,Gpihbp1,ortholog_one2one
ENSG00000121039,RDH10,ENSMUSG00000025921,Rdh10,ortholog_one2one
ENSG00000172689,MS4A10,ENSMUSG00000024731,Ms4a10,ortholog_one2one
ENSG00000283268,TEX54,ENSMUSG00000090840,Tex54,ortholog_one2one
ENSG00000183715,OPCML,ENSMUSG00000062257,Opcml,ortholog_one2one
ENSG00000104361,NIPAL2,ENSMUSG00000038879,Nipal2,ortholog_one2one
ENSG00000179104,TMTC2,ENSMUSG00000036019,Tmtc2,ortholog_one2one
ENSG00000165416,SUGT1,ENSMUSG00000022024,Sugt1,ortholog_one2one
ENSG00000104228,TRIM35,ENSMUSG00000022043,Trim35,ortholog_one2one
ENSG00000174804,FZD4,ENSMUSG00000049791,Fzd4,ortholog_one2one
ENSG00000060749,QSER1,ENSMUSG00000074994,Qser1,ortholog_one2one
ENSG00000046889,PREX2,ENSMUSG00000048960,Prex2,ortholog_one2one
ENSG00000186197,EDARADD,ENSMUSG00000095105,Edaradd,ortholog_one2one
ENSG00000214782,MS4A18,ENSMUSG00000094584,Ms4a18,ortholog_one2one
ENSG00000175701,MTLN,ENSMUSG00000051319,Mtln,ortholog_one2one
ENSG00000102781,KATNAL1,ENSMUSG00000041298,Katnal1,ortholog_one2one
ENSG00000111339,ART4,ENSMUSG00000030217,Art4,ortholog_one2one
ENSG00000176204,LRRTM4,ENSMUSG00000052581,Lrrtm4,ortholog_one2one
ENSG00000174576,NPAS4,ENSMUSG00000045903,Npas4,ortholog_one2one
ENSG00000162761,LMX1A,ENSMUSG00000026686,Lmx1a,ortholog_one2one
ENSG00000155760,FZD7,ENSMUSG00000041075,Fzd7,ortholog_one2one
ENSG00000136826,KLF4,ENSMUSG00000003032,Klf4,ortholog_one2one
ENSG00000123104,ITPR2,ENSMUSG00000030287,Itpr2,ortholog_one2one
ENSG00000003137,CYP26B1,ENSMUSG00000063415,Cyp26b1,ortholog_one2one
ENSG00000099204,ABLIM1,ENSMUSG00000025085,Ablim1,ortholog_one2one
ENSG00000143199,ADCY10,ENSMUSG00000026567,Adcy10,ortholog_one2one
ENSG00000147586,MRPS28,ENSMUSG00000040269,Mrps28,ortholog_one2one
ENSG00000137674,MMP20,ENSMUSG00000018620,Mmp20,ortholog_one2one
ENSG00000134326,CMPK2,ENSMUSG00000020638,Cmpk2,ortholog_one2one
ENSG00000150457,LATS2,ENSMUSG00000021959,Lats2,ortholog_one2one
ENSG00000100014,SPECC1L,ENSMUSG00000033444,Specc1l,ortholog_one2one
ENSG00000149294,NCAM1,ENSMUSG00000039542,Ncam1,ortholog_one2one
ENSG00000136573,BLK,ENSMUSG00000014453,Blk,ortholog_one2one
ENSG00000007908,SELE,ENSMUSG00000026582,Sele,ortholog_one2one
ENSG00000185610,DBX2,ENSMUSG00000045608,Dbx2,ortholog_one2one
ENSG00000178719,GRINA,ENSMUSG00000022564,Grina,ortholog_one2one
ENSG00000111405,ENDOU,ENSMUSG00000022468,Endou,ortholog_one2one
ENSG00000123131,PRDX4,ENSMUSG00000025289,Prdx4,ortholog_one2one
ENSG00000116574,RHOU,ENSMUSG00000039960,Rhou,ortholog_one2one
ENSG00000115232,ITGA4,ENSMUSG00000027009,Itga4,ortholog_one2one
ENSG00000116132,PRRX1,ENSMUSG00000026586,Prrx1,ortholog_one2one
ENSG00000151577,DRD3,ENSMUSG00000022705,Drd3,ortholog_one2one
ENSG00000182871,COL18A1,ENSMUSG00000001435,Col18a1,ortholog_one2one
ENSG00000038945,MSR1,ENSMUSG00000025044,Msr1,ortholog_one2one
ENSG00000170209,ANKK1,ENSMUSG00000032257,Ankk1,ortholog_one2one
ENSG00000213809,KLRK1,ENSMUSG00000030149,Klrk1,ortholog_one2one
ENSG00000170893,TRH,ENSMUSG00000005892,Trh,ortholog_one2one
ENSG00000134940,ACRV1,ENSMUSG00000032110,Acrv1,ortholog_one2one
ENSG00000143355,LHX9,ENSMUSG00000019230,Lhx9,ortholog_one2one
ENSG00000144935,TRPC1,ENSMUSG00000032839,Trpc1,ortholog_one2one
ENSG00000214336,FOXI3,ENSMUSG00000055874,Foxi3,ortholog_one2one
ENSG00000147883,CDKN2B,ENSMUSG00000073802,Cdkn2b,ortholog_one2one
ENSG00000162849,KIF26B,ENSMUSG00000026494,Kif26b,ortholog_one2one
ENSG00000167136,ENDOG,ENSMUSG00000015337,Endog,ortholog_one2one
ENSG00000169564,PCBP1,ENSMUSG00000051695,Pcbp1,ortholog_one2one
ENSG00000099139,PCSK5,ENSMUSG00000024713,Pcsk5,ortholog_one2one
ENSG00000178053,MLF1,ENSMUSG00000048416,Mlf1,ortholog_one2one
ENSG00000237651,C2orf74,ENSMUSG00000020286,1700093K21Rik,ortholog_one2one
ENSG00000100078,PLA2G3,ENSMUSG00000034579,Pla2g3,ortholog_one2one
ENSG00000100652,SLC10A1,ENSMUSG00000021135,Slc10a1,ortholog_one2one
ENSG00000104321,TRPA1,ENSMUSG00000032769,Trpa1,ortholog_one2one
ENSG00000152104,PTPN14,ENSMUSG00000026604,Ptpn14,ortholog_one2one
ENSG00000150907,FOXO1,ENSMUSG00000044167,Foxo1,ortholog_one2one
ENSG00000128714,HOXD13,ENSMUSG00000001819,Hoxd13,ortholog_one2one
ENSG00000099956,SMARCB1,ENSMUSG00000000902,Smarcb1,ortholog_one2one
ENSG00000170178,HOXD12,ENSMUSG00000001823,Hoxd12,ortholog_one2one
ENSG00000151773,CCDC122,ENSMUSG00000034795,Ccdc122,ortholog_one2one
ENSG00000128713,HOXD11,ENSMUSG00000042499,Hoxd11,ortholog_one2one
ENSG00000128710,HOXD10,ENSMUSG00000050368,Hoxd10,ortholog_one2one
ENSG00000100448,CTSG,ENSMUSG00000040314,Ctsg,ortholog_one2one
ENSG00000171561,OR2AT4,ENSMUSG00000073998,Or2at4,ortholog_one2one
ENSG00000128709,HOXD9,ENSMUSG00000043342,Hoxd9,ortholog_one2one
ENSG00000175879,HOXD8,ENSMUSG00000027102,Hoxd8,ortholog_one2one
ENSG00000170166,HOXD4,ENSMUSG00000101174,Hoxd4,ortholog_one2one
ENSG00000185189,NRBP2,ENSMUSG00000075590,Nrbp2,ortholog_one2one
ENSG00000150681,RGS18,ENSMUSG00000026357,Rgs18,ortholog_one2one
ENSG00000144218,AFF3,ENSMUSG00000037138,Aff3,ortholog_one2one
ENSG00000092969,TGFB2,ENSMUSG00000039239,Tgfb2,ortholog_one2one
ENSG00000135114,OASL,ENSMUSG00000041827,Oasl1,ortholog_one2one
ENSG00000160131,VMA21,ENSMUSG00000073131,Vma21,ortholog_one2one
ENSG00000149289,ZC3H12C,ENSMUSG00000035164,Zc3h12c,ortholog_one2one
ENSG00000162669,HFM1,ENSMUSG00000043410,Hfm1,ortholog_one2one
ENSG00000153707,PTPRD,ENSMUSG00000028399,Ptprd,ortholog_one2one
ENSG00000011677,GABRA3,ENSMUSG00000031343,Gabra3,ortholog_one2one
ENSG00000174851,YIF1A,ENSMUSG00000024875,Yif1a,ortholog_one2one
ENSG00000077274,CAPN6,ENSMUSG00000067276,Capn6,ortholog_one2one
ENSG00000079257,LXN,ENSMUSG00000047557,Lxn,ortholog_one2one
ENSG00000083544,TDRD3,ENSMUSG00000022019,Tdrd3,ortholog_one2one
ENSG00000010932,FMO1,ENSMUSG00000040181,Fmo1,ortholog_one2one
ENSG00000067840,PDZD4,ENSMUSG00000002006,Pdzd4,ortholog_one2one
ENSG00000166126,AMN,ENSMUSG00000021278,Amn,ortholog_one2one
ENSG00000104369,JPH1,ENSMUSG00000042686,Jph1,ortholog_one2one
ENSG00000111012,CYP27B1,ENSMUSG00000006724,Cyp27b1,ortholog_one2one
ENSG00000138231,DBR1,ENSMUSG00000032469,Dbr1,ortholog_one2one
ENSG00000170500,LONRF2,ENSMUSG00000048814,Lonrf2,ortholog_one2one
ENSG00000169583,CLIC3,ENSMUSG00000015093,Clic3,ortholog_one2one
ENSG00000100234,TIMP3,ENSMUSG00000020044,Timp3,ortholog_one2one
ENSG00000241343,RPL36A,ENSMUSG00000049751,Rpl36al,ortholog_one2one
ENSG00000196405,EVL,ENSMUSG00000021262,Evl,ortholog_one2one
ENSG00000006071,ABCC8,ENSMUSG00000040136,Abcc8,ortholog_one2one
ENSG00000116183,PAPPA2,ENSMUSG00000073530,Pappa2,ortholog_one2one
ENSG00000086062,B4GALT1,ENSMUSG00000028413,B4galt1,ortholog_one2one
ENSG00000138381,ASNSD1,ENSMUSG00000026095,Asnsd1,ortholog_one2one
ENSG00000100429,HDAC10,ENSMUSG00000062906,Hdac10,ortholog_one2one
ENSG00000188676,IDO2,ENSMUSG00000031549,Ido2,ortholog_one2one
ENSG00000123454,DBH,ENSMUSG00000000889,Dbh,ortholog_one2one
ENSG00000102119,EMD,ENSMUSG00000001964,Emd,ortholog_one2one
ENSG00000164823,OSGIN2,ENSMUSG00000041153,Osgin2,ortholog_one2one
ENSG00000173728,SPMIP3,ENSMUSG00000015962,Spmip3,ortholog_one2one
ENSG00000151687,ANKAR,ENSMUSG00000039342,Ankar,ortholog_one2one
ENSG00000095303,PTGS1,ENSMUSG00000047250,Ptgs1,ortholog_one2one
ENSG00000102384,CENPI,ENSMUSG00000031262,Cenpi,ortholog_one2one
ENSG00000147488,ST18,ENSMUSG00000033740,St18,ortholog_one2one
ENSG00000115850,LCT,ENSMUSG00000026354,Lct,ortholog_one2one
ENSG00000182533,CAV3,ENSMUSG00000062694,Cav3,ortholog_one2one
ENSG00000180574,EIF2S3B,ENSMUSG00000035150,Eif2s3x,ortholog_one2one
ENSG00000136098,NEK3,ENSMUSG00000031478,Nek3,ortholog_one2one
ENSG00000157014,TATDN2,ENSMUSG00000056952,Tatdn2,ortholog_one2one
ENSG00000168955,TM4SF20,ENSMUSG00000026149,Tm4sf20,ortholog_one2one
ENSG00000089022,MAPKAPK5,ENSMUSG00000029454,Mapkapk5,ortholog_one2one
ENSG00000176040,TMPRSS7,ENSMUSG00000033177,Tmprss7,ortholog_one2one
ENSG00000151748,SAV1,ENSMUSG00000021067,Sav1,ortholog_one2one
ENSG00000116903,EXOC8,ENSMUSG00000074030,Exoc8,ortholog_one2one
ENSG00000102302,FGD1,ENSMUSG00000025265,Fgd1,ortholog_one2one
ENSG00000081052,COL4A4,ENSMUSG00000067158,Col4a4,ortholog_one2one
ENSG00000101367,MAPRE1,ENSMUSG00000027479,Mapre1,ortholog_one2one
ENSG00000170099,SERPINA6,ENSMUSG00000060807,Serpina6,ortholog_one2one
ENSG00000168811,IL12A,ENSMUSG00000027776,Il12a,ortholog_one2one
ENSG00000253719,ATXN7L3B,ENSMUSG00000074748,Atxn7l3b,ortholog_one2one
ENSG00000119689,DLST,ENSMUSG00000004789,Dlst,ortholog_one2one
ENSG00000042781,USH2A,ENSMUSG00000026609,Ush2a,ortholog_one2one
ENSG00000012174,MBTPS2,ENSMUSG00000046873,Mbtps2,ortholog_one2one
ENSG00000172458,IL17D,ENSMUSG00000050222,Il17d,ortholog_one2one
ENSG00000144771,LRTM1,ENSMUSG00000045776,Lrtm1,ortholog_one2one
ENSG00000106780,MEGF9,ENSMUSG00000039270,Megf9,ortholog_one2one
ENSG00000136152,COG3,ENSMUSG00000034893,Cog3,ortholog_one2one
ENSG00000130150,MOSPD2,ENSMUSG00000061778,Mospd2,ortholog_one2one
ENSG00000025293,PHF20,ENSMUSG00000038116,Phf20,ortholog_one2one
ENSG00000174579,MSL2,ENSMUSG00000066415,Msl2,ortholog_one2one
ENSG00000035687,ADSS2,ENSMUSG00000015961,Adss2,ortholog_one2one
ENSG00000163508,EOMES,ENSMUSG00000032446,Eomes,ortholog_one2one
ENSG00000173706,HEG1,ENSMUSG00000075254,Heg1,ortholog_one2one
ENSG00000197416,FABP12,ENSMUSG00000027530,Fabp12,ortholog_one2one
ENSG00000180287,PLD5,ENSMUSG00000055214,Pld5,ortholog_one2one
ENSG00000133742,CA1,ENSMUSG00000027556,Car1,ortholog_one2one
ENSG00000101638,ST8SIA5,ENSMUSG00000025425,St8sia5,ortholog_one2one
ENSG00000070159,PTPN3,ENSMUSG00000038764,Ptpn3,ortholog_one2one
ENSG00000198842,STYXL2,ENSMUSG00000026564,Styxl2,ortholog_one2one
ENSG00000150637,CD226,ENSMUSG00000034028,Cd226,ortholog_one2one
ENSG00000136146,MED4,ENSMUSG00000022109,Med4,ortholog_one2one
ENSG00000184261,KCNK12,ENSMUSG00000050138,Kcnk12,ortholog_one2one
ENSG00000172071,EIF2AK3,ENSMUSG00000031668,Eif2ak3,ortholog_one2one
ENSG00000233276,GPX1,ENSMUSG00000063856,Gpx1,ortholog_one2one
ENSG00000119318,RAD23B,ENSMUSG00000028426,Rad23b,ortholog_one2one
ENSG00000183780,SLC35F3,ENSMUSG00000057060,Slc35f3,ortholog_one2one
ENSG00000089048,ESF1,ENSMUSG00000045624,Esf1,ortholog_one2one
ENSG00000154080,CHST9,ENSMUSG00000047161,Chst9,ortholog_one2one
ENSG00000143194,MAEL,ENSMUSG00000040629,Mael,ortholog_one2one
ENSG00000128791,TWSG1,ENSMUSG00000024098,Twsg1,ortholog_one2one
ENSG00000119403,PHF19,ENSMUSG00000026873,Phf19,ortholog_one2one
ENSG00000119537,KDSR,ENSMUSG00000009905,Kdsr,ortholog_one2one
ENSG00000152484,USP12,ENSMUSG00000029640,Usp12,ortholog_one2one
ENSG00000109794,FAM149A,ENSMUSG00000070044,Fam149a,ortholog_one2one
ENSG00000152767,FARP1,ENSMUSG00000025555,Farp1,ortholog_one2one
ENSG00000128159,TUBGCP6,ENSMUSG00000051786,Tubgcp6,ortholog_one2one
ENSG00000104765,BNIP3L,ENSMUSG00000022051,Bnip3l,ortholog_one2one
ENSG00000101294,HM13,ENSMUSG00000019188,H13,ortholog_one2one
ENSG00000203737,GPR52,ENSMUSG00000118401,Gpr52,ortholog_one2one
ENSG00000185420,SMYD3,ENSMUSG00000055067,Smyd3,ortholog_one2one
ENSG00000188452,CERKL,ENSMUSG00000075256,Cerkl,ortholog_one2one
ENSG00000106927,AMBP,ENSMUSG00000028356,Ambp,ortholog_one2one
ENSG00000100916,BRMS1L,ENSMUSG00000012076,Brms1l,ortholog_one2one
ENSG00000137561,TTPA,ENSMUSG00000073988,Ttpa,ortholog_one2one
ENSG00000184979,USP18,ENSMUSG00000030107,Usp18,ortholog_one2one
ENSG00000143341,HMCN1,ENSMUSG00000066842,Hmcn1,ortholog_one2one
ENSG00000162992,NEUROD1,ENSMUSG00000034701,Neurod1,ortholog_one2one
ENSG00000147592,LACTB2,ENSMUSG00000025937,Lactb2,ortholog_one2one
ENSG00000152242,ARK2N,ENSMUSG00000047466,Ark2n,ortholog_one2one
ENSG00000213889,PPM1N,ENSMUSG00000030402,Ppm1n,ortholog_one2one
ENSG00000172845,SP3,ENSMUSG00000027109,Sp3,ortholog_one2one
ENSG00000104671,DCTN6,ENSMUSG00000031516,Dctn6,ortholog_one2one
ENSG00000116703,PDC,ENSMUSG00000006007,Pdc,ortholog_one2one
ENSG00000101665,SMAD7,ENSMUSG00000025880,Smad7,ortholog_one2one
ENSG00000071575,TRIB2,ENSMUSG00000020601,Trib2,ortholog_one2one
ENSG00000139974,SLC38A6,ENSMUSG00000044712,Slc38a6,ortholog_one2one
ENSG00000154736,ADAMTS5,ENSMUSG00000022894,Adamts5,ortholog_one2one
ENSG00000102057,KCND1,ENSMUSG00000009731,Kcnd1,ortholog_one2one
ENSG00000138794,CASP6,ENSMUSG00000027997,Casp6,ortholog_one2one
ENSG00000167700,MFSD3,ENSMUSG00000019080,Mfsd3,ortholog_one2one
ENSG00000142166,IFNAR1,ENSMUSG00000022967,Ifnar1,ortholog_one2one
ENSG00000099999,RNF215,ENSMUSG00000003581,Rnf215,ortholog_one2one
ENSG00000147853,AK3,ENSMUSG00000024782,Ak3,ortholog_one2one
ENSG00000181638,ZFP41,ENSMUSG00000047003,Zfp41,ortholog_one2one
ENSG00000183114,FAM43B,ENSMUSG00000078235,Fam43b,ortholog_one2one
ENSG00000100379,KCTD17,ENSMUSG00000033287,Kctd17,ortholog_one2one
ENSG00000126756,UXT,ENSMUSG00000001134,Uxt,ortholog_one2one
ENSG00000101276,SLC52A3,ENSMUSG00000027463,Slc52a3,ortholog_one2one
ENSG00000132703,APCS,ENSMUSG00000026542,Apcs,ortholog_one2one
ENSG00000198730,CTR9,ENSMUSG00000005609,Ctr9,ortholog_one2one
ENSG00000132693,CRP,ENSMUSG00000037942,Crp,ortholog_one2one
ENSG00000243284,VSIG8,ENSMUSG00000049598,Vsig8,ortholog_one2one
ENSG00000180694,TMEM64,ENSMUSG00000043252,Tmem64,ortholog_one2one
ENSG00000125510,OPRL1,ENSMUSG00000027584,Oprl1,ortholog_one2one
ENSG00000100354,TNRC6B,ENSMUSG00000047888,Tnrc6b,ortholog_one2one
ENSG00000147676,MAL2,ENSMUSG00000024479,Mal2,ortholog_one2one
ENSG00000042317,SPATA7,ENSMUSG00000021007,Spata7,ortholog_one2one
ENSG00000125872,LRRN4,ENSMUSG00000043110,Lrrn4,ortholog_one2one
ENSG00000168078,PBK,ENSMUSG00000022033,Pbk,ortholog_one2one
ENSG00000160207,HSF2BP,ENSMUSG00000002076,Hsf2bp,ortholog_one2one
ENSG00000148943,LIN7C,ENSMUSG00000027162,Lin7c,ortholog_one2one
ENSG00000124151,NCOA3,ENSMUSG00000027678,Ncoa3,ortholog_one2one
ENSG00000162723,SLAMF9,ENSMUSG00000026548,Slamf9,ortholog_one2one
ENSG00000169760,NLGN1,ENSMUSG00000063887,Nlgn1,ortholog_one2one
ENSG00000147130,ZMYM3,ENSMUSG00000031310,Zmym3,ortholog_one2one
ENSG00000183527,PSMG1,ENSMUSG00000022913,Psmg1,ortholog_one2one
ENSG00000095794,CREM,ENSMUSG00000063889,Crem,ortholog_one2one
ENSG00000184897,H1-10,ENSMUSG00000044927,H1f10,ortholog_one2one
ENSG00000249242,TMEM150C,ENSMUSG00000050640,Tmem150c,ortholog_one2one
ENSG00000172046,USP19,ENSMUSG00000006676,Usp19,ortholog_one2one
ENSG00000243364,EFNA4,ENSMUSG00000028040,Efna4,ortholog_one2one
ENSG00000120913,PDLIM2,ENSMUSG00000022090,Pdlim2,ortholog_one2one
ENSG00000134508,CABLES1,ENSMUSG00000040957,Cables1,ortholog_one2one
ENSG00000143627,PKLR,ENSMUSG00000041237,Pklr,ortholog_one2one
ENSG00000144426,NBEAL1,ENSMUSG00000073664,Nbeal1,ortholog_one2one
ENSG00000196576,PLXNB2,ENSMUSG00000036606,Plxnb2,ortholog_one2one
ENSG00000136160,EDNRB,ENSMUSG00000022122,Ednrb,ortholog_one2one
ENSG00000109163,GNRHR,ENSMUSG00000029255,Gnrhr,ortholog_one2one
ENSG00000153802,TMPRSS11D,ENSMUSG00000061259,Tmprss11d,ortholog_one2one
ENSG00000119457,SLC46A2,ENSMUSG00000028386,Slc46a2,ortholog_one2one
ENSG00000176919,C8G,ENSMUSG00000015083,C8g,ortholog_one2one
ENSG00000244617,ASPRV1,ENSMUSG00000033508,Asprv1,ortholog_one2one
ENSG00000284308,C2orf81,ENSMUSG00000030030,1700003E16Rik,ortholog_one2one
ENSG00000129473,BCL2L2,ENSMUSG00000089682,Bcl2l2,ortholog_one2one
ENSG00000187054,TMPRSS11A,ENSMUSG00000072845,Tmprss11a,ortholog_one2one
ENSG00000136155,SCEL,ENSMUSG00000022123,Scel,ortholog_one2one
ENSG00000116127,ALMS1,ENSMUSG00000063810,Alms1,ortholog_one2one
ENSG00000165501,LRR1,ENSMUSG00000034883,Lrr1,ortholog_one2one
ENSG00000141627,DYM,ENSMUSG00000035765,Dym,ortholog_one2one
ENSG00000103599,IQCH,ENSMUSG00000037801,Iqch,ortholog_one2one
ENSG00000158156,XKR8,ENSMUSG00000037752,Xkr8,ortholog_one2one
ENSG00000148158,SNX30,ENSMUSG00000028385,Snx30,ortholog_one2one
ENSG00000235194,PPP1R3E,ENSMUSG00000072494,Ppp1r3e,ortholog_one2one
ENSG00000165271,NOL6,ENSMUSG00000028430,Nol6,ortholog_one2one
ENSG00000092295,TGM1,ENSMUSG00000022218,Tgm1,ortholog_one2one
ENSG00000152049,KCNE4,ENSMUSG00000047330,Kcne4,ortholog_one2one
ENSG00000154040,CABYR,ENSMUSG00000024430,Cabyr,ortholog_one2one
ENSG00000130561,SAG,ENSMUSG00000056055,Sag,ortholog_one2one
ENSG00000014257,ACP3,ENSMUSG00000032561,Acp3,ortholog_one2one
ENSG00000137098,SPAG8,ENSMUSG00000066196,Spag8,ortholog_one2one
ENSG00000129467,ADCY4,ENSMUSG00000022220,Adcy4,ortholog_one2one
ENSG00000189227,C15orf61,ENSMUSG00000032403,2300009A05Rik,ortholog_one2one
ENSG00000105339,DENND3,ENSMUSG00000036661,Dennd3,ortholog_one2one
ENSG00000184384,MAML2,ENSMUSG00000031925,Maml2,ortholog_one2one
ENSG00000144802,NFKBIZ,ENSMUSG00000035356,Nfkbiz,ortholog_one2one
ENSG00000106952,TNFSF8,ENSMUSG00000028362,Tnfsf8,ortholog_one2one
ENSG00000186326,RGS9BP,ENSMUSG00000056043,Rgs9bp,ortholog_one2one
ENSG00000167286,CD3D,ENSMUSG00000032094,Cd3d,ortholog_one2one
ENSG00000178031,ADAMTSL1,ENSMUSG00000066113,Adamtsl1,ortholog_one2one
ENSG00000213965,NUDT19,ENSMUSG00000034875,Nudt19,ortholog_one2one
ENSG00000183091,NEB,ENSMUSG00000026950,Neb,ortholog_one2one
ENSG00000173809,TDRD12,ENSMUSG00000030491,Tdrd12,ortholog_one2one
ENSG00000181649,PHLDA2,ENSMUSG00000010760,Phlda2,ortholog_one2one
ENSG00000167995,BEST1,ENSMUSG00000037418,Best1,ortholog_one2one
ENSG00000254726,MEX3A,ENSMUSG00000074480,Mex3a,ortholog_one2one
ENSG00000162763,LRRC52,ENSMUSG00000040485,Lrrc52,ortholog_one2one
ENSG00000147614,ATP6V0D2,ENSMUSG00000028238,Atp6v0d2,ortholog_one2one
ENSG00000070190,DAPP1,ENSMUSG00000028159,Dapp1,ortholog_one2one
ENSG00000175787,ZNF169,ENSMUSG00000050954,Zfp169,ortholog_one2one
ENSG00000241563,CORT,ENSMUSG00000028971,Cort,ortholog_one2one
ENSG00000116678,LEPR,ENSMUSG00000057722,Lepr,ortholog_one2one
ENSG00000074657,ZNF532,ENSMUSG00000042439,Zfp532,ortholog_one2one
ENSG00000145414,NAF1,ENSMUSG00000014907,Naf1,ortholog_one2one
ENSG00000173273,TNKS,ENSMUSG00000031529,Tnks,ortholog_one2one
ENSG00000180549,FUT7,ENSMUSG00000036587,Fut7,ortholog_one2one
ENSG00000100918,REC8,ENSMUSG00000002324,Rec8,ortholog_one2one
ENSG00000168913,ENHO,ENSMUSG00000028445,Enho,ortholog_one2one
ENSG00000205143,ARID3C,ENSMUSG00000066224,Arid3c,ortholog_one2one
ENSG00000176909,MAMSTR,ENSMUSG00000042918,Mamstr,ortholog_one2one
ENSG00000122741,DCAF10,ENSMUSG00000035572,Dcaf10,ortholog_one2one
ENSG00000135220,UGT2A3,ENSMUSG00000035780,Ugt2a3,ortholog_one2one
ENSG00000053501,USE1,ENSMUSG00000002395,Use1,ortholog_one2one
ENSG00000165970,SLC6A5,ENSMUSG00000039728,Slc6a5,ortholog_one2one
ENSG00000164100,NDST3,ENSMUSG00000027977,Ndst3,ortholog_one2one
ENSG00000163810,TGM4,ENSMUSG00000025787,Tgm4,ortholog_one2one
ENSG00000122735,DNAI1,ENSMUSG00000061322,Dnai1,ortholog_one2one
ENSG00000107736,CDH23,ENSMUSG00000012819,Cdh23,ortholog_one2one
ENSG00000142731,PLK4,ENSMUSG00000025758,Plk4,ortholog_one2one
ENSG00000107341,UBE2R2,ENSMUSG00000036241,Ube2r2,ortholog_one2one
ENSG00000186564,FOXD2,ENSMUSG00000055210,Foxd2,ortholog_one2one
ENSG00000244038,DDOST,ENSMUSG00000028757,Ddost,ortholog_one2one
ENSG00000158786,PLA2G2F,ENSMUSG00000028749,Pla2g2f,ortholog_one2one
ENSG00000139874,SSTR1,ENSMUSG00000035431,Sstr1,ortholog_one2one
ENSG00000157087,ATP2B2,ENSMUSG00000030302,Atp2b2,ortholog_one2one
ENSG00000173080,RXFP4,ENSMUSG00000049741,Rxfp4,ortholog_one2one
ENSG00000120949,TNFRSF8,ENSMUSG00000028602,Tnfrsf8,ortholog_one2one
ENSG00000087299,L2HGDH,ENSMUSG00000020988,L2hgdh,ortholog_one2one
ENSG00000204882,GPR20,ENSMUSG00000045281,Gpr20,ortholog_one2one
ENSG00000156804,FBXO32,ENSMUSG00000022358,Fbxo32,ortholog_one2one
ENSG00000079557,AFM,ENSMUSG00000029369,Afm,ortholog_one2one
ENSG00000162521,RBBP4,ENSMUSG00000057236,Rbbp4,ortholog_one2one
ENSG00000175764,TTLL11,ENSMUSG00000026885,Ttll11,ortholog_one2one
ENSG00000164932,CTHRC1,ENSMUSG00000054196,Cthrc1,ortholog_one2one
ENSG00000148219,ASTN2,ENSMUSG00000028373,Astn2,ortholog_one2one
ENSG00000184374,COLEC10,ENSMUSG00000038591,Colec10,ortholog_one2one
ENSG00000169744,LDB2,ENSMUSG00000039706,Ldb2,ortholog_one2one
ENSG00000131864,USP29,ENSMUSG00000051527,Usp29,ortholog_one2one
ENSG00000029364,SLC39A9,ENSMUSG00000048833,Slc39a9,ortholog_one2one
ENSG00000123119,NECAB1,ENSMUSG00000040536,Necab1,ortholog_one2one
ENSG00000099899,TRMT2A,ENSMUSG00000022721,Trmt2a,ortholog_one2one
ENSG00000115275,MOGS,ENSMUSG00000030036,Mogs,ortholog_one2one
ENSG00000184634,MED12,ENSMUSG00000079487,Med12,ortholog_one2one
ENSG00000082212,ME2,ENSMUSG00000024556,Me2,ortholog_one2one
ENSG00000188800,TMCO2,ENSMUSG00000078577,Tmco2,ortholog_one2one
ENSG00000078747,ITCH,ENSMUSG00000027598,Itch,ortholog_one2one
ENSG00000182504,CEP97,ENSMUSG00000022604,Cep97,ortholog_one2one
ENSG00000134028,ADAMDEC1,ENSMUSG00000022057,Adamdec1,ortholog_one2one
ENSG00000248905,FMN1,ENSMUSG00000044042,Fmn1,ortholog_one2one
ENSG00000126106,TMEM53,ENSMUSG00000048772,Tmem53,ortholog_one2one
ENSG00000264294,SNORD55,ENSMUSG00000092680,Snord55,ortholog_one2one
ENSG00000168564,CDKN2AIP,ENSMUSG00000038069,Cdkn2aip,ortholog_one2one
ENSG00000011114,BTBD7,ENSMUSG00000041702,Btbd7,ortholog_one2one
ENSG00000204217,BMPR2,ENSMUSG00000067336,Bmpr2,ortholog_one2one
ENSG00000173662,TAS1R1,ENSMUSG00000028950,Tas1r1,ortholog_one2one
ENSG00000109586,GALNT7,ENSMUSG00000031608,Galnt7,ortholog_one2one
ENSG00000148053,NTRK2,ENSMUSG00000055254,Ntrk2,ortholog_one2one
ENSG00000156471,PTDSS1,ENSMUSG00000021518,Ptdss1,ortholog_one2one
ENSG00000070886,EPHA8,ENSMUSG00000028661,Epha8,ortholog_one2one
ENSG00000170509,HSD17B13,ENSMUSG00000034528,Hsd17b13,ortholog_one2one
ENSG00000140067,FAM181A,ENSMUSG00000096753,Fam181a,ortholog_one2one
ENSG00000138439,FAM117B,ENSMUSG00000041040,Fam117b,ortholog_one2one
ENSG00000159363,ATP13A2,ENSMUSG00000036622,Atp13a2,ortholog_one2one
ENSG00000165527,ARF6,ENSMUSG00000044147,Arf6,ortholog_one2one
ENSG00000232119,MCTS1,ENSMUSG00000000355,Mcts1,ortholog_one2one
ENSG00000274286,ADRA2B,ENSMUSG00000058620,Adra2b,ortholog_one2one
ENSG00000234616,JRK,ENSMUSG00000046380,Jrk,ortholog_one2one
ENSG00000152953,STK32B,ENSMUSG00000029123,Stk32b,ortholog_one2one
ENSG00000203942,C10orf62,ENSMUSG00000090369,4933411K16Rik,ortholog_one2one
ENSG00000203485,INF2,ENSMUSG00000037679,Inf2,ortholog_one2one
ENSG00000155254,MARVELD1,ENSMUSG00000044345,Marveld1,ortholog_one2one
ENSG00000138483,CCDC54,ENSMUSG00000050685,Ccdc54,ortholog_one2one
ENSG00000163092,XIRP2,ENSMUSG00000027022,Xirp2,ortholog_one2one
ENSG00000120057,SFRP5,ENSMUSG00000018822,Sfrp5,ortholog_one2one
ENSG00000114279,FGF12,ENSMUSG00000022523,Fgf12,ortholog_one2one
ENSG00000188937,NYX,ENSMUSG00000051228,Nyx,ortholog_one2one
ENSG00000100417,PMM1,ENSMUSG00000022474,Pmm1,ortholog_one2one
ENSG00000213397,HAUS7,ENSMUSG00000031371,Haus7,ortholog_one2one
ENSG00000254093,PINX1,ENSMUSG00000021958,Pinx1,ortholog_one2one
ENSG00000148704,VAX1,ENSMUSG00000006270,Vax1,ortholog_one2one
ENSG00000173578,XCR1,ENSMUSG00000060509,Xcr1,ortholog_one2one
ENSG00000123739,PLA2G12A,ENSMUSG00000027999,Pla2g12a,ortholog_one2one
ENSG00000101187,SLCO4A1,ENSMUSG00000038963,Slco4a1,ortholog_one2one
ENSG00000155792,DEPTOR,ENSMUSG00000022419,Deptor,ortholog_one2one
ENSG00000196277,GRM7,ENSMUSG00000056755,Grm7,ortholog_one2one
ENSG00000122490,SLC66A2,ENSMUSG00000034006,Slc66a2,ortholog_one2one
ENSG00000138756,BMP2K,ENSMUSG00000034663,Bmp2k,ortholog_one2one
ENSG00000122694,GLIPR2,ENSMUSG00000028480,Glipr2,ortholog_one2one
ENSG00000142623,PADI1,ENSMUSG00000025329,Padi1,ortholog_one2one
ENSG00000176771,NCKAP5,ENSMUSG00000049690,Nckap5,ortholog_one2one
ENSG00000148346,LCN2,ENSMUSG00000026822,Lcn2,ortholog_one2one
ENSG00000130829,DUSP9,ENSMUSG00000031383,Dusp9,ortholog_one2one
ENSG00000100288,CHKB,ENSMUSG00000022617,Chkb,ortholog_one2one
ENSG00000134962,KLB,ENSMUSG00000029195,Klb,ortholog_one2one
ENSG00000104904,OAZ1,ENSMUSG00000035242,Oaz1,ortholog_one2one
ENSG00000142619,PADI3,ENSMUSG00000025328,Padi3,ortholog_one2one
ENSG00000091879,ANGPT2,ENSMUSG00000031465,Angpt2,ortholog_one2one
ENSG00000147378,FATE1,ENSMUSG00000053593,Fate1,ortholog_one2one
ENSG00000164344,KLKB1,ENSMUSG00000109764,Klkb1,ortholog_one2one
ENSG00000203880,PCMTD2,ENSMUSG00000027589,Pcmtd2,ortholog_one2one
ENSG00000126953,TIMM8A,ENSMUSG00000048007,Timm8a1,ortholog_one2one
ENSG00000154485,MMP21,ENSMUSG00000030981,Mmp21,ortholog_one2one
ENSG00000148290,SURF1,ENSMUSG00000015790,Surf1,ortholog_one2one
ENSG00000143512,HHIPL2,ENSMUSG00000053461,Hhipl2,ortholog_one2one
ENSG00000114784,EIF1B,ENSMUSG00000006941,Eif1b,ortholog_one2one
ENSG00000125931,CITED1,ENSMUSG00000051159,Cited1,ortholog_one2one
ENSG00000150656,CNDP1,ENSMUSG00000056162,Cndp1,ortholog_one2one
ENSG00000013293,SLC7A14,ENSMUSG00000069072,Slc7a14,ortholog_one2one
ENSG00000178473,UCN3,ENSMUSG00000044988,Ucn3,ortholog_one2one
ENSG00000178462,TUBAL3,ENSMUSG00000021216,Tubal3,ortholog_one2one
ENSG00000114026,OGG1,ENSMUSG00000030271,Ogg1,ortholog_one2one
ENSG00000134249,ADAM30,ENSMUSG00000043468,Adam30,ortholog_one2one
ENSG00000027644,INSRR,ENSMUSG00000005640,Insrr,ortholog_one2one
ENSG00000144229,THSD7B,ENSMUSG00000042581,Thsd7b,ortholog_one2one
ENSG00000147874,HAUS6,ENSMUSG00000038047,Haus6,ortholog_one2one
ENSG00000109452,INPP4B,ENSMUSG00000037940,Inpp4b,ortholog_one2one
ENSG00000175806,MSRA,ENSMUSG00000054733,Msra,ortholog_one2one
ENSG00000005022,SLC25A5,ENSMUSG00000016319,Slc25a5,ortholog_one2one
ENSG00000144451,SPAG16,ENSMUSG00000053153,Spag16,ortholog_one2one
ENSG00000091482,SMPX,ENSMUSG00000041476,Smpx,ortholog_one2one
ENSG00000071991,CDH19,ENSMUSG00000047216,Cdh19,ortholog_one2one
ENSG00000198924,DCLRE1A,ENSMUSG00000025077,Dclre1a,ortholog_one2one
ENSG00000068354,TBC1D25,ENSMUSG00000039201,Tbc1d25,ortholog_one2one
ENSG00000132669,RIN2,ENSMUSG00000001768,Rin2,ortholog_one2one
ENSG00000143125,PROK1,ENSMUSG00000070368,Prok1,ortholog_one2one
ENSG00000172346,CSDC2,ENSMUSG00000042109,Csdc2,ortholog_one2one
ENSG00000171303,KCNK3,ENSMUSG00000049265,Kcnk3,ortholog_one2one
ENSG00000120896,SORBS3,ENSMUSG00000022091,Sorbs3,ortholog_one2one
ENSG00000063601,MTMR1,ENSMUSG00000015214,Mtmr1,ortholog_one2one
ENSG00000100867,DHRS2,ENSMUSG00000022209,Dhrs2,ortholog_one2one
ENSG00000170677,SOCS6,ENSMUSG00000056153,Socs6,ortholog_one2one
ENSG00000179915,NRXN1,ENSMUSG00000024109,Nrxn1,ortholog_one2one
ENSG00000133488,SEC14L4,ENSMUSG00000019368,Sec14l4,ortholog_one2one
ENSG00000144711,IQSEC1,ENSMUSG00000034312,Iqsec1,ortholog_one2one
ENSG00000116396,KCNC4,ENSMUSG00000027895,Kcnc4,ortholog_one2one
ENSG00000116032,GRIN3B,ENSMUSG00000035745,Grin3b,ortholog_one2one
ENSG00000141380,SS18,ENSMUSG00000037013,Ss18,ortholog_one2one
ENSG00000213221,DNLZ,ENSMUSG00000075467,Dnlz,ortholog_one2one
ENSG00000174125,TLR1,ENSMUSG00000044827,Tlr1,ortholog_one2one
ENSG00000064687,ABCA7,ENSMUSG00000035722,Abca7,ortholog_one2one
ENSG00000171700,RGS19,ENSMUSG00000002458,Rgs19,ortholog_one2one
ENSG00000164946,FREM1,ENSMUSG00000059049,Frem1,ortholog_one2one
ENSG00000178828,RNF186,ENSMUSG00000070661,Rnf186,ortholog_one2one
ENSG00000089723,OTUB2,ENSMUSG00000021203,Otub2,ortholog_one2one
ENSG00000188784,PLA2G2E,ENSMUSG00000028751,Pla2g2e,ortholog_one2one
ENSG00000159788,RGS12,ENSMUSG00000029101,Rgs12,ortholog_one2one
ENSG00000162456,KNCN,ENSMUSG00000073774,Kncn,ortholog_one2one
ENSG00000100994,PYGB,ENSMUSG00000033059,Pygb,ortholog_one2one
ENSG00000148204,CRB2,ENSMUSG00000035403,Crb2,ortholog_one2one
ENSG00000189283,FHIT,ENSMUSG00000060579,Fhit,ortholog_one2one
ENSG00000166069,TMCO5A,ENSMUSG00000027355,Tmco5,ortholog_one2one
ENSG00000196236,XPNPEP3,ENSMUSG00000022401,Xpnpep3,ortholog_one2one
ENSG00000126878,AIF1L,ENSMUSG00000001864,Aif1l,ortholog_one2one
ENSG00000162892,IL24,ENSMUSG00000026420,Il24,ortholog_one2one
ENSG00000129007,CALML4,ENSMUSG00000032246,Calml4,ortholog_one2one
ENSG00000196459,TRAPPC2,ENSMUSG00000079317,Trappc2,ortholog_one2one
ENSG00000173705,SUSD5,ENSMUSG00000086596,Susd5,ortholog_one2one
ENSG00000148584,A1CF,ENSMUSG00000052595,A1cf,ortholog_one2one
ENSG00000119125,GDA,ENSMUSG00000058624,Gda,ortholog_one2one
ENSG00000099840,IZUMO4,ENSMUSG00000055862,Izumo4,ortholog_one2one
ENSG00000145050,MANF,ENSMUSG00000032575,Manf,ortholog_one2one
ENSG00000170873,MTSS1,ENSMUSG00000022353,Mtss1,ortholog_one2one
ENSG00000259956,RBM15B,ENSMUSG00000074102,Rbm15b,ortholog_one2one
ENSG00000168843,FSTL5,ENSMUSG00000034098,Fstl5,ortholog_one2one
ENSG00000162897,FCAMR,ENSMUSG00000026415,Fcamr,ortholog_one2one
ENSG00000240891,PLCXD2,ENSMUSG00000087141,Plcxd2,ortholog_one2one
ENSG00000104154,SLC30A4,ENSMUSG00000005802,Slc30a4,ortholog_one2one
ENSG00000004961,HCCS,ENSMUSG00000031352,Hccs,ortholog_one2one
ENSG00000157005,SST,ENSMUSG00000004366,Sst,ortholog_one2one
ENSG00000198890,PRMT6,ENSMUSG00000049300,Prmt6,ortholog_one2one
ENSG00000169442,CD52,ENSMUSG00000000682,Cd52,ortholog_one2one
ENSG00000113916,BCL6,ENSMUSG00000022508,Bcl6,ortholog_one2one
ENSG00000126785,RHOJ,ENSMUSG00000046768,Rhoj,ortholog_one2one
ENSG00000196547,MAN2A2,ENSMUSG00000038886,Man2a2,ortholog_one2one
ENSG00000185155,MIXL1,ENSMUSG00000026497,Mixl1,ortholog_one2one
ENSG00000125484,GTF3C4,ENSMUSG00000035666,Gtf3c4,ortholog_one2one
ENSG00000164099,PRSS12,ENSMUSG00000027978,Prss12,ortholog_one2one
ENSG00000086712,TXLNG,ENSMUSG00000038344,Txlng,ortholog_one2one
ENSG00000143452,HORMAD1,ENSMUSG00000028109,Hormad1,ortholog_one2one
ENSG00000148143,ZNF462,ENSMUSG00000060206,Zfp462,ortholog_one2one
ENSG00000121410,A1BG,ENSMUSG00000022347,A1bg,ortholog_one2one
ENSG00000131979,GCH1,ENSMUSG00000037580,Gch1,ortholog_one2one
ENSG00000235034,C19orf81,ENSMUSG00000008028,1700008O03Rik,ortholog_one2one
ENSG00000106948,AKNA,ENSMUSG00000039158,Akna,ortholog_one2one
ENSG00000161681,SHANK1,ENSMUSG00000038738,Shank1,ortholog_one2one
ENSG00000138068,SULT6B1,ENSMUSG00000038045,Sult6b1,ortholog_one2one
ENSG00000143384,MCL1,ENSMUSG00000038612,Mcl1,ortholog_one2one
ENSG00000182512,GLRX5,ENSMUSG00000021102,Glrx5,ortholog_one2one
ENSG00000119714,GPR68,ENSMUSG00000047415,Gpr68,ortholog_one2one
ENSG00000169752,NRG4,ENSMUSG00000032311,Nrg4,ortholog_one2one
ENSG00000177034,MTX3,ENSMUSG00000021704,Mtx3,ortholog_one2one
ENSG00000140030,GPR65,ENSMUSG00000021886,Gpr65,ortholog_one2one
ENSG00000163794,UCN,ENSMUSG00000038676,Ucn,ortholog_one2one
ENSG00000169432,SCN9A,ENSMUSG00000075316,Scn9a,ortholog_one2one
ENSG00000164299,SPZ1,ENSMUSG00000046957,Spz1,ortholog_one2one
ENSG00000164007,CLDN19,ENSMUSG00000066058,Cldn19,ortholog_one2one
ENSG00000101752,MIB1,ENSMUSG00000024294,Mib1,ortholog_one2one
ENSG00000087495,PHACTR3,ENSMUSG00000027525,Phactr3,ortholog_one2one
ENSG00000116539,ASH1L,ENSMUSG00000028053,Ash1l,ortholog_one2one
ENSG00000095370,SH2D3C,ENSMUSG00000059013,Sh2d3c,ortholog_one2one
ENSG00000239388,ASB14,ENSMUSG00000021898,Asb14,ortholog_one2one
ENSG00000004468,CD38,ENSMUSG00000029084,Cd38,ortholog_one2one
ENSG00000169891,REPS2,ENSMUSG00000040855,Reps2,ortholog_one2one
ENSG00000175785,PRIMA1,ENSMUSG00000041669,Prima1,ortholog_one2one
ENSG00000169282,KCNAB1,ENSMUSG00000027827,Kcnab1,ortholog_one2one
ENSG00000129038,LOXL1,ENSMUSG00000032334,Loxl1,ortholog_one2one
ENSG00000089902,RCOR1,ENSMUSG00000037896,Rcor1,ortholog_one2one
ENSG00000036565,SLC18A1,ENSMUSG00000036330,Slc18a1,ortholog_one2one
ENSG00000154655,L3MBTL4,ENSMUSG00000041565,L3mbtl4,ortholog_one2one
ENSG00000186417,GLDN,ENSMUSG00000046167,Gldn,ortholog_one2one
ENSG00000173597,SULT1B1,ENSMUSG00000029269,Sult1b1,ortholog_one2one
ENSG00000139890,REM2,ENSMUSG00000022176,Rem2,ortholog_one2one
ENSG00000139921,TMX1,ENSMUSG00000021072,Tmx1,ortholog_one2one
ENSG00000159871,LYPD5,ENSMUSG00000030484,Lypd5,ortholog_one2one
ENSG00000100941,PNN,ENSMUSG00000020994,Pnn,ortholog_one2one
ENSG00000157890,MEGF11,ENSMUSG00000036466,Megf11,ortholog_one2one
ENSG00000050730,TNIP3,ENSMUSG00000044162,Tnip3,ortholog_one2one
ENSG00000100982,PCIF1,ENSMUSG00000039849,Pcif1,ortholog_one2one
ENSG00000092203,TOX4,ENSMUSG00000016831,Tox4,ortholog_one2one
ENSG00000154330,PGM5,ENSMUSG00000041731,Pgm5,ortholog_one2one
ENSG00000170006,TMEM154,ENSMUSG00000056498,Tmem154,ortholog_one2one
ENSG00000162526,TSSK3,ENSMUSG00000000411,Tssk3,ortholog_one2one
ENSG00000151623,NR3C2,ENSMUSG00000031618,Nr3c2,ortholog_one2one
ENSG00000177917,ARL6IP6,ENSMUSG00000026960,Arl6ip6,ortholog_one2one
ENSG00000206560,ANKRD28,ENSMUSG00000014496,Ankrd28,ortholog_one2one
ENSG00000054179,ENTPD2,ENSMUSG00000015085,Entpd2,ortholog_one2one
ENSG00000156222,SLC28A1,ENSMUSG00000025726,Slc28a1,ortholog_one2one
ENSG00000162817,C1orf115,ENSMUSG00000039349,C130074G19Rik,ortholog_one2one
ENSG00000228486,C2orf92,ENSMUSG00000102416,4933424G06Rik,ortholog_one2one
ENSG00000171487,NLRP5,ENSMUSG00000015721,Nlrp5,ortholog_one2one
ENSG00000096872,IFT74,ENSMUSG00000028576,Ift74,ortholog_one2one
ENSG00000141622,ARK2C,ENSMUSG00000025427,Ark2c,ortholog_one2one
ENSG00000102362,SYTL4,ENSMUSG00000031255,Sytl4,ortholog_one2one
ENSG00000186517,ARHGAP30,ENSMUSG00000048865,Arhgap30,ortholog_one2one
ENSG00000104231,ZFAND1,ENSMUSG00000039795,Zfand1,ortholog_one2one
ENSG00000187867,PALM3,ENSMUSG00000047986,Palm3,ortholog_one2one
ENSG00000151458,ANKRD50,ENSMUSG00000044864,Ankrd50,ortholog_one2one
ENSG00000129518,EAPP,ENSMUSG00000054302,Eapp,ortholog_one2one
ENSG00000198026,ZNF335,ENSMUSG00000039834,Zfp335,ortholog_one2one
ENSG00000178127,NDUFV2,ENSMUSG00000024099,Ndufv2,ortholog_one2one
ENSG00000137473,TTC29,ENSMUSG00000037101,Ttc29,ortholog_one2one
ENSG00000165516,KLHDC2,ENSMUSG00000020978,Klhdc2,ortholog_one2one
ENSG00000161281,COX7A1,ENSMUSG00000074218,Cox7a1,ortholog_one2one
ENSG00000092345,DAZL,ENSMUSG00000010592,Dazl,ortholog_one2one
ENSG00000187980,PLA2G2C,ENSMUSG00000028750,Pla2g2c,ortholog_one2one
ENSG00000136859,ANGPTL2,ENSMUSG00000004105,Angptl2,ortholog_one2one
ENSG00000049769,PPP1R3F,ENSMUSG00000039556,Ppp1r3f,ortholog_one2one
ENSG00000107159,CA9,ENSMUSG00000028463,Car9,ortholog_one2one
ENSG00000138767,CNOT6L,ENSMUSG00000034724,Cnot6l,ortholog_one2one
ENSG00000101417,PXMP4,ENSMUSG00000000876,Pxmp4,ortholog_one2one
ENSG00000069399,BCL3,ENSMUSG00000053175,Bcl3,ortholog_one2one
ENSG00000198160,MIER1,ENSMUSG00000028522,Mier1,ortholog_one2one
ENSG00000154165,GPR15,ENSMUSG00000047293,Gpr15,ortholog_one2one
ENSG00000124193,SRSF6,ENSMUSG00000016921,Srsf6,ortholog_one2one
ENSG00000136872,ALDOB,ENSMUSG00000028307,Aldob,ortholog_one2one
ENSG00000125089,SH3TC1,ENSMUSG00000036553,Sh3tc1,ortholog_one2one
ENSG00000167088,SNRPD1,ENSMUSG00000002477,Snrpd1,ortholog_one2one
ENSG00000214021,TTLL3,ENSMUSG00000030276,Ttll3,ortholog_one2one
ENSG00000101361,NOP56,ENSMUSG00000027405,Nop56,ortholog_one2one
ENSG00000198932,GPRASP1,ENSMUSG00000043384,Gprasp1,ortholog_one2one
ENSG00000186812,ZNF397,ENSMUSG00000024276,Zfp397,ortholog_one2one
ENSG00000137563,GGH,ENSMUSG00000073987,Ggh,ortholog_one2one
ENSG00000102547,CAB39L,ENSMUSG00000021981,Cab39l,ortholog_one2one
ENSG00000206432,TMEM200C,ENSMUSG00000095407,Tmem200c,ortholog_one2one
ENSG00000187790,FANCM,ENSMUSG00000055884,Fancm,ortholog_one2one
ENSG00000102010,BMX,ENSMUSG00000031377,Bmx,ortholog_one2one
ENSG00000154889,MPPE1,ENSMUSG00000062526,Mppe1,ortholog_one2one
ENSG00000168453,HR,ENSMUSG00000022096,Hr,ortholog_one2one
ENSG00000151790,TDO2,ENSMUSG00000028011,Tdo2,ortholog_one2one
ENSG00000148300,REXO4,ENSMUSG00000052406,Rexo4,ortholog_one2one
ENSG00000180745,CLRN3,ENSMUSG00000050866,Clrn3,ortholog_one2one
ENSG00000183671,CMKLR2,ENSMUSG00000046856,Cmklr2,ortholog_one2one
ENSG00000183423,LRIT3,ENSMUSG00000093865,Lrit3,ortholog_one2one
ENSG00000108176,DNAJC12,ENSMUSG00000036764,Dnajc12,ortholog_one2one
ENSG00000126945,HNRNPH2,ENSMUSG00000045427,Hnrnph2,ortholog_one2one
ENSG00000197405,C5AR1,ENSMUSG00000049130,C5ar1,ortholog_one2one
ENSG00000163464,CXCR1,ENSMUSG00000048480,Cxcr1,ortholog_one2one
ENSG00000136169,SETDB2,ENSMUSG00000071350,Setdb2,ortholog_one2one
ENSG00000101391,CDK5RAP1,ENSMUSG00000027487,Cdk5rap1,ortholog_one2one
ENSG00000136881,BAAT,ENSMUSG00000039653,Baat,ortholog_one2one
ENSG00000120519,SLC10A7,ENSMUSG00000031684,Slc10a7,ortholog_one2one
ENSG00000214050,FBXO16,ENSMUSG00000034532,Fbxo16,ortholog_one2one
ENSG00000105323,HNRNPUL1,ENSMUSG00000040725,Hnrnpul1,ortholog_one2one
ENSG00000102081,FMR1,ENSMUSG00000000838,Fmr1,ortholog_one2one
ENSG00000183722,LHFPL6,ENSMUSG00000048332,Lhfpl6,ortholog_one2one
ENSG00000140287,HDC,ENSMUSG00000027360,Hdc,ortholog_one2one
ENSG00000214216,IQCJ,ENSMUSG00000051777,Iqcj,ortholog_one2one
ENSG00000169507,SLC38A11,ENSMUSG00000061171,Slc38a11,ortholog_one2one
ENSG00000122033,MTIF3,ENSMUSG00000016510,Mtif3,ortholog_one2one
ENSG00000128815,WDFY4,ENSMUSG00000051506,Wdfy4,ortholog_one2one
ENSG00000059769,DNAJC25,ENSMUSG00000070972,Dnajc25,ortholog_one2one
ENSG00000151967,SCHIP1,ENSMUSG00000027777,Schip1,ortholog_one2one
ENSG00000169499,PLEKHA2,ENSMUSG00000031557,Plekha2,ortholog_one2one
ENSG00000064218,DMRT3,ENSMUSG00000042372,Dmrt3,ortholog_one2one
ENSG00000212864,RNF208,ENSMUSG00000044628,Rnf208,ortholog_one2one
ENSG00000136936,XPA,ENSMUSG00000028329,Xpa,ortholog_one2one
ENSG00000119737,GPR75,ENSMUSG00000043999,Gpr75,ortholog_one2one
ENSG00000079150,FKBP7,ENSMUSG00000002732,Fkbp7,ortholog_one2one
ENSG00000136883,KIF12,ENSMUSG00000028357,Kif12,ortholog_one2one
ENSG00000140577,CRTC3,ENSMUSG00000030527,Crtc3,ortholog_one2one
ENSG00000157110,RBPMS,ENSMUSG00000031586,Rbpms,ortholog_one2one
ENSG00000133216,EPHB2,ENSMUSG00000028664,Ephb2,ortholog_one2one
ENSG00000138315,OIT3,ENSMUSG00000009654,Oit3,ortholog_one2one
ENSG00000137142,IGFBPL1,ENSMUSG00000035551,Igfbpl1,ortholog_one2one
ENSG00000205795,CYS1,ENSMUSG00000062563,Cys1,ortholog_one2one
ENSG00000106993,CDC37L1,ENSMUSG00000024780,Cdc37l1,ortholog_one2one
ENSG00000214842,RAD51AP2,ENSMUSG00000086022,Rad51ap2,ortholog_one2one
ENSG00000169062,UPF3A,ENSMUSG00000038398,Upf3a,ortholog_one2one
ENSG00000148516,ZEB1,ENSMUSG00000024238,Zeb1,ortholog_one2one
ENSG00000174840,PDE12,ENSMUSG00000043702,Pde12,ortholog_one2one
ENSG00000164168,TMEM184C,ENSMUSG00000031617,Tmem184c,ortholog_one2one
ENSG00000119523,ALG2,ENSMUSG00000039740,Alg2,ortholog_one2one
ENSG00000130222,GADD45G,ENSMUSG00000021453,Gadd45g,ortholog_one2one
ENSG00000176256,HMGB4,ENSMUSG00000048686,Hmgb4,ortholog_one2one
ENSG00000138758,SEPTIN11,ENSMUSG00000058013,Septin11,ortholog_one2one
ENSG00000031823,RANBP3,ENSMUSG00000002372,Ranbp3,ortholog_one2one
ENSG00000106819,ASPN,ENSMUSG00000021388,Aspn,ortholog_one2one
ENSG00000116525,TRIM62,ENSMUSG00000041000,Trim62,ortholog_one2one
ENSG00000166128,RAB8B,ENSMUSG00000036943,Rab8b,ortholog_one2one
ENSG00000197168,NEK5,ENSMUSG00000037738,Nek5,ortholog_one2one
ENSG00000128655,PDE11A,ENSMUSG00000075270,Pde11a,ortholog_one2one
ENSG00000169413,RNASE6,ENSMUSG00000021880,Rnase6,ortholog_one2one
ENSG00000160323,ADAMTS13,ENSMUSG00000014852,Adamts13,ortholog_one2one
ENSG00000107643,MAPK8,ENSMUSG00000021936,Mapk8,ortholog_one2one
ENSG00000100522,GNPNAT1,ENSMUSG00000037722,Gnpnat1,ortholog_one2one
ENSG00000122035,RASL11A,ENSMUSG00000029641,Rasl11a,ortholog_one2one
ENSG00000168522,FNTA,ENSMUSG00000015994,Fnta,ortholog_one2one
ENSG00000121742,GJB6,ENSMUSG00000040055,Gjb6,ortholog_one2one
ENSG00000104140,RHOV,ENSMUSG00000034226,Rhov,ortholog_one2one
ENSG00000073756,PTGS2,ENSMUSG00000032487,Ptgs2,ortholog_one2one
ENSG00000256061,DNAAF4,ENSMUSG00000092192,Dnaaf4,ortholog_one2one
ENSG00000125257,ABCC4,ENSMUSG00000032849,Abcc4,ortholog_one2one
ENSG00000179008,C14orf39,ENSMUSG00000021098,4930447C04Rik,ortholog_one2one
ENSG00000186073,CDIN1,ENSMUSG00000040282,Cdin1,ortholog_one2one
ENSG00000181449,SOX2,ENSMUSG00000074637,Sox2,ortholog_one2one
ENSG00000197953,AADACL2,ENSMUSG00000091376,Aadacl2,ortholog_one2one
ENSG00000116035,VAX2,ENSMUSG00000034777,Vax2,ortholog_one2one
ENSG00000169860,P2RY1,ENSMUSG00000027765,P2ry1,ortholog_one2one
ENSG00000163145,C1QTNF7,ENSMUSG00000061535,C1qtnf7,ortholog_one2one
ENSG00000185267,CDNF,ENSMUSG00000039496,Cdnf,ortholog_one2one
ENSG00000165828,PRAP1,ENSMUSG00000025467,Prap1,ortholog_one2one
ENSG00000118707,TGIF2,ENSMUSG00000062175,Tgif2,ortholog_one2one
ENSG00000197102,DYNC1H1,ENSMUSG00000018707,Dync1h1,ortholog_one2one
ENSG00000171772,SYCE1,ENSMUSG00000025480,Syce1,ortholog_one2one
ENSG00000170385,SLC30A1,ENSMUSG00000037434,Slc30a1,ortholog_one2one
ENSG00000173253,DMRT2,ENSMUSG00000048138,Dmrt2,ortholog_one2one
ENSG00000057468,MSH4,ENSMUSG00000005493,Msh4,ortholog_one2one
ENSG00000182606,TRAK1,ENSMUSG00000032536,Trak1,ortholog_one2one
ENSG00000140464,PML,ENSMUSG00000036986,Pml,ortholog_one2one
ENSG00000124120,TTPAL,ENSMUSG00000017679,Ttpal,ortholog_one2one
ENSG00000118245,TNP1,ENSMUSG00000026182,Tnp1,ortholog_one2one
ENSG00000167157,PRRX2,ENSMUSG00000039476,Prrx2,ortholog_one2one
ENSG00000186638,KIF24,ENSMUSG00000028438,Kif24,ortholog_one2one
ENSG00000117020,AKT3,ENSMUSG00000019699,Akt3,ortholog_one2one
ENSG00000247626,MARS2,ENSMUSG00000046994,Mars2,ortholog_one2one
ENSG00000121966,CXCR4,ENSMUSG00000045382,Cxcr4,ortholog_one2one
ENSG00000150201,FXYD4,ENSMUSG00000004988,Fxyd4,ortholog_one2one
ENSG00000083307,GRHL2,ENSMUSG00000022286,Grhl2,ortholog_one2one
ENSG00000165072,MAMDC2,ENSMUSG00000033207,Mamdc2,ortholog_one2one
ENSG00000178904,DPY19L3,ENSMUSG00000043671,Dpy19l3,ortholog_one2one
ENSG00000147647,DPYS,ENSMUSG00000022304,Dpys,ortholog_one2one
ENSG00000155886,SLC24A2,ENSMUSG00000037996,Slc24a2,ortholog_one2one
ENSG00000187908,DMBT1,ENSMUSG00000047517,Dmbt1,ortholog_one2one
ENSG00000163599,CTLA4,ENSMUSG00000026011,Ctla4,ortholog_one2one
ENSG00000185565,LSAMP,ENSMUSG00000061080,Lsamp,ortholog_one2one
ENSG00000131269,ABCB7,ENSMUSG00000031333,Abcb7,ortholog_one2one
ENSG00000136688,IL36G,ENSMUSG00000044103,Il36g,ortholog_one2one
ENSG00000105518,TMEM205,ENSMUSG00000040883,Tmem205,ortholog_one2one
ENSG00000155158,TTC39B,ENSMUSG00000038172,Ttc39b,ortholog_one2one
ENSG00000136694,IL36A,ENSMUSG00000026984,Il36a,ortholog_one2one
ENSG00000134086,VHL,ENSMUSG00000033933,Vhl,ortholog_one2one
ENSG00000136697,IL1F10,ENSMUSG00000046845,Il1f10,ortholog_one2one
ENSG00000136689,IL1RN,ENSMUSG00000026981,Il1rn,ortholog_one2one
ENSG00000198912,C1orf174,ENSMUSG00000047613,A430005L14Rik,ortholog_one2one
ENSG00000134775,FHOD3,ENSMUSG00000034295,Fhod3,ortholog_one2one
ENSG00000181467,RAP2B,ENSMUSG00000036894,Rap2b,ortholog_one2one
ENSG00000188243,COMMD6,ENSMUSG00000075486,Commd6,ortholog_one2one
ENSG00000189306,RRP7A,ENSMUSG00000018040,Rrp7a,ortholog_one2one
ENSG00000183813,CCR4,ENSMUSG00000047898,Ccr4,ortholog_one2one
ENSG00000179855,GIPC3,ENSMUSG00000034872,Gipc3,ortholog_one2one
ENSG00000156876,SASS6,ENSMUSG00000027959,Sass6,ortholog_one2one
ENSG00000136695,IL36RN,ENSMUSG00000026983,Il36rn,ortholog_one2one
ENSG00000170266,GLB1,ENSMUSG00000045594,Glb1,ortholog_one2one
ENSG00000164983,TMEM65,ENSMUSG00000062373,Tmem65,ortholog_one2one
ENSG00000137076,TLN1,ENSMUSG00000028465,Tln1,ortholog_one2one
ENSG00000172379,ARNT2,ENSMUSG00000015709,Arnt2,ortholog_one2one
ENSG00000114993,RTKN,ENSMUSG00000034930,Rtkn,ortholog_one2one
ENSG00000147588,PMP2,ENSMUSG00000052468,Pmp2,ortholog_one2one
ENSG00000137948,BRDT,ENSMUSG00000029279,Brdt,ortholog_one2one
ENSG00000181007,ZFP82,ENSMUSG00000098022,Zfp82,ortholog_one2one
ENSG00000174429,ABRA,ENSMUSG00000042895,Abra,ortholog_one2one
ENSG00000147689,FAM83A,ENSMUSG00000051225,Fam83a,ortholog_one2one
ENSG00000131116,ZNF428,ENSMUSG00000064264,Zfp428,ortholog_one2one
ENSG00000124164,VAPB,ENSMUSG00000054455,Vapb,ortholog_one2one
ENSG00000100439,ABHD4,ENSMUSG00000040997,Abhd4,ortholog_one2one
ENSG00000188167,TMPPE,ENSMUSG00000079260,Tmppe,ortholog_one2one
ENSG00000163958,ZDHHC19,ENSMUSG00000052363,Zdhhc19,ortholog_one2one
ENSG00000155090,KLF10,ENSMUSG00000037465,Klf10,ortholog_one2one
ENSG00000115267,IFIH1,ENSMUSG00000026896,Ifih1,ortholog_one2one
ENSG00000188505,NCCRP1,ENSMUSG00000047586,Nccrp1,ortholog_one2one
ENSG00000149654,CDH22,ENSMUSG00000053166,Cdh22,ortholog_one2one
ENSG00000169136,ATF5,ENSMUSG00000038539,Atf5,ortholog_one2one
ENSG00000188282,RUFY4,ENSMUSG00000061815,Rufy4,ortholog_one2one
ENSG00000145107,TM4SF19,ENSMUSG00000079625,Tm4sf19,ortholog_one2one
ENSG00000197275,RAD54B,ENSMUSG00000078773,Rad54b,ortholog_one2one
ENSG00000100523,DDHD1,ENSMUSG00000037697,Ddhd1,ortholog_one2one
ENSG00000101335,MYL9,ENSMUSG00000067818,Myl9,ortholog_one2one
ENSG00000204335,SP5,ENSMUSG00000075304,Sp5,ortholog_one2one
ENSG00000169926,KLF13,ENSMUSG00000052040,Klf13,ortholog_one2one
ENSG00000131941,RHPN2,ENSMUSG00000030494,Rhpn2,ortholog_one2one
ENSG00000100151,PICK1,ENSMUSG00000068206,Pick1,ortholog_one2one
ENSG00000188647,PTAR1,ENSMUSG00000074925,Ptar1,ortholog_one2one
ENSG00000103569,AQP9,ENSMUSG00000032204,Aqp9,ortholog_one2one
ENSG00000147394,ZNF185,ENSMUSG00000031351,Zfp185,ortholog_one2one
ENSG00000109458,GAB1,ENSMUSG00000031714,Gab1,ortholog_one2one
ENSG00000155827,RNF20,ENSMUSG00000028309,Rnf20,ortholog_one2one
ENSG00000163219,ARHGAP25,ENSMUSG00000030047,Arhgap25,ortholog_one2one
ENSG00000130303,BST2,ENSMUSG00000046718,Bst2,ortholog_one2one
ENSG00000140505,CYP1A2,ENSMUSG00000032310,Cyp1a2,ortholog_one2one
ENSG00000025800,KPNA6,ENSMUSG00000003731,Kpna6,ortholog_one2one
ENSG00000140396,NCOA2,ENSMUSG00000005886,Ncoa2,ortholog_one2one
ENSG00000167754,KLK5,ENSMUSG00000074155,Klk5,ortholog_one2one
ENSG00000029559,IBSP,ENSMUSG00000029306,Ibsp,ortholog_one2one
ENSG00000173320,STOX2,ENSMUSG00000038143,Stox2,ortholog_one2one
ENSG00000101017,CD40,ENSMUSG00000017652,Cd40,ortholog_one2one
ENSG00000138379,MSTN,ENSMUSG00000026100,Mstn,ortholog_one2one
ENSG00000140522,RLBP1,ENSMUSG00000039194,Rlbp1,ortholog_one2one
ENSG00000178177,LCORL,ENSMUSG00000015882,Lcorl,ortholog_one2one
ENSG00000129566,TEP1,ENSMUSG00000006281,Tep1,ortholog_one2one
ENSG00000165238,WNK2,ENSMUSG00000037989,Wnk2,ortholog_one2one
ENSG00000125630,POLR1B,ENSMUSG00000027395,Polr1b,ortholog_one2one
ENSG00000117298,ECE1,ENSMUSG00000057530,Ece1,ortholog_one2one
ENSG00000140280,LYSMD2,ENSMUSG00000032184,Lysmd2,ortholog_one2one
ENSG00000164070,HSPA4L,ENSMUSG00000025757,Hspa4l,ortholog_one2one
ENSG00000165644,COMTD1,ENSMUSG00000021773,Comtd1,ortholog_one2one
ENSG00000253729,PRKDC,ENSMUSG00000022672,Prkdc,ortholog_one2one
ENSG00000166716,ZNF592,ENSMUSG00000005621,Zfp592,ortholog_one2one
ENSG00000101384,JAG1,ENSMUSG00000027276,Jag1,ortholog_one2one
ENSG00000138162,TACC2,ENSMUSG00000030852,Tacc2,ortholog_one2one
ENSG00000105374,NKG7,ENSMUSG00000004612,Nkg7,ortholog_one2one
ENSG00000128917,DLL4,ENSMUSG00000027314,Dll4,ortholog_one2one
ENSG00000167654,ATCAY,ENSMUSG00000034958,Atcay,ortholog_one2one
ENSG00000145147,SLIT2,ENSMUSG00000031558,Slit2,ortholog_one2one
ENSG00000101493,ZNF516,ENSMUSG00000058881,Zfp516,ortholog_one2one
ENSG00000081014,AP4E1,ENSMUSG00000001998,Ap4e1,ortholog_one2one
ENSG00000162620,LRRIQ3,ENSMUSG00000028182,Lrriq3,ortholog_one2one
ENSG00000015475,BID,ENSMUSG00000004446,Bid,ortholog_one2one
ENSG00000198003,ODAD3,ENSMUSG00000039632,Odad3,ortholog_one2one
ENSG00000187024,PTRH1,ENSMUSG00000053746,Ptrh1,ortholog_one2one
ENSG00000125611,CHCHD5,ENSMUSG00000037938,Chchd5,ortholog_one2one
ENSG00000134046,MBD2,ENSMUSG00000024513,Mbd2,ortholog_one2one
ENSG00000178342,KCNG2,ENSMUSG00000059852,Kcng2,ortholog_one2one
ENSG00000101333,PLCB4,ENSMUSG00000039943,Plcb4,ortholog_one2one
ENSG00000101596,SMCHD1,ENSMUSG00000024054,Smchd1,ortholog_one2one
ENSG00000163803,PLB1,ENSMUSG00000029134,Plb1,ortholog_one2one
ENSG00000243708,PLA2G4B,ENSMUSG00000098488,Pla2g4b,ortholog_one2one
ENSG00000137801,THBS1,ENSMUSG00000040152,Thbs1,ortholog_one2one
ENSG00000180008,SOCS4,ENSMUSG00000048379,Socs4,ortholog_one2one
ENSG00000104435,STMN2,ENSMUSG00000027500,Stmn2,ortholog_one2one
ENSG00000079134,THOC1,ENSMUSG00000024287,Thoc1,ortholog_one2one
ENSG00000080824,HSP90AA1,ENSMUSG00000021270,Hsp90aa1,ortholog_one2one
ENSG00000154358,OBSCN,ENSMUSG00000061462,Obscn,ortholog_one2one
ENSG00000140368,PSTPIP1,ENSMUSG00000032322,Pstpip1,ortholog_one2one
ENSG00000178860,MSC,ENSMUSG00000025930,Msc,ortholog_one2one
ENSG00000100422,CERK,ENSMUSG00000035891,Cerk,ortholog_one2one
ENSG00000155897,ADCY8,ENSMUSG00000022376,Adcy8,ortholog_one2one
ENSG00000147065,MSN,ENSMUSG00000031207,Msn,ortholog_one2one
ENSG00000164106,SCRG1,ENSMUSG00000031610,Scrg1,ortholog_one2one
ENSG00000151612,ZNF827,ENSMUSG00000071064,Zfp827,ortholog_one2one
ENSG00000163806,SPDYA,ENSMUSG00000052525,Spdya,ortholog_one2one
ENSG00000157303,SUSD3,ENSMUSG00000021384,Susd3,ortholog_one2one
ENSG00000169490,TM2D2,ENSMUSG00000031556,Tm2d2,ortholog_one2one
ENSG00000131089,ARHGEF9,ENSMUSG00000025656,Arhgef9,ortholog_one2one
ENSG00000264994,SNORD92,ENSMUSG00000093289,Snord92,ortholog_one2one
ENSG00000188493,ACTMAP,ENSMUSG00000078786,Actmap,ortholog_one2one
ENSG00000100376,FAM118A,ENSMUSG00000022434,Fam118a,ortholog_one2one
ENSG00000177182,CLVS1,ENSMUSG00000041216,Clvs1,ortholog_one2one
ENSG00000148408,CACNA1B,ENSMUSG00000004113,Cacna1b,ortholog_one2one
ENSG00000134030,CTIF,ENSMUSG00000052928,Ctif,ortholog_one2one
ENSG00000135905,DOCK10,ENSMUSG00000038608,Dock10,ortholog_one2one
ENSG00000147596,PRDM14,ENSMUSG00000042414,Prdm14,ortholog_one2one
ENSG00000103769,RAB11A,ENSMUSG00000004771,Rab11a,ortholog_one2one
ENSG00000123154,WDR83,ENSMUSG00000005150,Wdr83,ortholog_one2one
ENSG00000147601,TERF1,ENSMUSG00000025925,Terf1,ortholog_one2one
ENSG00000171766,GATM,ENSMUSG00000027199,Gatm,ortholog_one2one
ENSG00000088926,F11,ENSMUSG00000031645,F11,ortholog_one2one
ENSG00000172590,MRPL52,ENSMUSG00000010406,Mrpl52,ortholog_one2one
ENSG00000183963,SMTN,ENSMUSG00000020439,Smtn,ortholog_one2one
ENSG00000160161,CILP2,ENSMUSG00000044006,Cilp2,ortholog_one2one
ENSG00000205639,MFSD2B,ENSMUSG00000037336,Mfsd2b,ortholog_one2one
ENSG00000177943,MAMDC4,ENSMUSG00000026941,Mamdc4,ortholog_one2one
ENSG00000023608,SNAPC1,ENSMUSG00000021113,Snapc1,ortholog_one2one
ENSG00000161016,RPL8,ENSMUSG00000003970,Rpl8,ortholog_one2one
ENSG00000103740,ACSBG1,ENSMUSG00000032281,Acsbg1,ortholog_one2one
ENSG00000119782,FKBP1B,ENSMUSG00000020635,Fkbp1b,ortholog_one2one
ENSG00000177994,CIMIP6,ENSMUSG00000040919,Cimip6,ortholog_one2one
ENSG00000104881,PPP1R13L,ENSMUSG00000040734,Ppp1r13l,ortholog_one2one
ENSG00000080644,CHRNA3,ENSMUSG00000032303,Chrna3,ortholog_one2one
ENSG00000109265,CRACD,ENSMUSG00000036377,Cracd,ortholog_one2one
ENSG00000214595,EML6,ENSMUSG00000044072,Eml6,ortholog_one2one
ENSG00000165060,FXN,ENSMUSG00000059363,Fxn,ortholog_one2one
ENSG00000198753,PLXNB3,ENSMUSG00000031385,Plxnb3,ortholog_one2one
ENSG00000101670,LIPG,ENSMUSG00000053846,Lipg,ortholog_one2one
ENSG00000155629,PIK3AP1,ENSMUSG00000025017,Pik3ap1,ortholog_one2one
ENSG00000185442,FAM174B,ENSMUSG00000078670,Fam174b,ortholog_one2one
ENSG00000184260,H2AC20,ENSMUSG00000068855,H2ac20,ortholog_one2one
ENSG00000184270,H2AC21,ENSMUSG00000063689,H2ac21,ortholog_one2one
ENSG00000176101,SSNA1,ENSMUSG00000026966,Ssna1,ortholog_one2one
ENSG00000170128,GPR25,ENSMUSG00000052759,Gpr25,ortholog_one2one
ENSG00000170088,TMEM192,ENSMUSG00000025521,Tmem192,ortholog_one2one
ENSG00000156795,NTAQ1,ENSMUSG00000022359,Ntaq1,ortholog_one2one
ENSG00000196990,FAM163B,ENSMUSG00000009216,Fam163b,ortholog_one2one
ENSG00000116852,KIF21B,ENSMUSG00000041642,Kif21b,ortholog_one2one
ENSG00000144233,AMMECR1L,ENSMUSG00000041915,Ammecr1l,ortholog_one2one
ENSG00000168884,TNIP2,ENSMUSG00000059866,Tnip2,ortholog_one2one
ENSG00000078142,PIK3C3,ENSMUSG00000033628,Pik3c3,ortholog_one2one
ENSG00000186130,ZBTB6,ENSMUSG00000066798,Zbtb6,ortholog_one2one
ENSG00000138604,GLCE,ENSMUSG00000032252,Glce,ortholog_one2one
ENSG00000108242,CYP2C18,ENSMUSG00000025002,Cyp2c55,ortholog_one2one
ENSG00000145242,EPHA5,ENSMUSG00000029245,Epha5,ortholog_one2one
ENSG00000183741,CBX6,ENSMUSG00000089715,Cbx6,ortholog_one2one
ENSG00000213996,TM6SF2,ENSMUSG00000036151,Tm6sf2,ortholog_one2one
ENSG00000177108,ZDHHC22,ENSMUSG00000048483,Zdhhc22,ortholog_one2one
ENSG00000157734,SNX22,ENSMUSG00000039452,Snx22,ortholog_one2one
ENSG00000165997,ARL5B,ENSMUSG00000017418,Arl5b,ortholog_one2one
ENSG00000134330,IAH1,ENSMUSG00000062054,Iah1,ortholog_one2one
ENSG00000027001,MIPEP,ENSMUSG00000021993,Mipep,ortholog_one2one
ENSG00000008735,MAPK8IP2,ENSMUSG00000022619,Mapk8ip2,ortholog_one2one
ENSG00000100697,DICER1,ENSMUSG00000041415,Dicer1,ortholog_one2one
ENSG00000165650,PDZD8,ENSMUSG00000074746,Pdzd8,ortholog_one2one
ENSG00000071894,CPSF1,ENSMUSG00000034022,Cpsf1,ortholog_one2one
ENSG00000165115,KIF27,ENSMUSG00000060176,Kif27,ortholog_one2one
ENSG00000167173,C15orf39,ENSMUSG00000032300,1700017B05Rik,ortholog_one2one
ENSG00000188993,LRRC66,ENSMUSG00000067206,Lrrc66,ortholog_one2one
ENSG00000151468,CCDC3,ENSMUSG00000026676,Ccdc3,ortholog_one2one
ENSG00000035720,STAP1,ENSMUSG00000029254,Stap1,ortholog_one2one
ENSG00000083807,SLC27A5,ENSMUSG00000030382,Slc27a5,ortholog_one2one
ENSG00000167216,KATNAL2,ENSMUSG00000025420,Katnal2,ortholog_one2one
ENSG00000166035,LIPC,ENSMUSG00000032207,Lipc,ortholog_one2one
ENSG00000151150,ANK3,ENSMUSG00000069601,Ank3,ortholog_one2one
ENSG00000196782,MAML3,ENSMUSG00000061143,Maml3,ortholog_one2one
ENSG00000179222,MAGED1,ENSMUSG00000025151,Maged1,ortholog_one2one
ENSG00000168916,ZNF608,ENSMUSG00000052713,Zfp608,ortholog_one2one
ENSG00000163395,IGFN1,ENSMUSG00000051985,Igfn1,ortholog_one2one
ENSG00000109158,GABRA4,ENSMUSG00000029211,Gabra4,ortholog_one2one
ENSG00000130203,APOE,ENSMUSG00000002985,Apoe,ortholog_one2one
ENSG00000168505,GBX2,ENSMUSG00000034486,Gbx2,ortholog_one2one
ENSG00000137054,POLR1E,ENSMUSG00000028318,Polr1e,ortholog_one2one
ENSG00000157985,AGAP1,ENSMUSG00000055013,Agap1,ortholog_one2one
ENSG00000166479,TMX3,ENSMUSG00000024614,Tmx3,ortholog_one2one
ENSG00000074266,EED,ENSMUSG00000030619,Eed,ortholog_one2one
ENSG00000109189,USP46,ENSMUSG00000054814,Usp46,ortholog_one2one
ENSG00000185340,GAS2L1,ENSMUSG00000034201,Gas2l1,ortholog_one2one
ENSG00000139746,RBM26,ENSMUSG00000022119,Rbm26,ortholog_one2one
ENSG00000174529,TMEM81,ENSMUSG00000048174,Tmem81,ortholog_one2one
ENSG00000148308,GTF3C5,ENSMUSG00000026816,Gtf3c5,ortholog_one2one
ENSG00000254858,MPV17L2,ENSMUSG00000035559,Mpv17l2,ortholog_one2one
ENSG00000163293,NIPAL1,ENSMUSG00000067219,Nipal1,ortholog_one2one
ENSG00000141433,ADCYAP1,ENSMUSG00000024256,Adcyap1,ortholog_one2one
ENSG00000063322,MED29,ENSMUSG00000003444,Med29,ortholog_one2one
ENSG00000109193,SULT1E1,ENSMUSG00000029272,Sult1e1,ortholog_one2one
ENSG00000141642,ELAC1,ENSMUSG00000036941,Elac1,ortholog_one2one
ENSG00000171951,SCG2,ENSMUSG00000050711,Scg2,ortholog_one2one
ENSG00000169271,HSPB3,ENSMUSG00000051456,Hspb3,ortholog_one2one
ENSG00000164283,ESM1,ENSMUSG00000042379,Esm1,ortholog_one2one
ENSG00000153563,CD8A,ENSMUSG00000053977,Cd8a,ortholog_one2one
ENSG00000129493,HEATR5A,ENSMUSG00000035181,Heatr5a,ortholog_one2one
ENSG00000185721,DRG1,ENSMUSG00000020457,Drg1,ortholog_one2one
ENSG00000113088,GZMK,ENSMUSG00000042385,Gzmk,ortholog_one2one
ENSG00000101745,ANKRD12,ENSMUSG00000034647,Ankrd12,ortholog_one2one
ENSG00000137504,CREBZF,ENSMUSG00000051451,Crebzf,ortholog_one2one
ENSG00000145649,GZMA,ENSMUSG00000023132,Gzma,ortholog_one2one
ENSG00000177380,PPFIA3,ENSMUSG00000003863,Ppfia3,ortholog_one2one
ENSG00000184937,WT1,ENSMUSG00000016458,Wt1,ortholog_one2one
ENSG00000137809,ITGA11,ENSMUSG00000032243,Itga11,ortholog_one2one
ENSG00000171564,FGB,ENSMUSG00000033831,Fgb,ortholog_one2one
ENSG00000085415,SEH1L,ENSMUSG00000079614,Seh1l,ortholog_one2one
ENSG00000100319,ZMAT5,ENSMUSG00000009076,Zmat5,ortholog_one2one
ENSG00000173699,SPATA3,ENSMUSG00000026226,Spata3,ortholog_one2one
ENSG00000135069,PSAT1,ENSMUSG00000024640,Psat1,ortholog_one2one
ENSG00000081059,TCF7,ENSMUSG00000000782,Tcf7,ortholog_one2one
ENSG00000100836,PABPN1,ENSMUSG00000022194,Pabpn1,ortholog_one2one
ENSG00000115760,BIRC6,ENSMUSG00000024073,Birc6,ortholog_one2one
ENSG00000145476,CYP4V2,ENSMUSG00000079057,Cyp4v3,ortholog_one2one
ENSG00000100280,AP1B1,ENSMUSG00000009090,Ap1b1,ortholog_one2one
ENSG00000099810,MTAP,ENSMUSG00000062937,Mtap,ortholog_one2one
ENSG00000127666,TICAM1,ENSMUSG00000047123,Ticam1,ortholog_one2one
ENSG00000161270,NPHS1,ENSMUSG00000006649,Nphs1,ortholog_one2one
ENSG00000179331,RAB39A,ENSMUSG00000055069,Rab39,ortholog_one2one
ENSG00000214575,CPEB1,ENSMUSG00000025586,Cpeb1,ortholog_one2one
ENSG00000168209,DDIT4,ENSMUSG00000020108,Ddit4,ortholog_one2one
ENSG00000100804,PSMB5,ENSMUSG00000022193,Psmb5,ortholog_one2one
ENSG00000151224,MAT1A,ENSMUSG00000037798,Mat1a,ortholog_one2one
ENSG00000139597,N4BP2L1,ENSMUSG00000041132,N4bp2l1,ortholog_one2one
ENSG00000164294,GPX8,ENSMUSG00000021760,Gpx8,ortholog_one2one
ENSG00000124406,ATP8A1,ENSMUSG00000037685,Atp8a1,ortholog_one2one
ENSG00000066735,KIF26A,ENSMUSG00000021294,Kif26a,ortholog_one2one
ENSG00000178996,SNX18,ENSMUSG00000042364,Snx18,ortholog_one2one
ENSG00000164902,PHAX,ENSMUSG00000008301,Phax,ortholog_one2one
ENSG00000113494,PRLR,ENSMUSG00000005268,Prlr,ortholog_one2one
ENSG00000077420,APBB1IP,ENSMUSG00000026786,Apbb1ip,ortholog_one2one
ENSG00000136156,ITM2B,ENSMUSG00000022108,Itm2b,ortholog_one2one
ENSG00000258289,CHURC1,ENSMUSG00000090258,Churc1,ortholog_one2one
ENSG00000136930,PSMB7,ENSMUSG00000026750,Psmb7,ortholog_one2one
ENSG00000189377,CXCL17,ENSMUSG00000060188,Cxcl17,ortholog_one2one
ENSG00000152782,PANK1,ENSMUSG00000033610,Pank1,ortholog_one2one
ENSG00000102531,FNDC3A,ENSMUSG00000033487,Fndc3a,ortholog_one2one
ENSG00000128881,TTBK2,ENSMUSG00000090100,Ttbk2,ortholog_one2one
ENSG00000261221,ZNF865,ENSMUSG00000074405,Zfp865,ortholog_one2one
ENSG00000165807,PPP1R36,ENSMUSG00000052221,Ppp1r36,ortholog_one2one
ENSG00000100314,CABP7,ENSMUSG00000009075,Cabp7,ortholog_one2one
ENSG00000138193,PLCE1,ENSMUSG00000024998,Plce1,ortholog_one2one
ENSG00000182307,C8orf33,ENSMUSG00000063236,1110038F14Rik,ortholog_one2one
ENSG00000167644,C19orf33,ENSMUSG00000030587,2200002D01Rik,ortholog_one2one
ENSG00000183733,FIGLA,ENSMUSG00000030001,Figla,ortholog_one2one
ENSG00000081181,ARG2,ENSMUSG00000021125,Arg2,ortholog_one2one
ENSG00000152672,CLEC4F,ENSMUSG00000014542,Clec4f,ortholog_one2one
ENSG00000116031,CD207,ENSMUSG00000034783,Cd207,ortholog_one2one
ENSG00000137821,LRRC49,ENSMUSG00000047766,Lrrc49,ortholog_one2one
ENSG00000139977,NAA30,ENSMUSG00000036282,Naa30,ortholog_one2one
ENSG00000144043,TEX261,ENSMUSG00000014748,Tex261,ortholog_one2one
ENSG00000205744,DENND1C,ENSMUSG00000002668,Dennd1c,ortholog_one2one
ENSG00000100568,VTI1B,ENSMUSG00000021124,Vti1b,ortholog_one2one
ENSG00000162999,DUSP19,ENSMUSG00000027001,Dusp19,ortholog_one2one
ENSG00000044459,CNTLN,ENSMUSG00000038070,Cntln,ortholog_one2one
ENSG00000171557,FGG,ENSMUSG00000033860,Fgg,ortholog_one2one
ENSG00000157227,MMP14,ENSMUSG00000000957,Mmp14,ortholog_one2one
ENSG00000178209,PLEC,ENSMUSG00000022565,Plec,ortholog_one2one
ENSG00000165689,ENTR1,ENSMUSG00000026927,Entr1,ortholog_one2one
ENSG00000100284,TOM1,ENSMUSG00000042870,Tom1,ortholog_one2one
ENSG00000196199,MPHOSPH8,ENSMUSG00000079184,Mphosph8,ortholog_one2one
ENSG00000041353,RAB27B,ENSMUSG00000024511,Rab27b,ortholog_one2one
ENSG00000079308,TNS1,ENSMUSG00000055322,Tns1,ortholog_one2one
ENSG00000135077,HAVCR2,ENSMUSG00000020399,Havcr2,ortholog_one2one
ENSG00000109819,PPARGC1A,ENSMUSG00000029167,Ppargc1a,ortholog_one2one
ENSG00000067082,KLF6,ENSMUSG00000000078,Klf6,ortholog_one2one
ENSG00000184990,SIVA1,ENSMUSG00000064326,Siva1,ortholog_one2one
ENSG00000154845,PPP4R1,ENSMUSG00000061950,Ppp4r1,ortholog_one2one
ENSG00000164307,ERAP1,ENSMUSG00000021583,Erap1,ortholog_one2one
ENSG00000151532,VTI1A,ENSMUSG00000024983,Vti1a,ortholog_one2one
ENSG00000155816,FMN2,ENSMUSG00000028354,Fmn2,ortholog_one2one
ENSG00000185681,MORN5,ENSMUSG00000026894,Morn5,ortholog_one2one
ENSG00000126814,TRMT5,ENSMUSG00000034442,Trmt5,ortholog_one2one
ENSG00000140285,FGF7,ENSMUSG00000027208,Fgf7,ortholog_one2one
ENSG00000133985,TTC9,ENSMUSG00000042734,Ttc9,ortholog_one2one
ENSG00000132005,RFX1,ENSMUSG00000031706,Rfx1,ortholog_one2one
ENSG00000152455,SUV39H2,ENSMUSG00000026646,Suv39h2,ortholog_one2one
ENSG00000166091,CMTM5,ENSMUSG00000040759,Cmtm5,ortholog_one2one
ENSG00000166923,GREM1,ENSMUSG00000074934,Grem1,ortholog_one2one
ENSG00000101199,ARFGAP1,ENSMUSG00000027575,Arfgap1,ortholog_one2one
ENSG00000120054,CPN1,ENSMUSG00000025196,Cpn1,ortholog_one2one
ENSG00000172349,IL16,ENSMUSG00000001741,Il16,ortholog_one2one
ENSG00000184007,PTP4A2,ENSMUSG00000028788,Ptp4a2,ortholog_one2one
ENSG00000165471,MBL2,ENSMUSG00000024863,Mbl2,ortholog_one2one
ENSG00000100211,CBY1,ENSMUSG00000022428,Cby1,ortholog_one2one
ENSG00000100526,CDKN3,ENSMUSG00000037628,Cdkn3,ortholog_one2one
ENSG00000152785,BMP3,ENSMUSG00000029335,Bmp3,ortholog_one2one
ENSG00000165476,REEP3,ENSMUSG00000019873,Reep3,ortholog_one2one
ENSG00000173083,HPSE,ENSMUSG00000035273,Hpse,ortholog_one2one
ENSG00000214212,C19orf38,ENSMUSG00000057191,AB124611,ortholog_one2one
ENSG00000168621,GDNF,ENSMUSG00000022144,Gdnf,ortholog_one2one
ENSG00000145545,SRD5A1,ENSMUSG00000021594,Srd5a1,ortholog_one2one
ENSG00000166704,ZNF606,ENSMUSG00000030386,Zfp606,ortholog_one2one
ENSG00000197563,PIGN,ENSMUSG00000056536,Pign,ortholog_one2one
ENSG00000145604,SKP2,ENSMUSG00000054115,Skp2,ortholog_one2one
ENSG00000179284,DAND5,ENSMUSG00000053226,Dand5,ortholog_one2one
ENSG00000014919,COX15,ENSMUSG00000040018,Cox15,ortholog_one2one
ENSG00000181090,EHMT1,ENSMUSG00000036893,Ehmt1,ortholog_one2one
ENSG00000161179,YDJC,ENSMUSG00000041774,Ydjc,ortholog_one2one
ENSG00000100320,RBFOX2,ENSMUSG00000033565,Rbfox2,ortholog_one2one
ENSG00000178343,SHISA3,ENSMUSG00000050010,Shisa3,ortholog_one2one
ENSG00000184178,SCFD2,ENSMUSG00000062110,Scfd2,ortholog_one2one
ENSG00000153902,LGI4,ENSMUSG00000036560,Lgi4,ortholog_one2one
ENSG00000089094,KDM2B,ENSMUSG00000029475,Kdm2b,ortholog_one2one
ENSG00000188917,TRMT2B,ENSMUSG00000067369,Trmt2b,ortholog_one2one
ENSG00000138593,SECISBP2L,ENSMUSG00000035093,Secisbp2l,ortholog_one2one
ENSG00000121207,LRAT,ENSMUSG00000028003,Lrat,ortholog_one2one
ENSG00000125375,DMAC2L,ENSMUSG00000054894,Dmac2l,ortholog_one2one
ENSG00000162745,OLFML2B,ENSMUSG00000038463,Olfml2b,ortholog_one2one
ENSG00000070808,CAMK2A,ENSMUSG00000024617,Camk2a,ortholog_one2one
ENSG00000129451,KLK10,ENSMUSG00000030693,Klk10,ortholog_one2one
ENSG00000162891,IL20,ENSMUSG00000026416,Il20,ortholog_one2one
ENSG00000198589,LRBA,ENSMUSG00000028080,Lrba,ortholog_one2one
ENSG00000175874,CREG2,ENSMUSG00000050967,Creg2,ortholog_one2one
ENSG00000129521,EGLN3,ENSMUSG00000035105,Egln3,ortholog_one2one
ENSG00000137976,DNASE2B,ENSMUSG00000028185,Dnase2b,ortholog_one2one
ENSG00000162775,RBM15,ENSMUSG00000048109,Rbm15,ortholog_one2one
ENSG00000092140,G2E3,ENSMUSG00000035293,G2e3,ortholog_one2one
ENSG00000104147,OIP5,ENSMUSG00000072980,Oip5,ortholog_one2one
ENSG00000179023,KLHDC7A,ENSMUSG00000078234,Klhdc7a,ortholog_one2one
ENSG00000173171,MTX1,ENSMUSG00000064068,Mtx1,ortholog_one2one
ENSG00000148702,HABP2,ENSMUSG00000025075,Habp2,ortholog_one2one
ENSG00000160219,GAB3,ENSMUSG00000032750,Gab3,ortholog_one2one
ENSG00000170075,GPR37L1,ENSMUSG00000026424,Gpr37l1,ortholog_one2one
ENSG00000266964,FXYD1,ENSMUSG00000036570,Fxyd1,ortholog_one2one
ENSG00000159409,CELF3,ENSMUSG00000028137,Celf3,ortholog_one2one
ENSG00000130649,CYP2E1,ENSMUSG00000025479,Cyp2e1,ortholog_one2one
ENSG00000174442,ZWILCH,ENSMUSG00000032400,Zwilch,ortholog_one2one
ENSG00000158169,FANCC,ENSMUSG00000021461,Fancc,ortholog_one2one
ENSG00000067842,ATP2B3,ENSMUSG00000031376,Atp2b3,ortholog_one2one
ENSG00000178796,RIIAD1,ENSMUSG00000028139,Riiad1,ortholog_one2one
ENSG00000119596,YLPM1,ENSMUSG00000021244,Ylpm1,ortholog_one2one
ENSG00000143436,MRPL9,ENSMUSG00000028140,Mrpl9,ortholog_one2one
ENSG00000075891,PAX2,ENSMUSG00000004231,Pax2,ortholog_one2one
ENSG00000115956,PLEK,ENSMUSG00000020120,Plek,ortholog_one2one
ENSG00000143450,OAZ3,ENSMUSG00000028141,Oaz3,ortholog_one2one
ENSG00000128203,ASPHD2,ENSMUSG00000029348,Asphd2,ortholog_one2one
ENSG00000100442,FKBP3,ENSMUSG00000020949,Fkbp3,ortholog_one2one
ENSG00000100412,ACO2,ENSMUSG00000022477,Aco2,ortholog_one2one
ENSG00000213171,LINGO4,ENSMUSG00000044505,Lingo4,ortholog_one2one
ENSG00000196407,THEM5,ENSMUSG00000028148,Them5,ortholog_one2one
ENSG00000080189,SLC35C2,ENSMUSG00000017664,Slc35c2,ortholog_one2one
ENSG00000116819,TFAP2E,ENSMUSG00000042477,Tfap2e,ortholog_one2one
ENSG00000054690,PLEKHH1,ENSMUSG00000060716,Plekhh1,ortholog_one2one
ENSG00000182389,CACNB4,ENSMUSG00000017412,Cacnb4,ortholog_one2one
ENSG00000186603,HPDL,ENSMUSG00000043155,Hpdl,ortholog_one2one
ENSG00000107742,SPOCK2,ENSMUSG00000058297,Spock2,ortholog_one2one
ENSG00000037749,MFAP3,ENSMUSG00000020522,Mfap3,ortholog_one2one
ENSG00000184216,IRAK1,ENSMUSG00000031392,Irak1,ortholog_one2one
ENSG00000125485,DDX31,ENSMUSG00000026806,Ddx31,ortholog_one2one
ENSG00000273544,SNORA44,ENSMUSG00000064604,Snora44,ortholog_one2one
ENSG00000164327,RICTOR,ENSMUSG00000050310,Rictor,ortholog_one2one
ENSG00000138311,ZNF365,ENSMUSG00000037855,Zfp365,ortholog_one2one
ENSG00000277075,H2AC8,ENSMUSG00000071478,H2ac7,ortholog_one2one
ENSG00000203910,C1orf146,ENSMUSG00000089798,1700028K03Rik,ortholog_one2one
ENSG00000151151,IPMK,ENSMUSG00000060733,Ipmk,ortholog_one2one
ENSG00000146278,PNRC1,ENSMUSG00000040128,Pnrc1,ortholog_one2one
ENSG00000152766,ANKRD22,ENSMUSG00000024774,Ankrd22,ortholog_one2one
ENSG00000154548,SRSF12,ENSMUSG00000054679,Srsf12,ortholog_one2one
ENSG00000148730,EIF4EBP2,ENSMUSG00000020091,Eif4ebp2,ortholog_one2one
ENSG00000162722,TRIM58,ENSMUSG00000037124,Trim58,ortholog_one2one
ENSG00000107560,RAB11FIP2,ENSMUSG00000040022,Rab11fip2,ortholog_one2one
ENSG00000197532,OR6Y1,ENSMUSG00000051509,Or6p1,ortholog_one2one
ENSG00000198794,SCAMP5,ENSMUSG00000040722,Scamp5,ortholog_one2one
ENSG00000266524,GDF10,ENSMUSG00000021943,Gdf10,ortholog_one2one
ENSG00000119414,PPP6C,ENSMUSG00000026753,Ppp6c,ortholog_one2one
ENSG00000198704,GPX6,ENSMUSG00000004341,Gpx6,ortholog_one2one
ENSG00000173269,MMRN2,ENSMUSG00000041445,Mmrn2,ortholog_one2one
ENSG00000119446,RBM18,ENSMUSG00000026889,Rbm18,ortholog_one2one
ENSG00000105610,KLF1,ENSMUSG00000054191,Klf1,ortholog_one2one
ENSG00000170608,FOXA3,ENSMUSG00000040891,Foxa3,ortholog_one2one
ENSG00000177464,GPR4,ENSMUSG00000044317,Gpr4,ortholog_one2one
ENSG00000170906,NDUFA3,ENSMUSG00000035674,Ndufa3,ortholog_one2one
ENSG00000048828,FAM120A,ENSMUSG00000038014,Fam120a,ortholog_one2one
ENSG00000137203,TFAP2A,ENSMUSG00000021359,Tfap2a,ortholog_one2one
ENSG00000095585,BLNK,ENSMUSG00000061132,Blnk,ortholog_one2one
ENSG00000145354,CISD2,ENSMUSG00000028165,Cisd2,ortholog_one2one
ENSG00000143443,C1orf56,ENSMUSG00000068860,Gm128,ortholog_one2one
ENSG00000132463,GRSF1,ENSMUSG00000044221,Grsf1,ortholog_one2one
ENSG00000162783,IER5,ENSMUSG00000056708,Ier5,ortholog_one2one
ENSG00000054277,OPN3,ENSMUSG00000026525,Opn3,ortholog_one2one
ENSG00000021488,SLC7A9,ENSMUSG00000030492,Slc7a9,ortholog_one2one
ENSG00000131080,EDA2R,ENSMUSG00000034457,Eda2r,ortholog_one2one
ENSG00000203668,CHML,ENSMUSG00000078185,Chml,ortholog_one2one
ENSG00000116128,BCL9,ENSMUSG00000038256,Bcl9,ortholog_one2one
ENSG00000189376,C8orf76,ENSMUSG00000101892,9130401M01Rik,ortholog_one2one
ENSG00000169684,CHRNA5,ENSMUSG00000035594,Chrna5,ortholog_one2one
ENSG00000162843,WDR64,ENSMUSG00000026523,Wdr64,ortholog_one2one
ENSG00000136810,TXN,ENSMUSG00000028367,Txn1,ortholog_one2one
ENSG00000101938,CHRDL1,ENSMUSG00000031283,Chrdl1,ortholog_one2one
ENSG00000003987,MTMR7,ENSMUSG00000039431,Mtmr7,ortholog_one2one
ENSG00000172345,STARD5,ENSMUSG00000046027,Stard5,ortholog_one2one
ENSG00000112977,DAP,ENSMUSG00000039168,Dap,ortholog_one2one
ENSG00000173258,ZNF483,ENSMUSG00000038630,Zkscan16,ortholog_one2one
ENSG00000214357,NEURL1B,ENSMUSG00000034413,Neurl1b,ortholog_one2one
ENSG00000163069,SGCB,ENSMUSG00000029156,Sgcb,ortholog_one2one
ENSG00000119718,EIF2B2,ENSMUSG00000004788,Eif2b2,ortholog_one2one
ENSG00000159459,UBR1,ENSMUSG00000027272,Ubr1,ortholog_one2one
ENSG00000113269,RNF130,ENSMUSG00000020376,Rnf130,ortholog_one2one
ENSG00000138771,SHROOM3,ENSMUSG00000029381,Shroom3,ortholog_one2one
ENSG00000107338,SHB,ENSMUSG00000044813,Shb,ortholog_one2one
ENSG00000104356,POP1,ENSMUSG00000022325,Pop1,ortholog_one2one
ENSG00000177125,ZBTB34,ENSMUSG00000068966,Zbtb34,ortholog_one2one
ENSG00000088808,PPP1R13B,ENSMUSG00000021285,Ppp1r13b,ortholog_one2one
ENSG00000127080,IPPK,ENSMUSG00000021385,Ippk,ortholog_one2one
ENSG00000125652,ALKBH7,ENSMUSG00000002661,Alkbh7,ortholog_one2one
ENSG00000078177,N4BP2,ENSMUSG00000037795,N4bp2,ortholog_one2one
ENSG00000087088,BAX,ENSMUSG00000003873,Bax,ortholog_one2one
ENSG00000174607,UGT8,ENSMUSG00000032854,Ugt8a,ortholog_one2one
ENSG00000111701,APOBEC1,ENSMUSG00000040613,Apobec1,ortholog_one2one
ENSG00000102158,MAGT1,ENSMUSG00000031232,Magt1,ortholog_one2one
ENSG00000184344,GDF3,ENSMUSG00000030117,Gdf3,ortholog_one2one
ENSG00000164171,ITGA2,ENSMUSG00000015533,Itga2,ortholog_one2one
ENSG00000126883,NUP214,ENSMUSG00000001855,Nup214,ortholog_one2one
ENSG00000133246,PRAM1,ENSMUSG00000032739,Pram1,ortholog_one2one
ENSG00000277586,NEFL,ENSMUSG00000022055,Nefl,ortholog_one2one
ENSG00000104447,TRPS1,ENSMUSG00000038679,Trps1,ortholog_one2one
ENSG00000119655,NPC2,ENSMUSG00000021242,Npc2,ortholog_one2one
ENSG00000109775,UFSP2,ENSMUSG00000031634,Ufsp2,ortholog_one2one
ENSG00000250799,PRODH2,ENSMUSG00000036892,Prodh2,ortholog_one2one
ENSG00000100413,POLR3H,ENSMUSG00000022476,Polr3h,ortholog_one2one
ENSG00000078596,ITM2A,ENSMUSG00000031239,Itm2a,ortholog_one2one
ENSG00000276045,ORAI1,ENSMUSG00000049686,Orai1,ortholog_one2one
ENSG00000143479,DYRK3,ENSMUSG00000016526,Dyrk3,ortholog_one2one
ENSG00000213341,CHUK,ENSMUSG00000025199,Chuk,ortholog_one2one
ENSG00000120337,TNFSF18,ENSMUSG00000066755,Tnfsf18,ortholog_one2one
ENSG00000119283,TRIM67,ENSMUSG00000036913,Trim67,ortholog_one2one
ENSG00000006432,MAP3K9,ENSMUSG00000042724,Map3k9,ortholog_one2one
ENSG00000178896,EXOSC4,ENSMUSG00000034259,Exosc4,ortholog_one2one
ENSG00000157593,SLC35B2,ENSMUSG00000037089,Slc35b2,ortholog_one2one
ENSG00000006638,TBXA2R,ENSMUSG00000034881,Tbxa2r,ortholog_one2one
ENSG00000253250,C8orf88,ENSMUSG00000086587,Gm11837,ortholog_one2one
ENSG00000182287,AP1S2,ENSMUSG00000031367,Ap1s2,ortholog_one2one
ENSG00000172410,INSL5,ENSMUSG00000066090,Insl5,ortholog_one2one
ENSG00000197241,SLC2A7,ENSMUSG00000062064,Slc2a7,ortholog_one2one
ENSG00000175324,LSM1,ENSMUSG00000037296,Lsm1,ortholog_one2one
ENSG00000105472,CLEC11A,ENSMUSG00000004473,Clec11a,ortholog_one2one
ENSG00000169989,TIGD4,ENSMUSG00000047819,Tigd4,ortholog_one2one
ENSG00000178233,TMEM151B,ENSMUSG00000096847,Tmem151b,ortholog_one2one
ENSG00000054611,TBC1D22A,ENSMUSG00000051864,Tbc1d22a,ortholog_one2one
ENSG00000187942,LDLRAD2,ENSMUSG00000094035,Ldlrad2,ortholog_one2one
ENSG00000166912,MTMR10,ENSMUSG00000030522,Mtmr10,ortholog_one2one
ENSG00000164162,ANAPC10,ENSMUSG00000036977,Anapc10,ortholog_one2one
ENSG00000142798,HSPG2,ENSMUSG00000028763,Hspg2,ortholog_one2one
ENSG00000104413,ESRP1,ENSMUSG00000040728,Esrp1,ortholog_one2one
ENSG00000115257,PCSK4,ENSMUSG00000020131,Pcsk4,ortholog_one2one
ENSG00000101146,RAE1,ENSMUSG00000027509,Rae1,ortholog_one2one
ENSG00000119973,PRLHR,ENSMUSG00000045052,Prlhr,ortholog_one2one
ENSG00000095539,SEMA4G,ENSMUSG00000025207,Sema4g,ortholog_one2one
ENSG00000133997,MED6,ENSMUSG00000002679,Med6,ortholog_one2one
ENSG00000155545,MIER3,ENSMUSG00000032727,Mier3,ortholog_one2one
ENSG00000189114,BLOC1S3,ENSMUSG00000057667,Bloc1s3,ortholog_one2one
ENSG00000204653,ASPDH,ENSMUSG00000038704,Aspdh,ortholog_one2one
ENSG00000198049,AVPR1B,ENSMUSG00000026432,Avpr1b,ortholog_one2one
ENSG00000155850,SLC26A2,ENSMUSG00000034320,Slc26a2,ortholog_one2one
ENSG00000153253,SCN3A,ENSMUSG00000057182,Scn3a,ortholog_one2one
ENSG00000152061,RABGAP1L,ENSMUSG00000026721,Rabgap1l,ortholog_one2one
ENSG00000094755,GABRP,ENSMUSG00000020159,Gabrp,ortholog_one2one
ENSG00000171236,LRG1,ENSMUSG00000037095,Lrg1,ortholog_one2one
ENSG00000225830,ERCC6,ENSMUSG00000054051,Ercc6,ortholog_one2one
ENSG00000105717,PBX4,ENSMUSG00000031860,Pbx4,ortholog_one2one
ENSG00000102316,MAGED2,ENSMUSG00000025268,Maged2,ortholog_one2one
ENSG00000198604,BAZ1A,ENSMUSG00000035021,Baz1a,ortholog_one2one
ENSG00000130584,ZBTB46,ENSMUSG00000027583,Zbtb46,ortholog_one2one
ENSG00000151655,ITIH2,ENSMUSG00000037254,Itih2,ortholog_one2one
ENSG00000175766,EIF4E1B,ENSMUSG00000074895,Eif4e1b,ortholog_one2one
ENSG00000141446,ESCO1,ENSMUSG00000024293,Esco1,ortholog_one2one
ENSG00000105698,USF2,ENSMUSG00000058239,Usf2,ortholog_one2one
ENSG00000113263,ITK,ENSMUSG00000020395,Itk,ortholog_one2one
ENSG00000118705,RPN2,ENSMUSG00000027642,Rpn2,ortholog_one2one
ENSG00000137078,SIT1,ENSMUSG00000028460,Sit1,ortholog_one2one
ENSG00000132466,ANKRD17,ENSMUSG00000055204,Ankrd17,ortholog_one2one
ENSG00000167130,DOLPP1,ENSMUSG00000026856,Dolpp1,ortholog_one2one
ENSG00000186897,C1QL4,ENSMUSG00000001076,C1ql4,ortholog_one2one
ENSG00000170214,ADRA1B,ENSMUSG00000050541,Adra1b,ortholog_one2one
ENSG00000164841,TMEM74,ENSMUSG00000054409,Tmem74,ortholog_one2one
ENSG00000123213,NLN,ENSMUSG00000021710,Nln,ortholog_one2one
ENSG00000183785,TUBA8,ENSMUSG00000030137,Tuba8,ortholog_one2one
ENSG00000151743,AMN1,ENSMUSG00000068250,Amn1,ortholog_one2one
ENSG00000166377,ATP9B,ENSMUSG00000024566,Atp9b,ortholog_one2one
ENSG00000198826,ARHGAP11A,ENSMUSG00000041219,Arhgap11a,ortholog_one2one
ENSG00000116748,AMPD1,ENSMUSG00000070385,Ampd1,ortholog_one2one
ENSG00000071859,FAM50A,ENSMUSG00000001962,Fam50a,ortholog_one2one
ENSG00000099917,MED15,ENSMUSG00000012114,Med15,ortholog_one2one
ENSG00000104327,CALB1,ENSMUSG00000028222,Calb1,ortholog_one2one
ENSG00000142039,CCDC97,ENSMUSG00000002608,Ccdc97,ortholog_one2one
ENSG00000250803,ZNF475,ENSMUSG00000024532,1700034E13Rik,ortholog_one2one
ENSG00000100888,CHD8,ENSMUSG00000053754,Chd8,ortholog_one2one
ENSG00000148200,NR6A1,ENSMUSG00000063972,Nr6a1,ortholog_one2one
ENSG00000164176,EDIL3,ENSMUSG00000034488,Edil3,ortholog_one2one
ENSG00000177414,UBE2U,ENSMUSG00000069733,Ube2u,ortholog_one2one
ENSG00000167615,LENG8,ENSMUSG00000035545,Leng8,ortholog_one2one
ENSG00000179528,LBX2,ENSMUSG00000034968,Lbx2,ortholog_one2one
ENSG00000115596,WNT6,ENSMUSG00000033227,Wnt6,ortholog_one2one
ENSG00000122584,NXPH1,ENSMUSG00000046178,Nxph1,ortholog_one2one
ENSG00000143536,CRNN,ENSMUSG00000078657,Crnn,ortholog_one2one
ENSG00000080031,PTPRH,ENSMUSG00000035429,Ptprh,ortholog_one2one
ENSG00000218823,PAPOLB,ENSMUSG00000074817,Papolb,ortholog_one2one
ENSG00000123384,LRP1,ENSMUSG00000040249,Lrp1,ortholog_one2one
ENSG00000171812,COL8A2,ENSMUSG00000056174,Col8a2,ortholog_one2one
ENSG00000168672,LRATD2,ENSMUSG00000072568,Lratd2,ortholog_one2one
ENSG00000164181,ELOVL7,ENSMUSG00000021696,Elovl7,ortholog_one2one
ENSG00000184389,A3GALT2,ENSMUSG00000028794,A3galt2,ortholog_one2one
ENSG00000181085,MAPK15,ENSMUSG00000063704,Mapk15,ortholog_one2one
ENSG00000151360,ALLC,ENSMUSG00000020636,Allc,ortholog_one2one
ENSG00000135823,STX6,ENSMUSG00000026470,Stx6,ortholog_one2one
ENSG00000122691,TWIST1,ENSMUSG00000035799,Twist1,ortholog_one2one
ENSG00000140263,SORD,ENSMUSG00000027227,Sord,ortholog_one2one
ENSG00000132326,PER2,ENSMUSG00000055866,Per2,ortholog_one2one
ENSG00000145824,CXCL14,ENSMUSG00000021508,Cxcl14,ortholog_one2one
ENSG00000179869,ABCA13,ENSMUSG00000004668,Abca13,ortholog_one2one
ENSG00000120370,GORAB,ENSMUSG00000040124,Gorab,ortholog_one2one
ENSG00000010671,BTK,ENSMUSG00000031264,Btk,ortholog_one2one
ENSG00000164300,SERINC5,ENSMUSG00000021703,Serinc5,ortholog_one2one
ENSG00000155621,C9orf85,ENSMUSG00000035171,1110059E24Rik,ortholog_one2one
ENSG00000184148,SPRR4,ENSMUSG00000045566,Sprr4,ortholog_one2one
ENSG00000163209,SPRR3,ENSMUSG00000045539,Sprr3,ortholog_one2one
ENSG00000179639,FCER1A,ENSMUSG00000005339,Fcer1a,ortholog_one2one
ENSG00000214866,DCDC2C,ENSMUSG00000020633,Dcdc2c,ortholog_one2one
ENSG00000120129,DUSP1,ENSMUSG00000024190,Dusp1,ortholog_one2one
ENSG00000176887,SOX11,ENSMUSG00000063632,Sox11,ortholog_one2one
ENSG00000182379,NXPH4,ENSMUSG00000040258,Nxph4,ortholog_one2one
ENSG00000170776,AKAP13,ENSMUSG00000066406,Akap13,ortholog_one2one
ENSG00000152380,FAM151B,ENSMUSG00000034334,Fam151b,ortholog_one2one
ENSG00000188133,TMEM215,ENSMUSG00000046593,Tmem215,ortholog_one2one
ENSG00000163435,ELF3,ENSMUSG00000003051,Elf3,ortholog_one2one
ENSG00000118257,NRP2,ENSMUSG00000025969,Nrp2,ortholog_one2one
ENSG00000167112,TRUB2,ENSMUSG00000039826,Trub2,ortholog_one2one
ENSG00000113583,C5orf15,ENSMUSG00000036275,9530068E07Rik,ortholog_one2one
ENSG00000112996,MRPS30,ENSMUSG00000021731,Mrps30,ortholog_one2one
ENSG00000164406,LEAP2,ENSMUSG00000036216,Leap2,ortholog_one2one
ENSG00000104408,EIF3E,ENSMUSG00000022336,Eif3e,ortholog_one2one
ENSG00000148297,MED22,ENSMUSG00000015776,Med22,ortholog_one2one
ENSG00000131183,SLC34A1,ENSMUSG00000021490,Slc34a1,ortholog_one2one
ENSG00000117036,ETV3,ENSMUSG00000003382,Etv3,ortholog_one2one
ENSG00000011590,ZBTB32,ENSMUSG00000006310,Zbtb32,ortholog_one2one
ENSG00000148450,MSRB2,ENSMUSG00000023094,Msrb2,ortholog_one2one
ENSG00000142698,C1orf94,ENSMUSG00000028813,CK137956,ortholog_one2one
ENSG00000249915,PDCD6,ENSMUSG00000021576,Pdcd6,ortholog_one2one
ENSG00000109519,GRPEL1,ENSMUSG00000029198,Grpel1,ortholog_one2one
ENSG00000169288,MRPL1,ENSMUSG00000029486,Mrpl1,ortholog_one2one
ENSG00000148396,SEC16A,ENSMUSG00000026924,Sec16a,ortholog_one2one
ENSG00000187258,NPSR1,ENSMUSG00000043659,Npsr1,ortholog_one2one
ENSG00000182013,PNMA8A,ENSMUSG00000041141,Pnma8a,ortholog_one2one
ENSG00000213999,MEF2B,ENSMUSG00000079033,Mef2b,ortholog_one2one
ENSG00000164197,RNF180,ENSMUSG00000021720,Rnf180,ortholog_one2one
ENSG00000163743,RCHY1,ENSMUSG00000029397,Rchy1,ortholog_one2one
ENSG00000135517,MIP,ENSMUSG00000025389,Mip,ortholog_one2one
ENSG00000176422,SPRYD4,ENSMUSG00000051346,Spryd4,ortholog_one2one
ENSG00000104903,LYL1,ENSMUSG00000034041,Lyl1,ortholog_one2one
ENSG00000125851,PCSK2,ENSMUSG00000027419,Pcsk2,ortholog_one2one
ENSG00000163348,PYGO2,ENSMUSG00000047824,Pygo2,ortholog_one2one
ENSG00000241644,INMT,ENSMUSG00000003477,Inmt,ortholog_one2one
ENSG00000165355,FBXO33,ENSMUSG00000035329,Fbxo33,ortholog_one2one
ENSG00000126461,SCAF1,ENSMUSG00000038406,Scaf1,ortholog_one2one
ENSG00000048740,CELF2,ENSMUSG00000002107,Celf2,ortholog_one2one
ENSG00000198812,LRRC10,ENSMUSG00000060187,Lrrc10,ortholog_one2one
ENSG00000255690,TRIL,ENSMUSG00000043496,Tril,ortholog_one2one
ENSG00000136274,NACAD,ENSMUSG00000041073,Nacad,ortholog_one2one
ENSG00000106803,SEC61B,ENSMUSG00000053317,Sec61b,ortholog_one2one
ENSG00000163357,DCST1,ENSMUSG00000042672,Dcst1,ortholog_one2one
ENSG00000178665,ZNF713,ENSMUSG00000056014,A430033K04Rik,ortholog_one2one
ENSG00000137106,GRHPR,ENSMUSG00000035637,Grhpr,ortholog_one2one
ENSG00000198752,CDC42BPB,ENSMUSG00000021279,Cdc42bpb,ortholog_one2one
ENSG00000141664,ZCCHC2,ENSMUSG00000038866,Zcchc2,ortholog_one2one
ENSG00000168685,IL7R,ENSMUSG00000003882,Il7r,ortholog_one2one
ENSG00000142528,ZNF473,ENSMUSG00000048012,Zfp473,ortholog_one2one
ENSG00000116117,PARD3B,ENSMUSG00000052062,Pard3b,ortholog_one2one
ENSG00000182348,ZNF804B,ENSMUSG00000092094,Zfp804b,ortholog_one2one
ENSG00000140564,FURIN,ENSMUSG00000030530,Furin,ortholog_one2one
ENSG00000047230,CTPS2,ENSMUSG00000031360,Ctps2,ortholog_one2one
ENSG00000130783,CCDC62,ENSMUSG00000061882,Ccdc62,ortholog_one2one
ENSG00000101220,ADISSP,ENSMUSG00000027327,Adissp,ortholog_one2one
ENSG00000113525,IL5,ENSMUSG00000036117,Il5,ortholog_one2one
ENSG00000186094,AGBL4,ENSMUSG00000061298,Agbl4,ortholog_one2one
ENSG00000104951,IL4I1,ENSMUSG00000074141,Il4i1,ortholog_one2one
ENSG00000183323,CCDC125,ENSMUSG00000048924,Ccdc125,ortholog_one2one
ENSG00000185483,ROR1,ENSMUSG00000035305,Ror1,ortholog_one2one
ENSG00000226174,TEX22,ENSMUSG00000012211,Tex22,ortholog_one2one
ENSG00000072042,RDH11,ENSMUSG00000066441,Rdh11,ortholog_one2one
ENSG00000167193,CRK,ENSMUSG00000017776,Crk,ortholog_one2one
ENSG00000113196,HAND1,ENSMUSG00000037335,Hand1,ortholog_one2one
ENSG00000074695,LMAN1,ENSMUSG00000041891,Lman1,ortholog_one2one
ENSG00000148400,NOTCH1,ENSMUSG00000026923,Notch1,ortholog_one2one
ENSG00000178568,ERBB4,ENSMUSG00000062209,Erbb4,ortholog_one2one
ENSG00000183718,TRIM52,ENSMUSG00000022113,Trim52,ortholog_one2one
ENSG00000019991,HGF,ENSMUSG00000028864,Hgf,ortholog_one2one
ENSG00000175414,ARL10,ENSMUSG00000025870,Arl10,ortholog_one2one
ENSG00000167693,NXN,ENSMUSG00000020844,Nxn,ortholog_one2one
ENSG00000170482,SLC23A1,ENSMUSG00000024354,Slc23a1,ortholog_one2one
ENSG00000165105,RASEF,ENSMUSG00000043003,Rasef,ortholog_one2one
ENSG00000099308,MAST3,ENSMUSG00000031833,Mast3,ortholog_one2one
ENSG00000184611,KCNH7,ENSMUSG00000059742,Kcnh7,ortholog_one2one
ENSG00000075151,EIF4G3,ENSMUSG00000028760,Eif4g3,ortholog_one2one
ENSG00000155100,OTUD6B,ENSMUSG00000040550,Otud6b,ortholog_one2one
ENSG00000138759,FRAS1,ENSMUSG00000034687,Fras1,ortholog_one2one
ENSG00000266919,hsa-mir-423,ENSMUSG00000065518,Mir423,ortholog_one2one
ENSG00000131055,COX4I2,ENSMUSG00000009876,Cox4i2,ortholog_one2one
ENSG00000141469,SLC14A1,ENSMUSG00000059336,Slc14a1,ortholog_one2one
ENSG00000213463,SYNJ2BP,ENSMUSG00000090935,Synj2bp,ortholog_one2one
ENSG00000123453,SARDH,ENSMUSG00000009614,Sardh,ortholog_one2one
ENSG00000278540,ACACA,ENSMUSG00000020532,Acaca,ortholog_one2one
ENSG00000138083,SIX3,ENSMUSG00000038805,Six3,ortholog_one2one
ENSG00000100577,GSTZ1,ENSMUSG00000021033,Gstz1,ortholog_one2one
ENSG00000115896,PLCL1,ENSMUSG00000038349,Plcl1,ortholog_one2one
ENSG00000008988,RPS20,ENSMUSG00000028234,Rps20,ortholog_one2one
ENSG00000152939,MARVELD2,ENSMUSG00000021636,Marveld2,ortholog_one2one
ENSG00000183840,GPR39,ENSMUSG00000026343,Gpr39,ortholog_one2one
ENSG00000101425,BPI,ENSMUSG00000052922,Bpi,ortholog_one2one
ENSG00000138028,CGREF1,ENSMUSG00000029161,Cgref1,ortholog_one2one
ENSG00000104332,SFRP1,ENSMUSG00000031548,Sfrp1,ortholog_one2one
ENSG00000168081,PNOC,ENSMUSG00000045731,Pnoc,ortholog_one2one
ENSG00000011304,PTBP1,ENSMUSG00000006498,Ptbp1,ortholog_one2one
ENSG00000146433,TMEM181,ENSMUSG00000038141,Tmem181a,ortholog_one2one
ENSG00000147669,POLR2K,ENSMUSG00000045996,Polr2k,ortholog_one2one
ENSG00000084674,APOB,ENSMUSG00000020609,Apob,ortholog_one2one
ENSG00000169223,LMAN2,ENSMUSG00000021484,Lman2,ortholog_one2one
ENSG00000124171,PARD6B,ENSMUSG00000044641,Pard6b,ortholog_one2one
ENSG00000101082,SLA2,ENSMUSG00000027636,Sla2,ortholog_one2one
ENSG00000167244,IGF2,ENSMUSG00000048583,Igf2,ortholog_one2one
ENSG00000065665,SEC61A2,ENSMUSG00000025816,Sec61a2,ortholog_one2one
ENSG00000174799,CEP135,ENSMUSG00000036403,Cep135,ortholog_one2one
ENSG00000113600,C9,ENSMUSG00000022149,C9,ortholog_one2one
ENSG00000172728,FUT10,ENSMUSG00000046152,Fut10,ortholog_one2one
ENSG00000088930,XRN2,ENSMUSG00000027433,Xrn2,ortholog_one2one
ENSG00000174197,MGA,ENSMUSG00000033943,Mga,ortholog_one2one
ENSG00000159307,SCUBE1,ENSMUSG00000016763,Scube1,ortholog_one2one
ENSG00000165084,C8orf34,ENSMUSG00000057715,A830018L16Rik,ortholog_one2one
ENSG00000146856,AGBL3,ENSMUSG00000038836,Agbl3,ortholog_one2one
ENSG00000178401,DNAJC22,ENSMUSG00000038009,Dnajc22,ortholog_one2one
ENSG00000166710,B2M,ENSMUSG00000060802,B2m,ortholog_one2one
ENSG00000110900,TSPAN11,ENSMUSG00000030351,Tspan11,ortholog_one2one
ENSG00000182400,TRAPPC6B,ENSMUSG00000020993,Trappc6b,ortholog_one2one
ENSG00000275714,H3C1,ENSMUSG00000069265,H3c1,ortholog_one2one
ENSG00000167220,HDHD2,ENSMUSG00000025421,Hdhd2,ortholog_one2one
ENSG00000165609,NUDT5,ENSMUSG00000025817,Nudt5,ortholog_one2one
ENSG00000025770,NCAPH2,ENSMUSG00000008690,Ncaph2,ortholog_one2one
ENSG00000125952,MAX,ENSMUSG00000059436,Max,ortholog_one2one
ENSG00000179165,PXT1,ENSMUSG00000045378,Pxt1,ortholog_one2one
ENSG00000134014,ELP3,ENSMUSG00000022031,Elp3,ortholog_one2one
ENSG00000164270,HTR4,ENSMUSG00000026322,Htr4,ortholog_one2one
ENSG00000134812,CBLIF,ENSMUSG00000024682,Cblif,ortholog_one2one
ENSG00000184408,KCND2,ENSMUSG00000060882,Kcnd2,ortholog_one2one
ENSG00000184903,IMMP2L,ENSMUSG00000056899,Immp2l,ortholog_one2one
ENSG00000284873,OOSP1,ENSMUSG00000041857,Oosp1,ortholog_one2one
ENSG00000181827,RFX7,ENSMUSG00000037674,Rfx7,ortholog_one2one
ENSG00000105880,DLX5,ENSMUSG00000029755,Dlx5,ortholog_one2one
ENSG00000149516,MS4A3,ENSMUSG00000024681,Ms4a3,ortholog_one2one
ENSG00000170891,CYTL1,ENSMUSG00000062329,Cytl1,ortholog_one2one
ENSG00000166133,RPUSD2,ENSMUSG00000027324,Rpusd2,ortholog_one2one
ENSG00000196177,ACADSB,ENSMUSG00000030861,Acadsb,ortholog_one2one
ENSG00000163319,MRPS18C,ENSMUSG00000016833,Mrps18c,ortholog_one2one
ENSG00000179361,ARID3B,ENSMUSG00000004661,Arid3b,ortholog_one2one
ENSG00000112964,GHR,ENSMUSG00000055737,Ghr,ortholog_one2one
ENSG00000006377,DLX6,ENSMUSG00000029754,Dlx6,ortholog_one2one
ENSG00000143970,ASXL2,ENSMUSG00000037486,Asxl2,ortholog_one2one
ENSG00000155463,OXA1L,ENSMUSG00000000959,Oxa1l,ortholog_one2one
ENSG00000156970,BUB1B,ENSMUSG00000040084,Bub1b,ortholog_one2one
ENSG00000236279,CLEC2L,ENSMUSG00000079598,Clec2l,ortholog_one2one
ENSG00000101608,MYL12A,ENSMUSG00000024048,Myl12a,ortholog_one2one
ENSG00000121898,CPXM2,ENSMUSG00000030862,Cpxm2,ortholog_one2one
ENSG00000155016,CYP2U1,ENSMUSG00000027983,Cyp2u1,ortholog_one2one
ENSG00000164713,BRI3,ENSMUSG00000047843,Bri3,ortholog_one2one
ENSG00000083857,FAT1,ENSMUSG00000070047,Fat1,ortholog_one2one
ENSG00000072401,UBE2D1,ENSMUSG00000019927,Ube2d1,ortholog_one2one
ENSG00000163013,FBXO41,ENSMUSG00000047013,Fbxo41,ortholog_one2one
ENSG00000234224,TMEM229A,ENSMUSG00000048022,Tmem229a,ortholog_one2one
ENSG00000205978,NYNRIN,ENSMUSG00000075592,Nynrin,ortholog_one2one
ENSG00000101972,STAG2,ENSMUSG00000025862,Stag2,ortholog_one2one
ENSG00000129562,DAD1,ENSMUSG00000022174,Dad1,ortholog_one2one
ENSG00000104714,ERICH1,ENSMUSG00000051978,Erich1,ortholog_one2one
ENSG00000165730,STOX1,ENSMUSG00000036923,Stox1,ortholog_one2one
ENSG00000145423,SFRP2,ENSMUSG00000027996,Sfrp2,ortholog_one2one
ENSG00000128039,SRD5A3,ENSMUSG00000029233,Srd5a3,ortholog_one2one
ENSG00000156966,B3GNT7,ENSMUSG00000079445,B3gnt7,ortholog_one2one
ENSG00000066739,ATG2B,ENSMUSG00000041341,Atg2b,ortholog_one2one
ENSG00000158623,COPG2,ENSMUSG00000025607,Copg2,ortholog_one2one
ENSG00000242689,CNTF,ENSMUSG00000079415,Cntf,ortholog_one2one
ENSG00000164134,NAA15,ENSMUSG00000063273,Naa15,ortholog_one2one
ENSG00000149124,GLYAT,ENSMUSG00000063683,Glyat,ortholog_one2one
ENSG00000131471,AOC3,ENSMUSG00000019326,Aoc3,ortholog_one2one
ENSG00000213390,ARHGAP19,ENSMUSG00000025154,Arhgap19,ortholog_one2one
ENSG00000153094,BCL2L11,ENSMUSG00000027381,Bcl2l11,ortholog_one2one
ENSG00000112238,PRDM13,ENSMUSG00000040478,Prdm13,ortholog_one2one
ENSG00000076554,TPD52,ENSMUSG00000027506,Tpd52,ortholog_one2one
ENSG00000176563,CNTD1,ENSMUSG00000078653,Cntd1,ortholog_one2one
ENSG00000185127,C6orf120,ENSMUSG00000050088,1600012H06Rik,ortholog_one2one
ENSG00000287363,CIMIP3,ENSMUSG00000047150,Cimip3,ortholog_one2one
ENSG00000108848,LUC7L3,ENSMUSG00000020863,Luc7l3,ortholog_one2one
ENSG00000129559,NEDD8,ENSMUSG00000010376,Nedd8,ortholog_one2one
ENSG00000182898,TCHHL1,ENSMUSG00000027908,Tchhl1,ortholog_one2one
ENSG00000135540,NHSL1,ENSMUSG00000039835,Nhsl1,ortholog_one2one
ENSG00000215853,RPTN,ENSMUSG00000041984,Rptn,ortholog_one2one
ENSG00000197915,HRNR,ENSMUSG00000041991,Hrnr,ortholog_one2one
ENSG00000175793,SFN,ENSMUSG00000047281,Sfn,ortholog_one2one
ENSG00000215018,COL28A1,ENSMUSG00000068794,Col28a1,ortholog_one2one
ENSG00000104059,ENTREP2,ENSMUSG00000030518,Entrep2,ortholog_one2one
ENSG00000131910,NR0B2,ENSMUSG00000037583,Nr0b2,ortholog_one2one
ENSG00000165588,OTX2,ENSMUSG00000021848,Otx2,ortholog_one2one
ENSG00000141385,AFG3L2,ENSMUSG00000024527,Afg3l2,ortholog_one2one
ENSG00000188782,CATSPER4,ENSMUSG00000048003,Catsper4,ortholog_one2one
ENSG00000167614,TTYH1,ENSMUSG00000030428,Ttyh1,ortholog_one2one
ENSG00000196260,SFTA2,ENSMUSG00000090509,Sfta2,ortholog_one2one
ENSG00000136888,ATP6V1G1,ENSMUSG00000039105,Atp6v1g1,ortholog_one2one
ENSG00000185585,OLFML2A,ENSMUSG00000046618,Olfml2a,ortholog_one2one
ENSG00000144355,DLX1,ENSMUSG00000041911,Dlx1,ortholog_one2one
ENSG00000131914,LIN28A,ENSMUSG00000050966,Lin28a,ortholog_one2one
ENSG00000158615,PPP1R15B,ENSMUSG00000046062,Ppp1r15b,ortholog_one2one
ENSG00000143006,DMRTB1,ENSMUSG00000028610,Dmrtb1,ortholog_one2one
ENSG00000113073,SLC4A9,ENSMUSG00000024485,Slc4a9,ortholog_one2one
ENSG00000187922,LCN10,ENSMUSG00000047356,Lcn10,ortholog_one2one
ENSG00000182901,RGS7,ENSMUSG00000026527,Rgs7,ortholog_one2one
ENSG00000065621,GSTO2,ENSMUSG00000025069,Gsto2,ortholog_one2one
ENSG00000182979,MTA1,ENSMUSG00000021144,Mta1,ortholog_one2one
ENSG00000144406,UNC80,ENSMUSG00000055567,Unc80,ortholog_one2one
ENSG00000166794,PPIB,ENSMUSG00000032383,Ppib,ortholog_one2one
ENSG00000167118,URM1,ENSMUSG00000069020,Urm1,ortholog_one2one
ENSG00000131480,AOC2,ENSMUSG00000078651,Aoc2,ortholog_one2one
ENSG00000154415,PPP1R3A,ENSMUSG00000042717,Ppp1r3a,ortholog_one2one
ENSG00000148798,INA,ENSMUSG00000034336,Ina,ortholog_one2one
ENSG00000186862,PDZD7,ENSMUSG00000074818,Pdzd7,ortholog_one2one
ENSG00000169330,MINAR1,ENSMUSG00000039313,Minar1,ortholog_one2one
ENSG00000186642,PDE2A,ENSMUSG00000110195,Pde2a,ortholog_one2one
ENSG00000095981,KCNK16,ENSMUSG00000023387,Kcnk16,ortholog_one2one
ENSG00000164778,EN2,ENSMUSG00000039095,En2,ortholog_one2one
ENSG00000166192,SENP8,ENSMUSG00000051705,Senp8,ortholog_one2one
ENSG00000257138,TAS2R38,ENSMUSG00000058250,Tas2r138,ortholog_one2one
ENSG00000132294,EFR3A,ENSMUSG00000015002,Efr3a,ortholog_one2one
ENSG00000170775,GPR37,ENSMUSG00000039904,Gpr37,ortholog_one2one
ENSG00000188822,CNR2,ENSMUSG00000062585,Cnr2,ortholog_one2one
ENSG00000225973,PIGBOS1,ENSMUSG00000098332,Pigbos1,ortholog_one2one
ENSG00000033030,ZCCHC8,ENSMUSG00000029427,Zcchc8,ortholog_one2one
ENSG00000171954,CYP4F22,ENSMUSG00000061126,Cyp4f39,ortholog_one2one
ENSG00000104112,SCG3,ENSMUSG00000032181,Scg3,ortholog_one2one
ENSG00000158055,GRHL3,ENSMUSG00000037188,Grhl3,ortholog_one2one
ENSG00000164104,HMGB2,ENSMUSG00000054717,Hmgb2,ortholog_one2one
ENSG00000164627,KIF6,ENSMUSG00000023999,Kif6,ortholog_one2one
ENSG00000185955,SPACDR,ENSMUSG00000029723,Tsc22d4,ortholog_one2one
ENSG00000180901,KCTD2,ENSMUSG00000016940,Kctd2,ortholog_one2one
ENSG00000267796,LIN37,ENSMUSG00000036845,Lin37,ortholog_one2one
ENSG00000139354,GAS2L3,ENSMUSG00000074802,Gas2l3,ortholog_one2one
ENSG00000187260,WDR86,ENSMUSG00000055235,Wdr86,ortholog_one2one
ENSG00000148606,POLR3A,ENSMUSG00000025280,Polr3a,ortholog_one2one
ENSG00000141570,CBX8,ENSMUSG00000025578,Cbx8,ortholog_one2one
ENSG00000125726,CD70,ENSMUSG00000019489,Cd70,ortholog_one2one
ENSG00000125735,TNFSF14,ENSMUSG00000005824,Tnfsf14,ortholog_one2one
ENSG00000006652,IFRD1,ENSMUSG00000001627,Ifrd1,ortholog_one2one
ENSG00000141179,PCTP,ENSMUSG00000020553,Pctp,ortholog_one2one
ENSG00000041357,PSMA4,ENSMUSG00000032301,Psma4,ortholog_one2one
ENSG00000139722,VPS37B,ENSMUSG00000066278,Vps37b,ortholog_one2one
ENSG00000138760,SCARB2,ENSMUSG00000029426,Scarb2,ortholog_one2one
ENSG00000120802,TMPO,ENSMUSG00000019961,Tmpo,ortholog_one2one
ENSG00000267467,APOC4,ENSMUSG00000074336,Apoc4,ortholog_one2one
ENSG00000136696,IL36B,ENSMUSG00000026985,Il36b,ortholog_one2one
ENSG00000196361,ELAVL3,ENSMUSG00000003410,Elavl3,ortholog_one2one
ENSG00000170634,ACYP2,ENSMUSG00000060923,Acyp2,ortholog_one2one
ENSG00000197959,DNM3,ENSMUSG00000040265,Dnm3,ortholog_one2one
ENSG00000115844,DLX2,ENSMUSG00000023391,Dlx2,ortholog_one2one
ENSG00000180089,TMEM86B,ENSMUSG00000045282,Tmem86b,ortholog_one2one
ENSG00000118242,MREG,ENSMUSG00000039395,Mreg,ortholog_one2one
ENSG00000187664,HAPLN4,ENSMUSG00000007594,Hapln4,ortholog_one2one
ENSG00000138180,CEP55,ENSMUSG00000024989,Cep55,ortholog_one2one
ENSG00000104728,ARHGEF10,ENSMUSG00000071176,Arhgef10,ortholog_one2one
ENSG00000144583,MARCHF4,ENSMUSG00000039372,Marchf4,ortholog_one2one
ENSG00000213551,DNAJC9,ENSMUSG00000021811,Dnajc9,ortholog_one2one
ENSG00000278685,IQCA1L,ENSMUSG00000038199,Iqca1l,ortholog_one2one
ENSG00000213015,ZNF580,ENSMUSG00000055633,Zfp580,ortholog_one2one
ENSG00000173068,BNC2,ENSMUSG00000028487,Bnc2,ortholog_one2one
ENSG00000165512,ZNF22,ENSMUSG00000059878,Zfp422,ortholog_one2one
ENSG00000139144,PIK3C2G,ENSMUSG00000030228,Pik3c2g,ortholog_one2one
ENSG00000144285,SCN1A,ENSMUSG00000064329,Scn1a,ortholog_one2one
ENSG00000148688,RPP30,ENSMUSG00000024800,Rpp30,ortholog_one2one
ENSG00000169035,KLK7,ENSMUSG00000030713,Klk7,ortholog_one2one
ENSG00000106536,POU6F2,ENSMUSG00000009734,Pou6f2,ortholog_one2one
ENSG00000119900,OGFRL1,ENSMUSG00000026158,Ogfrl1,ortholog_one2one
ENSG00000219607,PPP1R3G,ENSMUSG00000050423,Ppp1r3g,ortholog_one2one
ENSG00000097007,ABL1,ENSMUSG00000026842,Abl1,ortholog_one2one
ENSG00000180999,C1orf105,ENSMUSG00000086277,4930558K02Rik,ortholog_one2one
ENSG00000063180,CA11,ENSMUSG00000003273,Car11,ortholog_one2one
ENSG00000158516,CPA2,ENSMUSG00000071553,Cpa2,ortholog_one2one
ENSG00000075035,WSCD2,ENSMUSG00000063430,Wscd2,ortholog_one2one
ENSG00000198691,ABCA4,ENSMUSG00000028125,Abca4,ortholog_one2one
ENSG00000148296,SURF6,ENSMUSG00000036160,Surf6,ortholog_one2one
ENSG00000273703,H2BC14,ENSMUSG00000114456,H2bc9,ortholog_one2one
ENSG00000172673,THEMIS,ENSMUSG00000049109,Themis,ortholog_one2one
ENSG00000119946,CNNM1,ENSMUSG00000025189,Cnnm1,ortholog_one2one
ENSG00000100532,CGRRF1,ENSMUSG00000055128,Cgrrf1,ortholog_one2one
ENSG00000241484,ARHGAP8,ENSMUSG00000078954,Arhgap8,ortholog_one2one
ENSG00000129194,SOX15,ENSMUSG00000041287,Sox15,ortholog_one2one
ENSG00000128510,CPA4,ENSMUSG00000039070,Cpa4,ortholog_one2one
ENSG00000095397,WHRN,ENSMUSG00000039137,Whrn,ortholog_one2one
ENSG00000118680,MYL12B,ENSMUSG00000034868,Myl12b,ortholog_one2one
ENSG00000108947,EFNB3,ENSMUSG00000003934,Efnb3,ortholog_one2one
ENSG00000112333,NR2E1,ENSMUSG00000019803,Nr2e1,ortholog_one2one
ENSG00000110427,KIAA1549L,ENSMUSG00000068373,D430041D05Rik,ortholog_one2one
ENSG00000013523,ANGEL1,ENSMUSG00000021257,Angel1,ortholog_one2one
ENSG00000109084,TMEM97,ENSMUSG00000037278,Tmem97,ortholog_one2one
ENSG00000120549,KIAA1217,ENSMUSG00000036617,Etl4,ortholog_one2one
ENSG00000185591,SP1,ENSMUSG00000001280,Sp1,ortholog_one2one
ENSG00000101639,CEP192,ENSMUSG00000024542,Cep192,ortholog_one2one
ENSG00000105514,RAB3D,ENSMUSG00000019066,Rab3d,ortholog_one2one
ENSG00000185561,TLCD2,ENSMUSG00000038217,Tlcd2,ortholog_one2one
ENSG00000106484,MEST,ENSMUSG00000051855,Mest,ortholog_one2one
ENSG00000133983,COX16,ENSMUSG00000091803,Cox16,ortholog_one2one
ENSG00000132915,PDE6A,ENSMUSG00000024575,Pde6a,ortholog_one2one
ENSG00000105227,PRX,ENSMUSG00000053198,Prx,ortholog_one2one
ENSG00000117523,PRRC2C,ENSMUSG00000040225,Prrc2c,ortholog_one2one
ENSG00000204610,TRIM15,ENSMUSG00000050747,Trim15,ortholog_one2one
ENSG00000076067,RBMS2,ENSMUSG00000040043,Rbms2,ortholog_one2one
ENSG00000121104,FAM117A,ENSMUSG00000038893,Fam117a,ortholog_one2one
ENSG00000126787,DLGAP5,ENSMUSG00000037544,Dlgap5,ortholog_one2one
ENSG00000197446,CYP2F1,ENSMUSG00000052974,Cyp2f2,ortholog_one2one
ENSG00000119401,TRIM32,ENSMUSG00000051675,Trim32,ortholog_one2one
ENSG00000061455,PRDM6,ENSMUSG00000069378,Prdm6,ortholog_one2one
ENSG00000174498,IGDCC3,ENSMUSG00000032394,Igdcc3,ortholog_one2one
ENSG00000146477,SLC22A3,ENSMUSG00000023828,Slc22a3,ortholog_one2one
ENSG00000054148,PHPT1,ENSMUSG00000036504,Phpt1,ortholog_one2one
ENSG00000111911,HINT3,ENSMUSG00000019791,Hint3,ortholog_one2one
ENSG00000001084,GCLC,ENSMUSG00000032350,Gclc,ortholog_one2one
ENSG00000071539,TRIP13,ENSMUSG00000021569,Trip13,ortholog_one2one
ENSG00000115165,CYTIP,ENSMUSG00000026832,Cytip,ortholog_one2one
ENSG00000064195,DLX3,ENSMUSG00000001510,Dlx3,ortholog_one2one
ENSG00000244187,TMEM141,ENSMUSG00000026939,Tmem141,ortholog_one2one
ENSG00000240505,TNFRSF13B,ENSMUSG00000010142,Tnfrsf13b,ortholog_one2one
ENSG00000104613,INTS10,ENSMUSG00000031864,Ints10,ortholog_one2one
ENSG00000148411,NACC2,ENSMUSG00000026932,Nacc2,ortholog_one2one
ENSG00000158985,CDC42SE2,ENSMUSG00000052298,Cdc42se2,ortholog_one2one
ENSG00000177519,RPRM,ENSMUSG00000075334,Rprm,ortholog_one2one
ENSG00000044574,HSPA5,ENSMUSG00000026864,Hspa5,ortholog_one2one
ENSG00000179598,PLD6,ENSMUSG00000043648,Pld6,ortholog_one2one
ENSG00000170091,NSG2,ENSMUSG00000020297,Nsg2,ortholog_one2one
ENSG00000141026,MED9,ENSMUSG00000061650,Med9,ortholog_one2one
ENSG00000176894,PXMP2,ENSMUSG00000029499,Pxmp2,ortholog_one2one
ENSG00000068079,IFI35,ENSMUSG00000010358,Ifi35,ortholog_one2one
ENSG00000090061,CCNK,ENSMUSG00000021258,Ccnk,ortholog_one2one
ENSG00000165323,FAT3,ENSMUSG00000074505,Fat3,ortholog_one2one
ENSG00000164185,ZNF474,ENSMUSG00000046886,Zfp474,ortholog_one2one
ENSG00000139292,LGR5,ENSMUSG00000020140,Lgr5,ortholog_one2one
ENSG00000120278,PLEKHG1,ENSMUSG00000040624,Plekhg1,ortholog_one2one
ENSG00000182575,NXPH3,ENSMUSG00000046719,Nxph3,ortholog_one2one
ENSG00000167740,CYB5D2,ENSMUSG00000057778,Cyb5d2,ortholog_one2one
ENSG00000173930,SLCO4C1,ENSMUSG00000040693,Slco4c1,ortholog_one2one
ENSG00000124490,CRISP2,ENSMUSG00000023930,Crisp2,ortholog_one2one
ENSG00000104133,SPG11,ENSMUSG00000033396,Spg11,ortholog_one2one
ENSG00000132357,CARD6,ENSMUSG00000041849,Card6,ortholog_one2one
ENSG00000169992,NLGN2,ENSMUSG00000051790,Nlgn2,ortholog_one2one
ENSG00000070778,PTPN21,ENSMUSG00000021009,Ptpn21,ortholog_one2one
ENSG00000132840,BHMT2,ENSMUSG00000042118,Bhmt2,ortholog_one2one
ENSG00000104290,FZD3,ENSMUSG00000007989,Fzd3,ortholog_one2one
ENSG00000105767,CADM4,ENSMUSG00000054793,Cadm4,ortholog_one2one
ENSG00000198914,POU3F3,ENSMUSG00000045515,Pou3f3,ortholog_one2one
ENSG00000181323,SPEM1,ENSMUSG00000041165,Spem1,ortholog_one2one
ENSG00000182177,ASB18,ENSMUSG00000067081,Asb18,ortholog_one2one
ENSG00000182318,ZSCAN22,ENSMUSG00000054715,Zscan22,ortholog_one2one
ENSG00000170175,CHRNB1,ENSMUSG00000041189,Chrnb1,ortholog_one2one
ENSG00000099860,GADD45B,ENSMUSG00000015312,Gadd45b,ortholog_one2one
ENSG00000147684,NDUFB9,ENSMUSG00000022354,Ndufb9,ortholog_one2one
ENSG00000179933,C14orf119,ENSMUSG00000040822,1700123O20Rik,ortholog_one2one
ENSG00000171105,INSR,ENSMUSG00000005534,Insr,ortholog_one2one
ENSG00000133835,HSD17B4,ENSMUSG00000024507,Hsd17b4,ortholog_one2one
ENSG00000066629,EML1,ENSMUSG00000058070,Eml1,ortholog_one2one
ENSG00000124713,GNMT,ENSMUSG00000002769,Gnmt,ortholog_one2one
ENSG00000182224,CYB5D1,ENSMUSG00000044795,Cyb5d1,ortholog_one2one
ENSG00000130227,XPO7,ENSMUSG00000022100,Xpo7,ortholog_one2one
ENSG00000132518,GUCY2D,ENSMUSG00000020890,Gucy2e,ortholog_one2one
ENSG00000149534,MS4A2,ENSMUSG00000024680,Ms4a2,ortholog_one2one
ENSG00000051620,HEBP2,ENSMUSG00000019853,Hebp2,ortholog_one2one
ENSG00000179477,ALOX12B,ENSMUSG00000032807,Alox12b,ortholog_one2one
ENSG00000146374,RSPO3,ENSMUSG00000019880,Rspo3,ortholog_one2one
ENSG00000161798,AQP5,ENSMUSG00000044217,Aqp5,ortholog_one2one
ENSG00000249481,SPATS1,ENSMUSG00000023935,Spats1,ortholog_one2one
ENSG00000163462,TRIM46,ENSMUSG00000042766,Trim46,ortholog_one2one
ENSG00000128052,KDR,ENSMUSG00000062960,Kdr,ortholog_one2one
ENSG00000179111,HES7,ENSMUSG00000023781,Hes7,ortholog_one2one
ENSG00000148303,RPL7A,ENSMUSG00000062647,Rpl7a,ortholog_one2one
ENSG00000123360,PDE1B,ENSMUSG00000022489,Pde1b,ortholog_one2one
ENSG00000176182,MYPOP,ENSMUSG00000048481,Mypop,ortholog_one2one
ENSG00000088053,GP6,ENSMUSG00000078810,Gp6,ortholog_one2one
ENSG00000124787,RPP40,ENSMUSG00000021418,Rpp40,ortholog_one2one
ENSG00000185156,MFSD6L,ENSMUSG00000048329,Mfsd6l,ortholog_one2one
ENSG00000176402,GJC3,ENSMUSG00000056966,Gjc3,ortholog_one2one
ENSG00000174469,CNTNAP2,ENSMUSG00000039419,Cntnap2,ortholog_one2one
ENSG00000110104,CCDC86,ENSMUSG00000024732,Ccdc86,ortholog_one2one
ENSG00000149506,ZP1,ENSMUSG00000024734,Zp1,ortholog_one2one
ENSG00000164142,FHIP1A,ENSMUSG00000051000,Fhip1a,ortholog_one2one
ENSG00000142303,ADAMTS10,ENSMUSG00000024299,Adamts10,ortholog_one2one
ENSG00000155657,TTN,ENSMUSG00000051747,Ttn,ortholog_one2one
ENSG00000112294,ALDH5A1,ENSMUSG00000035936,Aldh5a1,ortholog_one2one
ENSG00000166118,SPATA19,ENSMUSG00000031991,Spata19,ortholog_one2one
ENSG00000165623,UCMA,ENSMUSG00000026668,Ucma,ortholog_one2one
ENSG00000109047,RCVRN,ENSMUSG00000020907,Rcvrn,ortholog_one2one
ENSG00000107175,CREB3,ENSMUSG00000028466,Creb3,ortholog_one2one
ENSG00000080854,IGSF9B,ENSMUSG00000034275,Igsf9b,ortholog_one2one
ENSG00000151651,ADAM8,ENSMUSG00000025473,Adam8,ortholog_one2one
ENSG00000006788,MYH13,ENSMUSG00000060180,Myh13,ortholog_one2one
ENSG00000154447,SH3RF1,ENSMUSG00000031642,Sh3rf1,ortholog_one2one
ENSG00000132341,RAN,ENSMUSG00000029430,Ran,ortholog_one2one
ENSG00000160345,PIERCE1,ENSMUSG00000026831,Pierce1,ortholog_one2one
ENSG00000177679,SRRM3,ENSMUSG00000039860,Srrm3,ortholog_one2one
ENSG00000164164,OTUD4,ENSMUSG00000036990,Otud4,ortholog_one2one
ENSG00000177951,BET1L,ENSMUSG00000025484,Bet1l,ortholog_one2one
ENSG00000133020,MYH8,ENSMUSG00000055775,Myh8,ortholog_one2one
ENSG00000136816,TOR1B,ENSMUSG00000026848,Tor1b,ortholog_one2one
ENSG00000004776,HSPB6,ENSMUSG00000036854,Hspb6,ortholog_one2one
ENSG00000170027,YWHAG,ENSMUSG00000051391,Ywhag,ortholog_one2one
ENSG00000088882,CPXM1,ENSMUSG00000027408,Cpxm1,ortholog_one2one
ENSG00000179271,GADD45GIP1,ENSMUSG00000033751,Gadd45gip1,ortholog_one2one
ENSG00000137133,HINT2,ENSMUSG00000028470,Hint2,ortholog_one2one
ENSG00000154065,ANKRD29,ENSMUSG00000057766,Ankrd29,ortholog_one2one
ENSG00000183765,CHEK2,ENSMUSG00000029521,Chek2,ortholog_one2one
ENSG00000171243,SOSTDC1,ENSMUSG00000036169,Sostdc1,ortholog_one2one
ENSG00000169925,BRD3,ENSMUSG00000026918,Brd3,ortholog_one2one
ENSG00000134909,ARHGAP32,ENSMUSG00000041444,Arhgap32,ortholog_one2one
ENSG00000082014,SMARCD3,ENSMUSG00000028949,Smarcd3,ortholog_one2one
ENSG00000188803,SHISA6,ENSMUSG00000053930,Shisa6,ortholog_one2one
ENSG00000070501,POLB,ENSMUSG00000031536,Polb,ortholog_one2one
ENSG00000124214,STAU1,ENSMUSG00000039536,Stau1,ortholog_one2one
ENSG00000134759,ELP2,ENSMUSG00000024271,Elp2,ortholog_one2one
ENSG00000146112,PPP1R18,ENSMUSG00000034595,Ppp1r18,ortholog_one2one
ENSG00000203780,FANK1,ENSMUSG00000053111,Fank1,ortholog_one2one
ENSG00000116014,KISS1R,ENSMUSG00000035773,Kiss1r,ortholog_one2one
ENSG00000124564,SLC17A3,ENSMUSG00000036083,Slc17a3,ortholog_one2one
ENSG00000011275,RNF216,ENSMUSG00000045078,Rnf216,ortholog_one2one
ENSG00000171840,NINJ2,ENSMUSG00000041377,Ninj2,ortholog_one2one
ENSG00000100644,HIF1A,ENSMUSG00000021109,Hif1a,ortholog_one2one
ENSG00000130244,FAM98C,ENSMUSG00000030590,Fam98c,ortholog_one2one
ENSG00000165264,NDUFB6,ENSMUSG00000071014,Ndufb6,ortholog_one2one
ENSG00000123096,SSPN,ENSMUSG00000030255,Sspn,ortholog_one2one
ENSG00000127399,LRRC61,ENSMUSG00000073096,Lrrc61,ortholog_one2one
ENSG00000070061,ELP1,ENSMUSG00000028431,Elp1,ortholog_one2one
ENSG00000106080,FKBP14,ENSMUSG00000038074,Fkbp14,ortholog_one2one
ENSG00000198855,FICD,ENSMUSG00000053334,Ficd,ortholog_one2one
ENSG00000095777,MYO3A,ENSMUSG00000025716,Myo3a,ortholog_one2one
ENSG00000043039,BARX2,ENSMUSG00000032033,Barx2,ortholog_one2one
ENSG00000176410,DNAJC30,ENSMUSG00000061118,Dnajc30,ortholog_one2one
ENSG00000165215,CLDN3,ENSMUSG00000070473,Cldn3,ortholog_one2one
ENSG00000123338,NCKAP1L,ENSMUSG00000022488,Nckap1l,ortholog_one2one
ENSG00000150961,SEC24D,ENSMUSG00000039234,Sec24d,ortholog_one2one
ENSG00000174165,ZDHHC24,ENSMUSG00000006463,Zdhhc24,ortholog_one2one
ENSG00000168876,ANKRD49,ENSMUSG00000031931,Ankrd49,ortholog_one2one
ENSG00000105122,RASAL3,ENSMUSG00000052142,Rasal3,ortholog_one2one
ENSG00000104312,RIPK2,ENSMUSG00000041135,Ripk2,ortholog_one2one
ENSG00000169220,RGS14,ENSMUSG00000052087,Rgs14,ortholog_one2one
ENSG00000198851,CD3E,ENSMUSG00000032093,Cd3e,ortholog_one2one
ENSG00000164620,RELL2,ENSMUSG00000044024,Rell2,ortholog_one2one
ENSG00000157240,FZD1,ENSMUSG00000044674,Fzd1,ortholog_one2one
ENSG00000251154,PTTG1IP2,ENSMUSG00000079666,Pttg1ip2,ortholog_one2one
ENSG00000129596,CDO1,ENSMUSG00000033022,Cdo1,ortholog_one2one
ENSG00000137699,TRIM29,ENSMUSG00000032013,Trim29,ortholog_one2one
ENSG00000104341,LAPTM4B,ENSMUSG00000022257,Laptm4b,ortholog_one2one
ENSG00000167779,IGFBP6,ENSMUSG00000023046,Igfbp6,ortholog_one2one
ENSG00000166278,C2,ENSMUSG00000024371,C2,ortholog_one2one
ENSG00000053108,FSTL4,ENSMUSG00000036264,Fstl4,ortholog_one2one
ENSG00000185344,ATP6V0A2,ENSMUSG00000038023,Atp6v0a2,ortholog_one2one
ENSG00000266297,MIR744,ENSMUSG00000076460,Mir744,ortholog_one2one
ENSG00000062370,ZNF112,ENSMUSG00000052675,Zfp112,ortholog_one2one
ENSG00000153976,HS3ST3A1,ENSMUSG00000047759,Hs3st3a1,ortholog_one2one
ENSG00000146676,PURB,ENSMUSG00000094483,Purb,ortholog_one2one
ENSG00000196865,NHLRC2,ENSMUSG00000025078,Nhlrc2,ortholog_one2one
ENSG00000127951,FGL2,ENSMUSG00000039899,Fgl2,ortholog_one2one
ENSG00000125430,HS3ST3B1,ENSMUSG00000070407,Hs3st3b1,ortholog_one2one
ENSG00000186567,CEACAM19,ENSMUSG00000049848,Ceacam19,ortholog_one2one
ENSG00000161544,CYGB,ENSMUSG00000020810,Cygb,ortholog_one2one
ENSG00000131187,F12,ENSMUSG00000021492,F12,ortholog_one2one
ENSG00000198791,CNOT7,ENSMUSG00000031601,Cnot7,ortholog_one2one
ENSG00000171311,EXOSC1,ENSMUSG00000034321,Exosc1,ortholog_one2one
ENSG00000165125,TRPV6,ENSMUSG00000029868,Trpv6,ortholog_one2one
ENSG00000151883,PARP8,ENSMUSG00000021725,Parp8,ortholog_one2one
ENSG00000105464,GRIN2D,ENSMUSG00000002771,Grin2d,ortholog_one2one
ENSG00000198056,PRIM1,ENSMUSG00000025395,Prim1,ortholog_one2one
ENSG00000105619,TFPT,ENSMUSG00000006335,Tfpt,ortholog_one2one
ENSG00000254535,PABPC4L,ENSMUSG00000090919,Pabpc4l,ortholog_one2one
ENSG00000089057,SLC23A2,ENSMUSG00000027340,Slc23a2,ortholog_one2one
ENSG00000174780,SRP72,ENSMUSG00000036323,Srp72,ortholog_one2one
ENSG00000127412,TRPV5,ENSMUSG00000036899,Trpv5,ortholog_one2one
ENSG00000118094,TREH,ENSMUSG00000032098,Treh,ortholog_one2one
ENSG00000161847,RAVER1,ENSMUSG00000010205,Raver1,ortholog_one2one
ENSG00000170807,LMOD2,ENSMUSG00000029683,Lmod2,ortholog_one2one
ENSG00000111728,ST8SIA1,ENSMUSG00000030283,St8sia1,ortholog_one2one
ENSG00000105738,SIPA1L3,ENSMUSG00000030583,Sipa1l3,ortholog_one2one
ENSG00000167325,RRM1,ENSMUSG00000030978,Rrm1,ortholog_one2one
ENSG00000182180,MRPS16,ENSMUSG00000049960,Mrps16,ortholog_one2one
ENSG00000125409,TEKT3,ENSMUSG00000042189,Tekt3,ortholog_one2one
ENSG00000146839,ZAN,ENSMUSG00000079173,Zan,ortholog_one2one
ENSG00000107443,CCNJ,ENSMUSG00000025010,Ccnj,ortholog_one2one
ENSG00000257108,NHLRC4,ENSMUSG00000090113,Nhlrc4,ortholog_one2one
ENSG00000180263,FGD6,ENSMUSG00000020021,Fgd6,ortholog_one2one
ENSG00000158301,GPRASP2,ENSMUSG00000072966,Gprasp2,ortholog_one2one
ENSG00000100504,PYGL,ENSMUSG00000021069,Pygl,ortholog_one2one
ENSG00000182601,HS3ST4,ENSMUSG00000078591,Hs3st4,ortholog_one2one
ENSG00000005339,CREBBP,ENSMUSG00000022521,Crebbp,ortholog_one2one
ENSG00000185298,CCDC137,ENSMUSG00000049957,Ccdc137,ortholog_one2one
ENSG00000071553,ATP6AP1,ENSMUSG00000019087,Atp6ap1,ortholog_one2one
ENSG00000148834,GSTO1,ENSMUSG00000025068,Gsto1,ortholog_one2one
ENSG00000186765,FSCN2,ENSMUSG00000025380,Fscn2,ortholog_one2one
ENSG00000104897,SF3A2,ENSMUSG00000020211,Sf3a2,ortholog_one2one
ENSG00000138735,PDE5A,ENSMUSG00000053965,Pde5a,ortholog_one2one
ENSG00000132471,WBP2,ENSMUSG00000034341,Wbp2,ortholog_one2one
ENSG00000166987,MBD6,ENSMUSG00000025409,Mbd6,ortholog_one2one
ENSG00000107949,BCCIP,ENSMUSG00000030983,Bccip,ortholog_one2one
ENSG00000198488,B3GNT6,ENSMUSG00000074004,B3gnt6,ortholog_one2one
ENSG00000180720,CHRM4,ENSMUSG00000040495,Chrm4,ortholog_one2one
ENSG00000118137,APOA1,ENSMUSG00000032083,Apoa1,ortholog_one2one
ENSG00000116329,OPRD1,ENSMUSG00000050511,Oprd1,ortholog_one2one
ENSG00000167535,CACNB3,ENSMUSG00000003352,Cacnb3,ortholog_one2one
ENSG00000128524,ATP6V1F,ENSMUSG00000004285,Atp6v1f,ortholog_one2one
ENSG00000147419,CCDC25,ENSMUSG00000022035,Ccdc25,ortholog_one2one
ENSG00000122254,HS3ST2,ENSMUSG00000046321,Hs3st2,ortholog_one2one
ENSG00000265763,ZNF488,ENSMUSG00000044519,Zfp488,ortholog_one2one
ENSG00000130254,SAFB2,ENSMUSG00000042625,Safb2,ortholog_one2one
ENSG00000130720,FIBCD1,ENSMUSG00000026841,Fibcd1,ortholog_one2one
ENSG00000161055,SCGB3A1,ENSMUSG00000064057,Scgb3a1,ortholog_one2one
ENSG00000203814,H2BC18,ENSMUSG00000105827,H2bc18,ortholog_one2one
ENSG00000170419,VSTM2A,ENSMUSG00000048834,Vstm2a,ortholog_one2one
ENSG00000169032,MAP2K1,ENSMUSG00000004936,Map2k1,ortholog_one2one
ENSG00000138182,KIF20B,ENSMUSG00000024795,Kif20b,ortholog_one2one
ENSG00000113361,CDH6,ENSMUSG00000039385,Cdh6,ortholog_one2one
ENSG00000203811,H3C14,ENSMUSG00000074403,H3c13,ortholog_one2one
ENSG00000142224,IL19,ENSMUSG00000016524,Il19,ortholog_one2one
ENSG00000149328,GLB1L2,ENSMUSG00000036395,Glb1l2,ortholog_one2one
ENSG00000147854,UHRF2,ENSMUSG00000024817,Uhrf2,ortholog_one2one
ENSG00000127804,METTL16,ENSMUSG00000010554,Mettl16,ortholog_one2one
ENSG00000158525,CPA5,ENSMUSG00000029788,Cpa5,ortholog_one2one
ENSG00000156968,MPV17L,ENSMUSG00000022679,Mpv17l,ortholog_one2one
ENSG00000179862,CITED4,ENSMUSG00000070803,Cited4,ortholog_one2one
ENSG00000152684,PELO,ENSMUSG00000042275,Pelo,ortholog_one2one
ENSG00000081277,PKP1,ENSMUSG00000026413,Pkp1,ortholog_one2one
ENSG00000138750,NUP54,ENSMUSG00000034826,Nup54,ortholog_one2one
ENSG00000152611,CAPSL,ENSMUSG00000039676,Capsl,ortholog_one2one
ENSG00000122299,ZC3H7A,ENSMUSG00000037965,Zc3h7a,ortholog_one2one
ENSG00000166959,MS4A8,ENSMUSG00000024730,Ms4a8a,ortholog_one2one
ENSG00000128191,DGCR8,ENSMUSG00000022718,Dgcr8,ortholog_one2one
ENSG00000136450,SRSF1,ENSMUSG00000018379,Srsf1,ortholog_one2one
ENSG00000082196,C1QTNF3,ENSMUSG00000058914,C1qtnf3,ortholog_one2one
ENSG00000105193,RPS16,ENSMUSG00000037563,Rps16,ortholog_one2one
ENSG00000121053,EPX,ENSMUSG00000052234,Epx,ortholog_one2one
ENSG00000214753,HNRNPUL2,ENSMUSG00000071659,Hnrnpul2,ortholog_one2one
ENSG00000172497,ACOT12,ENSMUSG00000021620,Acot12,ortholog_one2one
ENSG00000167716,WDR81,ENSMUSG00000045374,Wdr81,ortholog_one2one
ENSG00000198060,MARCHF5,ENSMUSG00000023307,Marchf5,ortholog_one2one
ENSG00000086159,AQP6,ENSMUSG00000043144,Aqp6,ortholog_one2one
ENSG00000243335,KCTD7,ENSMUSG00000034110,Kctd7,ortholog_one2one
ENSG00000107833,NPM3,ENSMUSG00000056209,Npm3,ortholog_one2one
ENSG00000197901,SLC22A6,ENSMUSG00000024650,Slc22a6,ortholog_one2one
ENSG00000087245,MMP2,ENSMUSG00000031740,Mmp2,ortholog_one2one
ENSG00000156735,BAG4,ENSMUSG00000037316,Bag4,ortholog_one2one
ENSG00000174307,PHLDA3,ENSMUSG00000041801,Phlda3,ortholog_one2one
ENSG00000139117,CPNE8,ENSMUSG00000052560,Cpne8,ortholog_one2one
ENSG00000024862,CCDC28A,ENSMUSG00000059554,Ccdc28a,ortholog_one2one
ENSG00000101190,TCFL5,ENSMUSG00000038932,Tcfl5,ortholog_one2one
ENSG00000170458,CD14,ENSMUSG00000051439,Cd14,ortholog_one2one
ENSG00000148291,SURF2,ENSMUSG00000014873,Surf2,ortholog_one2one
ENSG00000014164,ZC3H3,ENSMUSG00000075600,Zc3h3,ortholog_one2one
ENSG00000168016,TRANK1,ENSMUSG00000062296,Trank1,ortholog_one2one
ENSG00000146858,ZC3HAV1L,ENSMUSG00000047749,Zc3hav1l,ortholog_one2one
ENSG00000146063,TRIM41,ENSMUSG00000040365,Trim41,ortholog_one2one
ENSG00000184599,TAFA3,ENSMUSG00000055865,Tafa3,ortholog_one2one
ENSG00000070413,DGCR2,ENSMUSG00000003166,Dgcr2,ortholog_one2one
ENSG00000170471,RALGAPB,ENSMUSG00000027652,Ralgapb,ortholog_one2one
ENSG00000173581,CCDC106,ENSMUSG00000035228,Ccdc106,ortholog_one2one
ENSG00000140575,IQGAP1,ENSMUSG00000030536,Iqgap1,ortholog_one2one
ENSG00000173868,PHOSPHO1,ENSMUSG00000050860,Phospho1,ortholog_one2one
ENSG00000138175,ARL3,ENSMUSG00000025035,Arl3,ortholog_one2one
ENSG00000183807,FAM162B,ENSMUSG00000019909,Fam162b,ortholog_one2one
ENSG00000189056,RELN,ENSMUSG00000042453,Reln,ortholog_one2one
ENSG00000225921,NOL7,ENSMUSG00000063200,Nol7,ortholog_one2one
ENSG00000197780,TAF13,ENSMUSG00000048100,Taf13,ortholog_one2one
ENSG00000182896,TMEM95,ENSMUSG00000094845,Tmem95,ortholog_one2one
ENSG00000178567,EPM2AIP1,ENSMUSG00000046785,Epm2aip1,ortholog_one2one
ENSG00000172172,MRPL13,ENSMUSG00000022370,Mrpl13,ortholog_one2one
ENSG00000082515,MRPL22,ENSMUSG00000020514,Mrpl22,ortholog_one2one
ENSG00000168539,CHRM1,ENSMUSG00000032773,Chrm1,ortholog_one2one
ENSG00000179934,CCR8,ENSMUSG00000042262,Ccr8,ortholog_one2one
ENSG00000160606,TLCD1,ENSMUSG00000019437,Tlcd1,ortholog_one2one
ENSG00000169439,SDC2,ENSMUSG00000022261,Sdc2,ortholog_one2one
ENSG00000095319,NUP188,ENSMUSG00000052533,Nup188,ortholog_one2one
ENSG00000134539,KLRD1,ENSMUSG00000030165,Klrd1,ortholog_one2one
ENSG00000127603,MACF1,ENSMUSG00000028649,Macf1,ortholog_one2one
ENSG00000133812,SBF2,ENSMUSG00000038371,Sbf2,ortholog_one2one
ENSG00000172986,GXYLT2,ENSMUSG00000030074,Gxylt2,ortholog_one2one
ENSG00000164182,NDUFAF2,ENSMUSG00000068184,Ndufaf2,ortholog_one2one
ENSG00000100714,MTHFD1,ENSMUSG00000021048,Mthfd1,ortholog_one2one
ENSG00000145781,COMMD10,ENSMUSG00000042705,Commd10,ortholog_one2one
ENSG00000173175,ADCY5,ENSMUSG00000022840,Adcy5,ortholog_one2one
ENSG00000157869,RAB28,ENSMUSG00000029128,Rab28,ortholog_one2one
ENSG00000102970,CCL17,ENSMUSG00000031780,Ccl17,ortholog_one2one
ENSG00000105185,PDCD5,ENSMUSG00000030417,Pdcd5,ortholog_one2one
ENSG00000120137,PANK3,ENSMUSG00000018846,Pank3,ortholog_one2one
ENSG00000182687,GALR2,ENSMUSG00000020793,Galr2,ortholog_one2one
ENSG00000256812,CAPNS2,ENSMUSG00000078144,Capns2,ortholog_one2one
ENSG00000068489,PRR11,ENSMUSG00000020493,Prr11,ortholog_one2one
ENSG00000065328,MCM10,ENSMUSG00000026669,Mcm10,ortholog_one2one
ENSG00000082074,FYB1,ENSMUSG00000022148,Fyb1,ortholog_one2one
ENSG00000111713,GYS2,ENSMUSG00000030244,Gys2,ortholog_one2one
ENSG00000171724,VAT1L,ENSMUSG00000046844,Vat1l,ortholog_one2one
ENSG00000147654,EBAG9,ENSMUSG00000022339,Ebag9,ortholog_one2one
ENSG00000178573,MAF,ENSMUSG00000055435,Maf,ortholog_one2one
ENSG00000185924,RTN4RL1,ENSMUSG00000045287,Rtn4rl1,ortholog_one2one
ENSG00000108963,DPH1,ENSMUSG00000078789,Dph1,ortholog_one2one
ENSG00000213886,UBD,ENSMUSG00000035186,Ubd,ortholog_one2one
ENSG00000196684,HSH2D,ENSMUSG00000062007,Hsh2d,ortholog_one2one
ENSG00000137265,IRF4,ENSMUSG00000021356,Irf4,ortholog_one2one
ENSG00000038002,AGA,ENSMUSG00000031521,Aga,ortholog_one2one
ENSG00000176692,FOXC2,ENSMUSG00000046714,Foxc2,ortholog_one2one
ENSG00000205078,SYCE1L,ENSMUSG00000033409,Syce1l,ortholog_one2one
ENSG00000103111,MON1B,ENSMUSG00000078908,Mon1b,ortholog_one2one
ENSG00000075539,FRYL,ENSMUSG00000070733,Fryl,ortholog_one2one
ENSG00000105171,POP4,ENSMUSG00000030423,Pop4,ortholog_one2one
ENSG00000165682,CLEC1B,ENSMUSG00000030159,Clec1b,ortholog_one2one
ENSG00000128617,OPN1SW,ENSMUSG00000058831,Opn1sw,ortholog_one2one
ENSG00000262664,OVCA2,ENSMUSG00000038268,Ovca2,ortholog_one2one
ENSG00000179941,BBS10,ENSMUSG00000035759,Bbs10,ortholog_one2one
ENSG00000184939,ZFP90,ENSMUSG00000031907,Zfp90,ortholog_one2one
ENSG00000145708,CRHBP,ENSMUSG00000021680,Crhbp,ortholog_one2one
ENSG00000151490,PTPRO,ENSMUSG00000030223,Ptpro,ortholog_one2one
ENSG00000077264,PAK3,ENSMUSG00000031284,Pak3,ortholog_one2one
ENSG00000185899,TAS2R60,ENSMUSG00000056203,Tas2r135,ortholog_one2one
ENSG00000221855,TAS2R41,ENSMUSG00000048284,Tas2r126,ortholog_one2one
ENSG00000142534,RPS11,ENSMUSG00000003429,Rps11,ortholog_one2one
ENSG00000171316,CHD7,ENSMUSG00000041235,Chd7,ortholog_one2one
ENSG00000186834,HEXIM1,ENSMUSG00000048878,Hexim1,ortholog_one2one
ENSG00000141748,ARL5C,ENSMUSG00000038352,Arl5c,ortholog_one2one
ENSG00000106682,EIF4H,ENSMUSG00000040731,Eif4h,ortholog_one2one
ENSG00000137745,MMP13,ENSMUSG00000050578,Mmp13,ortholog_one2one
ENSG00000181222,POLR2A,ENSMUSG00000005198,Polr2a,ortholog_one2one
ENSG00000169126,ODAD2,ENSMUSG00000061802,Odad2,ortholog_one2one
ENSG00000167741,GGT6,ENSMUSG00000040471,Ggt6,ortholog_one2one
ENSG00000189143,CLDN4,ENSMUSG00000008843,Cldn13,ortholog_one2one
ENSG00000140948,ZCCHC14,ENSMUSG00000061410,Zcchc14,ortholog_one2one
ENSG00000258083,OR9A4,ENSMUSG00000045514,Or9a4,ortholog_one2one
ENSG00000160877,NACC1,ENSMUSG00000001910,Nacc1,ortholog_one2one
ENSG00000161905,ALOX15,ENSMUSG00000018924,Alox15,ortholog_one2one
ENSG00000146776,ATXN7L1,ENSMUSG00000020564,Atxn7l1,ortholog_one2one
ENSG00000129167,TPH1,ENSMUSG00000040046,Tph1,ortholog_one2one
ENSG00000038274,MAT2B,ENSMUSG00000042032,Mat2b,ortholog_one2one
ENSG00000168476,REEP4,ENSMUSG00000033589,Reep4,ortholog_one2one
ENSG00000130255,RPL36,ENSMUSG00000057863,Rpl36,ortholog_one2one
ENSG00000154118,JPH3,ENSMUSG00000025318,Jph3,ortholog_one2one
ENSG00000182853,VMO1,ENSMUSG00000020830,Vmo1,ortholog_one2one
ENSG00000134569,LRP4,ENSMUSG00000027253,Lrp4,ortholog_one2one
ENSG00000166143,PPP1R14D,ENSMUSG00000027317,Ppp1r14d,ortholog_one2one
ENSG00000182327,GLTPD2,ENSMUSG00000046811,Gltpd2,ortholog_one2one
ENSG00000108556,CHRNE,ENSMUSG00000014609,Chrne,ortholog_one2one
ENSG00000243789,JMJD7,ENSMUSG00000098789,Jmjd7,ortholog_one2one
ENSG00000158480,SPATA2,ENSMUSG00000047030,Spata2,ortholog_one2one
ENSG00000006210,CX3CL1,ENSMUSG00000031778,Cx3cl1,ortholog_one2one
ENSG00000108786,HSD17B1,ENSMUSG00000019301,Hsd17b1,ortholog_one2one
ENSG00000100490,CDKL1,ENSMUSG00000020990,Cdkl1,ortholog_one2one
ENSG00000101464,PIGU,ENSMUSG00000038383,Pigu,ortholog_one2one
ENSG00000140836,ZFHX3,ENSMUSG00000038872,Zfhx3,ortholog_one2one
ENSG00000167680,SEMA6B,ENSMUSG00000001227,Sema6b,ortholog_one2one
ENSG00000068120,COASY,ENSMUSG00000001755,Coasy,ortholog_one2one
ENSG00000164096,ARLN,ENSMUSG00000054091,Arln,ortholog_one2one
ENSG00000184277,TM2D3,ENSMUSG00000078681,Tm2d3,ortholog_one2one
ENSG00000063978,RNF4,ENSMUSG00000029110,Rnf4,ortholog_one2one
ENSG00000186468,RPS23,ENSMUSG00000049517,Rps23,ortholog_one2one
ENSG00000109846,CRYAB,ENSMUSG00000032060,Cryab,ortholog_one2one
ENSG00000140873,ADAMTS18,ENSMUSG00000053399,Adamts18,ortholog_one2one
ENSG00000213983,AP1G2,ENSMUSG00000040701,Ap1g2,ortholog_one2one
ENSG00000070193,FGF10,ENSMUSG00000021732,Fgf10,ortholog_one2one
ENSG00000131470,PSMC3IP,ENSMUSG00000019303,Psmc3ip,ortholog_one2one
ENSG00000172201,ID4,ENSMUSG00000021379,Id4,ortholog_one2one
ENSG00000175449,RFESD,ENSMUSG00000043190,Rfesd,ortholog_one2one
ENSG00000095787,WAC,ENSMUSG00000024283,Wac,ortholog_one2one
ENSG00000204673,AKT1S1,ENSMUSG00000011096,Akt1s1,ortholog_one2one
ENSG00000124568,SLC17A1,ENSMUSG00000021335,Slc17a1,ortholog_one2one
ENSG00000140319,SRP14,ENSMUSG00000009549,Srp14,ortholog_one2one
ENSG00000101310,SEC23B,ENSMUSG00000027429,Sec23b,ortholog_one2one
ENSG00000176928,GCNT4,ENSMUSG00000091387,Gcnt4,ortholog_one2one
ENSG00000147687,TATDN1,ENSMUSG00000050891,Tatdn1,ortholog_one2one
ENSG00000133800,LYVE1,ENSMUSG00000030787,Lyve1,ortholog_one2one
ENSG00000145808,ADAMTS19,ENSMUSG00000053441,Adamts19,ortholog_one2one
ENSG00000166426,CRABP1,ENSMUSG00000032291,Crabp1,ortholog_one2one
ENSG00000213937,CLDN9,ENSMUSG00000066720,Cldn9,ortholog_one2one
ENSG00000130182,ZSCAN10,ENSMUSG00000023902,Zscan10,ortholog_one2one
ENSG00000087842,PIR,ENSMUSG00000031379,Pir,ortholog_one2one
ENSG00000140451,PIF1,ENSMUSG00000041064,Pif1,ortholog_one2one
ENSG00000170448,NFXL1,ENSMUSG00000072889,Nfxl1,ortholog_one2one
ENSG00000180210,F2,ENSMUSG00000027249,F2,ortholog_one2one
ENSG00000167981,ZNF597,ENSMUSG00000039789,Zfp597,ortholog_one2one
ENSG00000089558,KCNH4,ENSMUSG00000035355,Kcnh4,ortholog_one2one
ENSG00000215131,C16orf90,ENSMUSG00000005983,1700037C18Rik,ortholog_one2one
ENSG00000161610,HCRT,ENSMUSG00000045471,Hcrt,ortholog_one2one
ENSG00000184544,DHRS7C,ENSMUSG00000033044,Dhrs7c,ortholog_one2one
ENSG00000164284,GRPEL2,ENSMUSG00000024580,Grpel2,ortholog_one2one
ENSG00000113719,ERGIC1,ENSMUSG00000001576,Ergic1,ortholog_one2one
ENSG00000175938,ORAI3,ENSMUSG00000043964,Orai3,ortholog_one2one
ENSG00000064545,TMEM161A,ENSMUSG00000002342,Tmem161a,ortholog_one2one
ENSG00000146250,PRSS35,ENSMUSG00000033491,Prss35,ortholog_one2one
ENSG00000167916,KRT24,ENSMUSG00000020913,Krt24,ortholog_one2one
ENSG00000100345,MYH9,ENSMUSG00000022443,Myh9,ortholog_one2one
ENSG00000232629,HLA-DQB2,ENSMUSG00000073421,H2-Ab1,ortholog_one2one
ENSG00000204897,KRT25,ENSMUSG00000035831,Krt25,ortholog_one2one
ENSG00000171446,KRT27,ENSMUSG00000017588,Krt27,ortholog_one2one
ENSG00000112697,TMEM30A,ENSMUSG00000032328,Tmem30a,ortholog_one2one
ENSG00000146678,IGFBP1,ENSMUSG00000020429,Igfbp1,ortholog_one2one
ENSG00000173908,KRT28,ENSMUSG00000055937,Krt28,ortholog_one2one
ENSG00000160447,PKN3,ENSMUSG00000026785,Pkn3,ortholog_one2one
ENSG00000068400,GRIPAP1,ENSMUSG00000031153,Gripap1,ortholog_one2one
ENSG00000186395,KRT10,ENSMUSG00000019761,Krt10,ortholog_one2one
ENSG00000103490,PYCARD,ENSMUSG00000030793,Pycard,ortholog_one2one
ENSG00000176018,LYSMD3,ENSMUSG00000035840,Lysmd3,ortholog_one2one
ENSG00000187242,KRT12,ENSMUSG00000020912,Krt12,ortholog_one2one
ENSG00000103310,ZP2,ENSMUSG00000030911,Zp2,ortholog_one2one
ENSG00000164610,RP9,ENSMUSG00000032239,Rp9,ortholog_one2one
ENSG00000108244,KRT23,ENSMUSG00000006777,Krt23,ortholog_one2one
ENSG00000205085,GARIN1A,ENSMUSG00000079652,Garin1a,ortholog_one2one
ENSG00000177556,ATOX1,ENSMUSG00000018585,Atox1,ortholog_one2one
ENSG00000187416,LHFPL3,ENSMUSG00000106379,Lhfpl3,ortholog_one2one
ENSG00000175311,ANKS4B,ENSMUSG00000030909,Anks4b,ortholog_one2one
ENSG00000145782,ATG12,ENSMUSG00000032905,Atg12,ortholog_one2one
ENSG00000135437,RDH5,ENSMUSG00000025350,Rdh5,ortholog_one2one
ENSG00000109133,TMEM33,ENSMUSG00000037720,Tmem33,ortholog_one2one
ENSG00000102891,MT4,ENSMUSG00000031757,Mt4,ortholog_one2one
ENSG00000157613,CREB3L1,ENSMUSG00000027230,Creb3l1,ortholog_one2one
ENSG00000133874,RNF122,ENSMUSG00000039328,Rnf122,ortholog_one2one
ENSG00000111011,RSRC2,ENSMUSG00000029422,Rsrc2,ortholog_one2one
ENSG00000007314,SCN4A,ENSMUSG00000001027,Scn4a,ortholog_one2one
ENSG00000137204,SLC22A7,ENSMUSG00000067144,Slc22a7,ortholog_one2one
ENSG00000184863,RBM33,ENSMUSG00000048271,Rbm33,ortholog_one2one
ENSG00000090932,DLL3,ENSMUSG00000003436,Dll3,ortholog_one2one
ENSG00000078295,ADCY2,ENSMUSG00000021536,Adcy2,ortholog_one2one
ENSG00000152234,ATP5F1A,ENSMUSG00000025428,Atp5f1a,ortholog_one2one
ENSG00000188322,SBK1,ENSMUSG00000042978,Sbk1,ortholog_one2one
ENSG00000275591,XKR5,ENSMUSG00000039814,Xkr5,ortholog_one2one
ENSG00000165699,TSC1,ENSMUSG00000026812,Tsc1,ortholog_one2one
ENSG00000185728,YTHDF3,ENSMUSG00000047213,Ythdf3,ortholog_one2one
ENSG00000063244,U2AF2,ENSMUSG00000030435,U2af2,ortholog_one2one
ENSG00000197272,IL27,ENSMUSG00000044701,Il27,ortholog_one2one
ENSG00000170788,DYDC1,ENSMUSG00000021790,Dydc1,ortholog_one2one
ENSG00000178607,ERN1,ENSMUSG00000020715,Ern1,ortholog_one2one
ENSG00000164690,SHH,ENSMUSG00000002633,Shh,ortholog_one2one
ENSG00000177455,CD19,ENSMUSG00000030724,Cd19,ortholog_one2one
ENSG00000183060,LYSMD4,ENSMUSG00000043831,Lysmd4,ortholog_one2one
ENSG00000038219,BOD1L1,ENSMUSG00000061755,Bod1l,ortholog_one2one
ENSG00000130675,MNX1,ENSMUSG00000001566,Mnx1,ortholog_one2one
ENSG00000152464,RPP38,ENSMUSG00000049950,Rpp38,ortholog_one2one
ENSG00000199753,SNORD104,ENSMUSG00000065126,Snord104,ortholog_one2one
ENSG00000161664,ASB16,ENSMUSG00000034768,Asb16,ortholog_one2one
ENSG00000106633,GCK,ENSMUSG00000041798,Gck,ortholog_one2one
ENSG00000150783,TEX12,ENSMUSG00000032065,Tex12,ortholog_one2one
ENSG00000138161,CUZD1,ENSMUSG00000040205,Cuzd1,ortholog_one2one
ENSG00000131931,THAP1,ENSMUSG00000037214,Thap1,ortholog_one2one
ENSG00000074410,CA12,ENSMUSG00000032373,Car12,ortholog_one2one
ENSG00000110245,APOC3,ENSMUSG00000032081,Apoc3,ortholog_one2one
ENSG00000183979,NPB,ENSMUSG00000044034,Npb,ortholog_one2one
ENSG00000184451,CCR10,ENSMUSG00000044052,Ccr10,ortholog_one2one
ENSG00000160973,FOXH1,ENSMUSG00000033837,Foxh1,ortholog_one2one
ENSG00000135426,TESPA1,ENSMUSG00000034833,Tespa1,ortholog_one2one
ENSG00000108797,CNTNAP1,ENSMUSG00000017167,Cntnap1,ortholog_one2one
ENSG00000176171,BNIP3,ENSMUSG00000078566,Bnip3,ortholog_one2one
ENSG00000146352,CLVS2,ENSMUSG00000019785,Clvs2,ortholog_one2one
ENSG00000169682,SPNS1,ENSMUSG00000030741,Spns1,ortholog_one2one
ENSG00000196305,IARS1,ENSMUSG00000037851,Iars1,ortholog_one2one
ENSG00000169740,ZNF32,ENSMUSG00000059689,Zfp637,ortholog_one2one
ENSG00000129455,KLK8,ENSMUSG00000064023,Klk8,ortholog_one2one
ENSG00000167695,TLCD3A,ENSMUSG00000069808,Tlcd3a,ortholog_one2one
ENSG00000138166,DUSP5,ENSMUSG00000034765,Dusp5,ortholog_one2one
ENSG00000109270,LAMTOR3,ENSMUSG00000091512,Lamtor3,ortholog_one2one
ENSG00000179409,GEMIN4,ENSMUSG00000049396,Gemin4,ortholog_one2one
ENSG00000184381,PLA2G6,ENSMUSG00000042632,Pla2g6,ortholog_one2one
ENSG00000250719,P3R3URF,ENSMUSG00000078593,P3r3urf,ortholog_one2one
ENSG00000107937,GTPBP4,ENSMUSG00000021149,Gtpbp4,ortholog_one2one
ENSG00000284844,TOMT,ENSMUSG00000078630,Tomt,ortholog_one2one
ENSG00000121690,DEPDC7,ENSMUSG00000027173,Depdc7,ortholog_one2one
ENSG00000109654,TRIM2,ENSMUSG00000027993,Trim2,ortholog_one2one
ENSG00000073598,FNDC8,ENSMUSG00000018844,Fndc8,ortholog_one2one
ENSG00000164631,ZNF12,ENSMUSG00000029587,Zfp12,ortholog_one2one
ENSG00000175387,SMAD2,ENSMUSG00000024563,Smad2,ortholog_one2one
ENSG00000118520,ARG1,ENSMUSG00000019987,Arg1,ortholog_one2one
ENSG00000137815,RTF1,ENSMUSG00000027304,Rtf1,ortholog_one2one
ENSG00000162413,KLHL21,ENSMUSG00000073700,Klhl21,ortholog_one2one
ENSG00000158104,HPD,ENSMUSG00000029445,Hpd,ortholog_one2one
ENSG00000141252,VPS53,ENSMUSG00000017288,Vps53,ortholog_one2one
ENSG00000255561,FDXACB1,ENSMUSG00000037845,Fdxacb1,ortholog_one2one
ENSG00000160472,TMEM190,ENSMUSG00000013091,Tmem190,ortholog_one2one
ENSG00000105991,HOXA1,ENSMUSG00000029844,Hoxa1,ortholog_one2one
ENSG00000127481,UBR4,ENSMUSG00000066036,Ubr4,ortholog_one2one
ENSG00000180357,ZNF609,ENSMUSG00000040524,Zfp609,ortholog_one2one
ENSG00000278129,ZNF8,ENSMUSG00000060397,Zfp128,ortholog_one2one
ENSG00000105996,HOXA2,ENSMUSG00000014704,Hoxa2,ortholog_one2one
ENSG00000106004,HOXA5,ENSMUSG00000038253,Hoxa5,ortholog_one2one
ENSG00000106006,HOXA6,ENSMUSG00000043219,Hoxa6,ortholog_one2one
ENSG00000122592,HOXA7,ENSMUSG00000038236,Hoxa7,ortholog_one2one
ENSG00000176490,DIRAS1,ENSMUSG00000043670,Diras1,ortholog_one2one
ENSG00000078399,HOXA9,ENSMUSG00000038227,Hoxa9,ortholog_one2one
ENSG00000140374,ETFA,ENSMUSG00000032314,Etfa,ortholog_one2one
ENSG00000185008,ROBO2,ENSMUSG00000052516,Robo2,ortholog_one2one
ENSG00000184232,OAF,ENSMUSG00000032014,Oaf,ortholog_one2one
ENSG00000005073,HOXA11,ENSMUSG00000038210,Hoxa11,ortholog_one2one
ENSG00000178982,EIF3K,ENSMUSG00000053565,Eif3k,ortholog_one2one
ENSG00000106031,HOXA13,ENSMUSG00000038203,Hoxa13,ortholog_one2one
ENSG00000106038,EVX1,ENSMUSG00000005503,Evx1,ortholog_one2one
ENSG00000077800,FKBP6,ENSMUSG00000040013,Fkbp6,ortholog_one2one
ENSG00000157111,TMEM171,ENSMUSG00000052485,Tmem171,ortholog_one2one
ENSG00000145247,OCIAD2,ENSMUSG00000029153,Ociad2,ortholog_one2one
ENSG00000102886,GDPD3,ENSMUSG00000030703,Gdpd3,ortholog_one2one
ENSG00000166016,ABTB2,ENSMUSG00000032724,Abtb2,ortholog_one2one
ENSG00000131013,PPIL4,ENSMUSG00000015757,Ppil4,ortholog_one2one
ENSG00000072786,STK10,ENSMUSG00000020272,Stk10,ortholog_one2one
ENSG00000118514,ALDH8A1,ENSMUSG00000037542,Aldh8a1,ortholog_one2one
ENSG00000110169,HPX,ENSMUSG00000030895,Hpx,ortholog_one2one
ENSG00000205268,PDE7A,ENSMUSG00000069094,Pde7a,ortholog_one2one
ENSG00000155719,OTOA,ENSMUSG00000034990,Otoa,ortholog_one2one
ENSG00000188763,FZD9,ENSMUSG00000049551,Fzd9,ortholog_one2one
ENSG00000122882,ECD,ENSMUSG00000021810,Ecd,ortholog_one2one
ENSG00000226979,LTA,ENSMUSG00000024402,Lta,ortholog_one2one
ENSG00000163440,PDCL2,ENSMUSG00000029235,Pdcl2,ortholog_one2one
ENSG00000145592,RPL37,ENSMUSG00000041841,Rpl37,ortholog_one2one
ENSG00000111875,ASF1A,ENSMUSG00000019857,Asf1a,ortholog_one2one
ENSG00000197894,ADH5,ENSMUSG00000028138,Adh5,ortholog_one2one
ENSG00000119698,PPP4R4,ENSMUSG00000021209,Ppp4r4,ortholog_one2one
ENSG00000112514,CUTA,ENSMUSG00000024194,Cuta,ortholog_one2one
ENSG00000169131,ZNF354A,ENSMUSG00000020364,Zfp354a,ortholog_one2one
ENSG00000211454,AKR7L,ENSMUSG00000028743,Akr7a5,ortholog_one2one
ENSG00000175691,ZNF77,ENSMUSG00000074862,BC025920,ortholog_one2one
ENSG00000128346,C22orf23,ENSMUSG00000033029,1700088E04Rik,ortholog_one2one
ENSG00000116731,PRDM2,ENSMUSG00000057637,Prdm2,ortholog_one2one
ENSG00000105131,EPHX3,ENSMUSG00000037577,Ephx3,ortholog_one2one
ENSG00000197451,HNRNPAB,ENSMUSG00000020358,Hnrnpab,ortholog_one2one
ENSG00000149596,JPH2,ENSMUSG00000017817,Jph2,ortholog_one2one
ENSG00000032219,ARID4A,ENSMUSG00000048118,Arid4a,ortholog_one2one
ENSG00000182095,TNRC18,ENSMUSG00000039477,Tnrc18,ortholog_one2one
ENSG00000185022,MAFF,ENSMUSG00000042622,Maff,ortholog_one2one
ENSG00000178279,TNP2,ENSMUSG00000043050,Tnp2,ortholog_one2one
ENSG00000168386,FILIP1L,ENSMUSG00000043336,Filip1l,ortholog_one2one
ENSG00000178257,PRM3,ENSMUSG00000050058,Prm3,ortholog_one2one
ENSG00000122304,PRM2,ENSMUSG00000038015,Prm2,ortholog_one2one
ENSG00000124222,STX16,ENSMUSG00000027522,Stx16,ortholog_one2one
ENSG00000172007,RAB33B,ENSMUSG00000027739,Rab33b,ortholog_one2one
ENSG00000167601,AXL,ENSMUSG00000002602,Axl,ortholog_one2one
ENSG00000148600,CDHR1,ENSMUSG00000021803,Cdhr1,ortholog_one2one
ENSG00000223496,EXOSC6,ENSMUSG00000109941,Exosc6,ortholog_one2one
ENSG00000154917,RAB6B,ENSMUSG00000032549,Rab6b,ortholog_one2one
ENSG00000157404,KIT,ENSMUSG00000005672,Kit,ortholog_one2one
ENSG00000198792,TMEM184B,ENSMUSG00000009035,Tmem184b,ortholog_one2one
ENSG00000034713,GABARAPL2,ENSMUSG00000031950,Gabarapl2,ortholog_one2one
ENSG00000146281,PM20D2,ENSMUSG00000054659,Pm20d2,ortholog_one2one
ENSG00000184661,CDCA2,ENSMUSG00000048922,Cdca2,ortholog_one2one
ENSG00000146282,RARS2,ENSMUSG00000028292,Rars2,ortholog_one2one
ENSG00000114349,GNAT1,ENSMUSG00000034837,Gnat1,ortholog_one2one
ENSG00000148942,SLC5A12,ENSMUSG00000041644,Slc5a12,ortholog_one2one
ENSG00000064652,SNX24,ENSMUSG00000024535,Snx24,ortholog_one2one
ENSG00000130656,HBZ,ENSMUSG00000055609,Hba-x,ortholog_one2one
ENSG00000148331,ASB6,ENSMUSG00000039483,Asb6,ortholog_one2one
ENSG00000167780,SOAT2,ENSMUSG00000023045,Soat2,ortholog_one2one
ENSG00000182810,DDX28,ENSMUSG00000045538,Ddx28,ortholog_one2one
ENSG00000164600,NEUROD6,ENSMUSG00000037984,Neurod6,ortholog_one2one
ENSG00000242616,GNG10,ENSMUSG00000038607,Gng10,ortholog_one2one
ENSG00000072736,NFATC3,ENSMUSG00000031902,Nfatc3,ortholog_one2one
ENSG00000109956,B3GAT1,ENSMUSG00000045994,B3gat1,ortholog_one2one
ENSG00000140006,WDR89,ENSMUSG00000045690,Wdr89,ortholog_one2one
ENSG00000165629,ATP5F1C,ENSMUSG00000025781,Atp5f1c,ortholog_one2one
ENSG00000204711,CFAP95,ENSMUSG00000033053,Cfap95,ortholog_one2one
ENSG00000157379,DHRS1,ENSMUSG00000002332,Dhrs1,ortholog_one2one
ENSG00000168228,ZCCHC4,ENSMUSG00000029179,Zcchc4,ortholog_one2one
ENSG00000009954,BAZ1B,ENSMUSG00000002748,Baz1b,ortholog_one2one
ENSG00000131732,ZCCHC9,ENSMUSG00000021621,Zcchc9,ortholog_one2one
ENSG00000204640,NMS,ENSMUSG00000067604,Nms,ortholog_one2one
ENSG00000241839,PLEKHO2,ENSMUSG00000050721,Plekho2,ortholog_one2one
ENSG00000186660,ZFP91,ENSMUSG00000024695,Zfp91,ortholog_one2one
ENSG00000100359,SGSM3,ENSMUSG00000042303,Sgsm3,ortholog_one2one
ENSG00000136720,HS6ST1,ENSMUSG00000045216,Hs6st1,ortholog_one2one
ENSG00000107223,EDF1,ENSMUSG00000015092,Edf1,ortholog_one2one
ENSG00000187605,TET3,ENSMUSG00000034832,Tet3,ortholog_one2one
ENSG00000101782,RIOK3,ENSMUSG00000024404,Riok3,ortholog_one2one
ENSG00000036828,CASR,ENSMUSG00000051980,Casr,ortholog_one2one
ENSG00000095970,TREM2,ENSMUSG00000023992,Trem2,ortholog_one2one
ENSG00000169918,OTUD7A,ENSMUSG00000033510,Otud7a,ortholog_one2one
ENSG00000011332,DPF1,ENSMUSG00000030584,Dpf1,ortholog_one2one
ENSG00000169020,ATP5ME,ENSMUSG00000050856,Atp5me,ortholog_one2one
ENSG00000135587,SMPD2,ENSMUSG00000019822,Smpd2,ortholog_one2one
ENSG00000166797,CIAO2A,ENSMUSG00000032381,Ciao2a,ortholog_one2one
ENSG00000101407,TTI1,ENSMUSG00000027650,Tti1,ortholog_one2one
ENSG00000130717,UCK1,ENSMUSG00000002550,Uck1,ortholog_one2one
ENSG00000100575,TIMM9,ENSMUSG00000021079,Timm9,ortholog_one2one
ENSG00000183801,OLFML1,ENSMUSG00000051041,Olfml1,ortholog_one2one
ENSG00000112337,SLC17A2,ENSMUSG00000036110,Slc17a2,ortholog_one2one
ENSG00000135973,GPR45,ENSMUSG00000041907,Gpr45,ortholog_one2one
ENSG00000164105,SAP30,ENSMUSG00000031609,Sap30,ortholog_one2one
ENSG00000178562,CD28,ENSMUSG00000026012,Cd28,ortholog_one2one
ENSG00000078140,UBE2K,ENSMUSG00000029203,Ube2k,ortholog_one2one
ENSG00000175455,CCDC14,ENSMUSG00000022833,Ccdc14,ortholog_one2one
ENSG00000166961,MS4A15,ENSMUSG00000067571,Ms4a15,ortholog_one2one
ENSG00000132563,REEP2,ENSMUSG00000038555,Reep2,ortholog_one2one
ENSG00000197122,SRC,ENSMUSG00000027646,Src,ortholog_one2one
ENSG00000139344,AMDHD1,ENSMUSG00000015890,Amdhd1,ortholog_one2one
ENSG00000084092,NOA1,ENSMUSG00000036285,Noa1,ortholog_one2one
ENSG00000104093,DMXL2,ENSMUSG00000041268,Dmxl2,ortholog_one2one
ENSG00000165478,HEPACAM,ENSMUSG00000046240,Hepacam,ortholog_one2one
ENSG00000166183,ASPG,ENSMUSG00000037686,Aspg,ortholog_one2one
ENSG00000135083,CCNJL,ENSMUSG00000044707,Ccnjl,ortholog_one2one
ENSG00000132259,CNGA4,ENSMUSG00000030897,Cnga4,ortholog_one2one
ENSG00000206538,VGLL3,ENSMUSG00000091243,Vgll3,ortholog_one2one
ENSG00000149577,SIDT2,ENSMUSG00000034908,Sidt2,ortholog_one2one
ENSG00000146038,DCDC2,ENSMUSG00000035910,Dcdc2a,ortholog_one2one
ENSG00000141425,RPRD1A,ENSMUSG00000040446,Rprd1a,ortholog_one2one
ENSG00000164651,SP8,ENSMUSG00000048562,Sp8,ortholog_one2one
ENSG00000121594,CD80,ENSMUSG00000075122,Cd80,ortholog_one2one
ENSG00000092421,SEMA6A,ENSMUSG00000019647,Sema6a,ortholog_one2one
ENSG00000128512,DOCK4,ENSMUSG00000035954,Dock4,ortholog_one2one
ENSG00000093217,XYLB,ENSMUSG00000035769,Xylb,ortholog_one2one
ENSG00000125875,TBC1D20,ENSMUSG00000027465,Tbc1d20,ortholog_one2one
ENSG00000150867,PIP4K2A,ENSMUSG00000026737,Pip4k2a,ortholog_one2one
ENSG00000081923,ATP8B1,ENSMUSG00000039529,Atp8b1,ortholog_one2one
ENSG00000205208,C4orf46,ENSMUSG00000027811,4930579G24Rik,ortholog_one2one
ENSG00000196526,AFAP1,ENSMUSG00000029094,Afap1,ortholog_one2one
ENSG00000151746,BICD1,ENSMUSG00000003452,Bicd1,ortholog_one2one
ENSG00000172167,MTBP,ENSMUSG00000022369,Mtbp,ortholog_one2one
ENSG00000095564,BTAF1,ENSMUSG00000040565,Btaf1,ortholog_one2one
ENSG00000172493,AFF1,ENSMUSG00000029313,Aff1,ortholog_one2one
ENSG00000112282,MED23,ENSMUSG00000019984,Med23,ortholog_one2one
ENSG00000110243,APOA5,ENSMUSG00000032079,Apoa5,ortholog_one2one
ENSG00000147570,DNAJC5B,ENSMUSG00000027606,Dnajc5b,ortholog_one2one
ENSG00000136868,SLC31A1,ENSMUSG00000066150,Slc31a1,ortholog_one2one
ENSG00000101216,GMEB2,ENSMUSG00000038705,Gmeb2,ortholog_one2one
ENSG00000177042,TMEM80,ENSMUSG00000025505,Tmem80,ortholog_one2one
ENSG00000164924,YWHAZ,ENSMUSG00000022285,Ywhaz,ortholog_one2one
ENSG00000119522,DENND1A,ENSMUSG00000035392,Dennd1a,ortholog_one2one
ENSG00000132275,RRP8,ENSMUSG00000030888,Rrp8,ortholog_one2one
ENSG00000088827,SIGLEC1,ENSMUSG00000027322,Siglec1,ortholog_one2one
ENSG00000125755,SYMPK,ENSMUSG00000023118,Sympk,ortholog_one2one
ENSG00000166323,C11orf65,ENSMUSG00000005131,4930550C14Rik,ortholog_one2one
ENSG00000109381,ELF2,ENSMUSG00000037174,Elf2,ortholog_one2one
ENSG00000170558,CDH2,ENSMUSG00000024304,Cdh2,ortholog_one2one
ENSG00000176371,ZSCAN2,ENSMUSG00000038797,Zscan2,ortholog_one2one
ENSG00000125826,RBCK1,ENSMUSG00000027466,Rbck1,ortholog_one2one
ENSG00000153006,SREK1IP1,ENSMUSG00000021716,Srek1ip1,ortholog_one2one
ENSG00000198408,OGA,ENSMUSG00000025220,Oga,ortholog_one2one
ENSG00000101843,PSMD10,ENSMUSG00000031429,Psmd10,ortholog_one2one
ENSG00000149021,SCGB1A1,ENSMUSG00000024653,Scgb1a1,ortholog_one2one
ENSG00000164366,CCDC127,ENSMUSG00000021578,Ccdc127,ortholog_one2one
ENSG00000014138,POLA2,ENSMUSG00000024833,Pola2,ortholog_one2one
ENSG00000145536,ADAMTS16,ENSMUSG00000049538,Adamts16,ortholog_one2one
ENSG00000188229,TUBB4B,ENSMUSG00000036752,Tubb4b,ortholog_one2one
ENSG00000163352,LENEP,ENSMUSG00000078173,Lenep,ortholog_one2one
ENSG00000010610,CD4,ENSMUSG00000023274,Cd4,ortholog_one2one
ENSG00000141337,ARSG,ENSMUSG00000020604,Arsg,ortholog_one2one
ENSG00000162704,ARPC5,ENSMUSG00000008475,Arpc5,ortholog_one2one
ENSG00000114771,AADAC,ENSMUSG00000027761,Aadac,ortholog_one2one
ENSG00000157483,MYO1E,ENSMUSG00000032220,Myo1e,ortholog_one2one
ENSG00000173627,APOBEC4,ENSMUSG00000055547,Apobec4,ortholog_one2one
ENSG00000204614,TRIM40,ENSMUSG00000073399,Trim40,ortholog_one2one
ENSG00000162641,AKNAD1,ENSMUSG00000049565,Aknad1,ortholog_one2one
ENSG00000164663,USP49,ENSMUSG00000090115,Usp49,ortholog_one2one
ENSG00000112486,CCR6,ENSMUSG00000040899,Ccr6,ortholog_one2one
ENSG00000213859,KCTD11,ENSMUSG00000046731,Kctd11,ortholog_one2one
ENSG00000175182,FAM131A,ENSMUSG00000050821,Fam131a,ortholog_one2one
ENSG00000156886,ITGAD,ENSMUSG00000070369,Itgad,ortholog_one2one
ENSG00000197226,TBC1D9B,ENSMUSG00000036644,Tbc1d9b,ortholog_one2one
ENSG00000176108,CHMP6,ENSMUSG00000025371,Chmp6,ortholog_one2one
ENSG00000080546,SESN1,ENSMUSG00000038332,Sesn1,ortholog_one2one
ENSG00000164163,ABCE1,ENSMUSG00000058355,Abce1,ortholog_one2one
ENSG00000175104,TRAF6,ENSMUSG00000027164,Traf6,ortholog_one2one
ENSG00000205899,BHLHA9,ENSMUSG00000044243,Bhlha9,ortholog_one2one
ENSG00000184588,PDE4B,ENSMUSG00000028525,Pde4b,ortholog_one2one
ENSG00000184811,TRARG1,ENSMUSG00000046275,Trarg1,ortholog_one2one
ENSG00000036672,USP2,ENSMUSG00000032010,Usp2,ortholog_one2one
ENSG00000121060,TRIM25,ENSMUSG00000000275,Trim25,ortholog_one2one
ENSG00000114200,BCHE,ENSMUSG00000027792,Bche,ortholog_one2one
ENSG00000120805,ARL1,ENSMUSG00000060904,Arl1,ortholog_one2one
ENSG00000112299,VNN1,ENSMUSG00000037440,Vnn1,ortholog_one2one
ENSG00000197958,RPL12,ENSMUSG00000038900,Rpl12,ortholog_one2one
ENSG00000141579,ZNF750,ENSMUSG00000039238,Zfp750,ortholog_one2one
ENSG00000172939,OXSR1,ENSMUSG00000036737,Oxsr1,ortholog_one2one
ENSG00000184986,TMEM121,ENSMUSG00000049036,Tmem121,ortholog_one2one
ENSG00000134758,RNF138,ENSMUSG00000024317,Rnf138,ortholog_one2one
ENSG00000176845,METRNL,ENSMUSG00000039208,Metrnl,ortholog_one2one
ENSG00000155465,SLC7A7,ENSMUSG00000000958,Slc7a7,ortholog_one2one
ENSG00000139178,C1RL,ENSMUSG00000038527,C1rl,ortholog_one2one
ENSG00000110442,COMMD9,ENSMUSG00000027163,Commd9,ortholog_one2one
ENSG00000183826,BTBD9,ENSMUSG00000062202,Btbd9,ortholog_one2one
ENSG00000146555,SDK1,ENSMUSG00000039683,Sdk1,ortholog_one2one
ENSG00000104738,MCM4,ENSMUSG00000022673,Mcm4,ortholog_one2one
ENSG00000175213,ZNF408,ENSMUSG00000075040,Zfp408,ortholog_one2one
ENSG00000132872,SYT4,ENSMUSG00000024261,Syt4,ortholog_one2one
ENSG00000149218,ENDOD1,ENSMUSG00000037419,Endod1,ortholog_one2one
ENSG00000166311,SMPD1,ENSMUSG00000037049,Smpd1,ortholog_one2one
ENSG00000116455,WDR77,ENSMUSG00000000561,Wdr77,ortholog_one2one
ENSG00000112394,SLC16A10,ENSMUSG00000019838,Slc16a10,ortholog_one2one
ENSG00000141447,OSBPL1A,ENSMUSG00000044252,Osbpl1a,ortholog_one2one
ENSG00000135423,GLS2,ENSMUSG00000044005,Gls2,ortholog_one2one
ENSG00000118507,AKAP7,ENSMUSG00000039166,Akap7,ortholog_one2one
ENSG00000011028,MRC2,ENSMUSG00000020695,Mrc2,ortholog_one2one
ENSG00000100330,MTMR3,ENSMUSG00000034354,Mtmr3,ortholog_one2one
ENSG00000106003,LFNG,ENSMUSG00000029570,Lfng,ortholog_one2one
ENSG00000282608,ADORA3,ENSMUSG00000000562,Adora3,ortholog_one2one
ENSG00000131378,RFTN1,ENSMUSG00000039316,Rftn1,ortholog_one2one
ENSG00000204060,FOXO6,ENSMUSG00000052135,Foxo6,ortholog_one2one
ENSG00000151365,THRSP,ENSMUSG00000035686,Thrsp,ortholog_one2one
ENSG00000153936,HS2ST1,ENSMUSG00000040151,Hs2st1,ortholog_one2one
ENSG00000117971,CHRNB4,ENSMUSG00000035200,Chrnb4,ortholog_one2one
ENSG00000010404,IDS,ENSMUSG00000035847,Ids,ortholog_one2one
ENSG00000204472,AIF1,ENSMUSG00000024397,Aif1,ortholog_one2one
ENSG00000164744,SUN3,ENSMUSG00000040985,Sun3,ortholog_one2one
ENSG00000174903,RAB1B,ENSMUSG00000024870,Rab1b,ortholog_one2one
ENSG00000165684,SNAPC4,ENSMUSG00000036281,Snapc4,ortholog_one2one
ENSG00000004939,SLC4A1,ENSMUSG00000006574,Slc4a1,ortholog_one2one
ENSG00000167196,FBXO22,ENSMUSG00000032309,Fbxo22,ortholog_one2one
ENSG00000162040,HS3ST6,ENSMUSG00000039628,Hs3st6,ortholog_one2one
ENSG00000181218,H2AC25,ENSMUSG00000078851,H2ac25,ortholog_one2one
ENSG00000196890,H2BC26,ENSMUSG00000080712,H2bc26,ortholog_one2one
ENSG00000164338,UTP15,ENSMUSG00000041747,Utp15,ortholog_one2one
ENSG00000153060,TEKT5,ENSMUSG00000039179,Tekt5,ortholog_one2one
ENSG00000107554,DNMBP,ENSMUSG00000025195,Dnmbp,ortholog_one2one
ENSG00000137968,SLC44A5,ENSMUSG00000028360,Slc44a5,ortholog_one2one
ENSG00000086102,NFX1,ENSMUSG00000028423,Nfx1,ortholog_one2one
ENSG00000124813,RUNX2,ENSMUSG00000039153,Runx2,ortholog_one2one
ENSG00000196914,ARHGEF12,ENSMUSG00000059495,Arhgef12,ortholog_one2one
ENSG00000182108,DEXI,ENSMUSG00000038055,Dexi,ortholog_one2one
ENSG00000083896,YTHDC1,ENSMUSG00000035851,Ythdc1,ortholog_one2one
ENSG00000196683,TOMM7,ENSMUSG00000028998,Tomm7,ortholog_one2one
ENSG00000103356,EARS2,ENSMUSG00000030871,Ears2,ortholog_one2one
ENSG00000253293,HOXA10,ENSMUSG00000000938,Hoxa10,ortholog_one2one
ENSG00000074621,SLC24A1,ENSMUSG00000034452,Slc24a1,ortholog_one2one
ENSG00000159450,TCHH,ENSMUSG00000052415,Tchh,ortholog_one2one
ENSG00000036530,CYP46A1,ENSMUSG00000021259,Cyp46a1,ortholog_one2one
ENSG00000095587,TLL2,ENSMUSG00000025013,Tll2,ortholog_one2one
ENSG00000283324,CTXND2,ENSMUSG00000105734,Ctxnd2,ortholog_one2one
ENSG00000086619,ERO1B,ENSMUSG00000057069,Ero1b,ortholog_one2one
ENSG00000162068,NTN3,ENSMUSG00000117406,Ntn3,ortholog_one2one
ENSG00000114744,COMMD2,ENSMUSG00000036513,Commd2,ortholog_one2one
ENSG00000026559,KCNG1,ENSMUSG00000074575,Kcng1,ortholog_one2one
ENSG00000182040,USH1G,ENSMUSG00000045288,Ush1g,ortholog_one2one
ENSG00000146233,CYP39A1,ENSMUSG00000023963,Cyp39a1,ortholog_one2one
ENSG00000150281,CTF1,ENSMUSG00000042340,Ctf1,ortholog_one2one
ENSG00000155714,PDZD9,ENSMUSG00000030887,Pdzd9,ortholog_one2one
ENSG00000141255,SPATA22,ENSMUSG00000112920,Spata22,ortholog_one2one
ENSG00000140807,NKD1,ENSMUSG00000031661,Nkd1,ortholog_one2one
ENSG00000203786,KPRP,ENSMUSG00000059832,Kprp,ortholog_one2one
ENSG00000135824,RGS8,ENSMUSG00000042671,Rgs8,ortholog_one2one
ENSG00000172175,MALT1,ENSMUSG00000032688,Malt1,ortholog_one2one
ENSG00000186265,BTLA,ENSMUSG00000052013,Btla,ortholog_one2one
ENSG00000180815,MAP3K15,ENSMUSG00000031303,Map3k15,ortholog_one2one
ENSG00000174227,PIGG,ENSMUSG00000029263,Pigg,ortholog_one2one
ENSG00000118017,A4GNT,ENSMUSG00000037953,A4gnt,ortholog_one2one
ENSG00000145088,EAF2,ENSMUSG00000022838,Eaf2,ortholog_one2one
ENSG00000164615,CAMLG,ENSMUSG00000021501,Caml,ortholog_one2one
ENSG00000124226,RNF114,ENSMUSG00000006418,Rnf114,ortholog_one2one
ENSG00000179097,HTR1F,ENSMUSG00000050783,Htr1f,ortholog_one2one
ENSG00000143126,CELSR2,ENSMUSG00000068740,Celsr2,ortholog_one2one
ENSG00000174640,SLCO2A1,ENSMUSG00000032548,Slco2a1,ortholog_one2one
ENSG00000100813,ACIN1,ENSMUSG00000022185,Acin1,ortholog_one2one
ENSG00000102931,ARL2BP,ENSMUSG00000031776,Arl2bp,ortholog_one2one
ENSG00000113522,RAD50,ENSMUSG00000020380,Rad50,ortholog_one2one
ENSG00000107882,SUFU,ENSMUSG00000025231,Sufu,ortholog_one2one
ENSG00000125149,PHAF1,ENSMUSG00000031889,Phaf1,ortholog_one2one
ENSG00000131725,WDR44,ENSMUSG00000036769,Wdr44,ortholog_one2one
ENSG00000219200,RNASEK,ENSMUSG00000093989,Rnasek,ortholog_one2one
ENSG00000198901,PRC1,ENSMUSG00000038943,Prc1,ortholog_one2one
ENSG00000215906,LACTBL1,ENSMUSG00000070683,Lactbl1,ortholog_one2one
ENSG00000101400,SNTA1,ENSMUSG00000027488,Snta1,ortholog_one2one
ENSG00000165283,STOML2,ENSMUSG00000028455,Stoml2,ortholog_one2one
ENSG00000174327,SLC16A13,ENSMUSG00000044367,Slc16a13,ortholog_one2one
ENSG00000040633,PHF23,ENSMUSG00000018572,Phf23,ortholog_one2one
ENSG00000161911,TREML1,ENSMUSG00000023993,Treml1,ortholog_one2one
ENSG00000164532,TBX20,ENSMUSG00000031965,Tbx20,ortholog_one2one
ENSG00000181652,ATG9B,ENSMUSG00000038295,Atg9b,ortholog_one2one
ENSG00000146232,NFKBIE,ENSMUSG00000023947,Nfkbie,ortholog_one2one
ENSG00000080845,DLGAP4,ENSMUSG00000061689,Dlgap4,ortholog_one2one
ENSG00000111816,FRK,ENSMUSG00000019779,Frk,ortholog_one2one
ENSG00000164900,GBX1,ENSMUSG00000067724,Gbx1,ortholog_one2one
ENSG00000248767,FOXL3,ENSMUSG00000094504,Foxl3,ortholog_one2one
ENSG00000168701,TMEM208,ENSMUSG00000014856,Tmem208,ortholog_one2one
ENSG00000154438,ASZ1,ENSMUSG00000010796,Asz1,ortholog_one2one
ENSG00000129646,QRICH2,ENSMUSG00000070331,Qrich2,ortholog_one2one
ENSG00000112293,GPLD1,ENSMUSG00000021340,Gpld1,ortholog_one2one
ENSG00000171786,NHLH1,ENSMUSG00000051251,Nhlh1,ortholog_one2one
ENSG00000188368,PRR19,ENSMUSG00000058741,Prr19,ortholog_one2one
ENSG00000132164,SLC6A11,ENSMUSG00000030307,Slc6a11,ortholog_one2one
ENSG00000138336,TET1,ENSMUSG00000047146,Tet1,ortholog_one2one
ENSG00000187840,EIF4EBP1,ENSMUSG00000031490,Eif4ebp1,ortholog_one2one
ENSG00000168676,KCTD19,ENSMUSG00000051648,Kctd19,ortholog_one2one
ENSG00000136982,DSCC1,ENSMUSG00000022422,Dscc1,ortholog_one2one
ENSG00000270806,C17orf50,ENSMUSG00000035085,1700020L24Rik,ortholog_one2one
ENSG00000168792,ABHD15,ENSMUSG00000000686,Abhd15,ortholog_one2one
ENSG00000079462,PAFAH1B3,ENSMUSG00000005447,Pafah1b3,ortholog_one2one
ENSG00000122859,NEUROG3,ENSMUSG00000044312,Neurog3,ortholog_one2one
ENSG00000151657,KIN,ENSMUSG00000037262,Kin,ortholog_one2one
ENSG00000031081,ARHGAP31,ENSMUSG00000022799,Arhgap31,ortholog_one2one
ENSG00000186409,CCDC30,ENSMUSG00000028637,Ccdc30,ortholog_one2one
ENSG00000077063,CTTNBP2,ENSMUSG00000000416,Cttnbp2,ortholog_one2one
ENSG00000183475,ASB7,ENSMUSG00000030509,Asb7,ortholog_one2one
ENSG00000109670,FBXW7,ENSMUSG00000028086,Fbxw7,ortholog_one2one
ENSG00000159708,LRRC36,ENSMUSG00000054320,Lrrc36,ortholog_one2one
ENSG00000099624,ATP5F1D,ENSMUSG00000003072,Atp5f1d,ortholog_one2one
ENSG00000153283,CD96,ENSMUSG00000022657,Cd96,ortholog_one2one
ENSG00000197457,STMN3,ENSMUSG00000027581,Stmn3,ortholog_one2one
ENSG00000176641,RNF152,ENSMUSG00000047496,Rnf152,ortholog_one2one
ENSG00000166831,RBPMS2,ENSMUSG00000032387,Rbpms2,ortholog_one2one
ENSG00000125845,BMP2,ENSMUSG00000027358,Bmp2,ortholog_one2one
ENSG00000148843,PDCD11,ENSMUSG00000025047,Pdcd11,ortholog_one2one
ENSG00000088854,DNAAF9,ENSMUSG00000027309,Dnaaf9,ortholog_one2one
ENSG00000166682,TMPRSS5,ENSMUSG00000032268,Tmprss5,ortholog_one2one
ENSG00000145832,SLC25A48,ENSMUSG00000021509,Slc25a48,ortholog_one2one
ENSG00000104381,GDAP1,ENSMUSG00000025777,Gdap1,ortholog_one2one
ENSG00000142273,CBLC,ENSMUSG00000040525,Cblc,ortholog_one2one
ENSG00000140284,SLC27A2,ENSMUSG00000027359,Slc27a2,ortholog_one2one
ENSG00000033100,CHPF2,ENSMUSG00000038181,Chpf2,ortholog_one2one
ENSG00000131828,PDHA1,ENSMUSG00000031299,Pdha1,ortholog_one2one
ENSG00000139131,YARS2,ENSMUSG00000022792,Yars2,ortholog_one2one
ENSG00000157653,C9orf43,ENSMUSG00000058046,4933430I17Rik,ortholog_one2one
ENSG00000213380,COG8,ENSMUSG00000031916,Cog8,ortholog_one2one
ENSG00000135248,GARIN1B,ENSMUSG00000039742,Garin1b,ortholog_one2one
ENSG00000022567,SLC45A4,ENSMUSG00000079020,Slc45a4,ortholog_one2one
ENSG00000013288,MAN2B2,ENSMUSG00000029119,Man2b2,ortholog_one2one
ENSG00000258429,PDF,ENSMUSG00000078931,Pdf,ortholog_one2one
ENSG00000112877,CEP72,ENSMUSG00000021572,Cep72,ortholog_one2one
ENSG00000009765,IYD,ENSMUSG00000019762,Iyd,ortholog_one2one
ENSG00000179520,SLC17A8,ENSMUSG00000019935,Slc17a8,ortholog_one2one
ENSG00000179918,SEPHS2,ENSMUSG00000049091,Sephs2,ortholog_one2one
ENSG00000169957,ZNF768,ENSMUSG00000047371,Zfp768,ortholog_one2one
ENSG00000163818,LZTFL1,ENSMUSG00000025245,Lztfl1,ortholog_one2one
ENSG00000148229,POLE3,ENSMUSG00000028394,Pole3,ortholog_one2one
ENSG00000162510,MATN1,ENSMUSG00000040533,Matn1,ortholog_one2one
ENSG00000196935,SRGAP1,ENSMUSG00000020121,Srgap1,ortholog_one2one
ENSG00000113368,LMNB1,ENSMUSG00000024590,Lmnb1,ortholog_one2one
ENSG00000157456,CCNB2,ENSMUSG00000032218,Ccnb2,ortholog_one2one
ENSG00000156860,FBRS,ENSMUSG00000042423,Fbrs,ortholog_one2one
ENSG00000116560,SFPQ,ENSMUSG00000028820,Sfpq,ortholog_one2one
ENSG00000123975,CKS2,ENSMUSG00000062248,Cks2,ortholog_one2one
ENSG00000077348,EXOSC5,ENSMUSG00000061286,Exosc5,ortholog_one2one
ENSG00000137574,TGS1,ENSMUSG00000028233,Tgs1,ortholog_one2one
ENSG00000204252,HLA-DOA,ENSMUSG00000024334,H2-Oa,ortholog_one2one
ENSG00000148154,UGCG,ENSMUSG00000028381,Ugcg,ortholog_one2one
ENSG00000105640,RPL18A,ENSMUSG00000045128,Rpl18a,ortholog_one2one
ENSG00000135253,KCP,ENSMUSG00000059022,Kcp,ortholog_one2one
ENSG00000204713,TRIM27,ENSMUSG00000021326,Trim27,ortholog_one2one
ENSG00000179958,DCTPP1,ENSMUSG00000042462,Dctpp1,ortholog_one2one
ENSG00000125818,PSMF1,ENSMUSG00000032869,Psmf1,ortholog_one2one
ENSG00000128266,GNAZ,ENSMUSG00000040009,Gnaz,ortholog_one2one
ENSG00000072501,SMC1A,ENSMUSG00000041133,Smc1a,ortholog_one2one
ENSG00000166152,C16orf78,ENSMUSG00000069971,4933402J07Rik,ortholog_one2one
ENSG00000148341,SH3GLB2,ENSMUSG00000026860,Sh3glb2,ortholog_one2one
ENSG00000100290,BIK,ENSMUSG00000016758,Bik,ortholog_one2one
ENSG00000111052,LIN7A,ENSMUSG00000019906,Lin7a,ortholog_one2one
ENSG00000153140,CETN3,ENSMUSG00000021537,Cetn3,ortholog_one2one
ENSG00000186652,PRG2,ENSMUSG00000027073,Prg2,ortholog_one2one
ENSG00000137547,MRPL15,ENSMUSG00000033845,Mrpl15,ortholog_one2one
ENSG00000146857,STRA8,ENSMUSG00000029848,Stra8,ortholog_one2one
ENSG00000102935,ZNF423,ENSMUSG00000045333,Zfp423,ortholog_one2one
ENSG00000125962,ARMCX5,ENSMUSG00000072969,Armcx5,ortholog_one2one
ENSG00000275572,GRIFIN,ENSMUSG00000036586,Grifin,ortholog_one2one
ENSG00000163947,ARHGEF3,ENSMUSG00000021895,Arhgef3,ortholog_one2one
ENSG00000205307,SAP25,ENSMUSG00000079165,Sap25,ortholog_one2one
ENSG00000158423,RIBC1,ENSMUSG00000025257,Ribc1,ortholog_one2one
ENSG00000240065,PSMB9,ENSMUSG00000096727,Psmb9,ortholog_one2one
ENSG00000111331,OAS3,ENSMUSG00000032661,Oas3,ortholog_one2one
ENSG00000131737,KRT34,ENSMUSG00000043485,Krt34,ortholog_one2one
ENSG00000283267,FAM237B,ENSMUSG00000073234,Fam237b,ortholog_one2one
ENSG00000131051,RBM39,ENSMUSG00000027620,Rbm39,ortholog_one2one
ENSG00000100242,SUN2,ENSMUSG00000042524,Sun2,ortholog_one2one
ENSG00000043514,TRIT1,ENSMUSG00000028653,Trit1,ortholog_one2one
ENSG00000161243,FBXO27,ENSMUSG00000037463,Fbxo27,ortholog_one2one
ENSG00000215045,GRID2IP,ENSMUSG00000010825,Grid2ip,ortholog_one2one
ENSG00000121281,ADCY7,ENSMUSG00000031659,Adcy7,ortholog_one2one
ENSG00000066777,ARFGEF1,ENSMUSG00000067851,Arfgef1,ortholog_one2one
ENSG00000156639,ZFAND3,ENSMUSG00000044477,Zfand3,ortholog_one2one
ENSG00000176619,LMNB2,ENSMUSG00000062075,Lmnb2,ortholog_one2one
ENSG00000153982,GDPD1,ENSMUSG00000061666,Gdpd1,ortholog_one2one
ENSG00000172922,RNASEH2C,ENSMUSG00000024925,Rnaseh2c,ortholog_one2one
ENSG00000137601,NEK1,ENSMUSG00000031644,Nek1,ortholog_one2one
ENSG00000137876,RSL24D1,ENSMUSG00000032215,Rsl24d1,ortholog_one2one
ENSG00000101811,CSTF2,ENSMUSG00000031256,Cstf2,ortholog_one2one
ENSG00000164619,BMPER,ENSMUSG00000031963,Bmper,ortholog_one2one
ENSG00000175155,YPEL2,ENSMUSG00000018427,Ypel2,ortholog_one2one
ENSG00000110693,SOX6,ENSMUSG00000051910,Sox6,ortholog_one2one
ENSG00000172594,SMPDL3A,ENSMUSG00000019872,Smpdl3a,ortholog_one2one
ENSG00000109805,NCAPG,ENSMUSG00000015880,Ncapg,ortholog_one2one
ENSG00000161955,TNFSF13,ENSMUSG00000089669,Tnfsf13,ortholog_one2one
ENSG00000084112,SSH1,ENSMUSG00000042121,Ssh1,ortholog_one2one
ENSG00000168813,ZNF507,ENSMUSG00000044452,Zfp507,ortholog_one2one
ENSG00000165959,CLMN,ENSMUSG00000021097,Clmn,ortholog_one2one
ENSG00000179151,EDC3,ENSMUSG00000038957,Edc3,ortholog_one2one
ENSG00000121274,TENT4B,ENSMUSG00000036779,Tent4b,ortholog_one2one
ENSG00000105245,NUMBL,ENSMUSG00000063160,Numbl,ortholog_one2one
ENSG00000072506,HSD17B10,ENSMUSG00000025260,Hsd17b10,ortholog_one2one
ENSG00000121351,IAPP,ENSMUSG00000041681,Iapp,ortholog_one2one
ENSG00000148840,PPRC1,ENSMUSG00000055491,Pprc1,ortholog_one2one
ENSG00000196859,KRT39,ENSMUSG00000064165,Krt39,ortholog_one2one
ENSG00000147439,BIN3,ENSMUSG00000022089,Bin3,ortholog_one2one
ENSG00000131969,ABHD12B,ENSMUSG00000090121,Abhd12b,ortholog_one2one
ENSG00000139428,MMAB,ENSMUSG00000029575,Mmab,ortholog_one2one
ENSG00000217555,CKLF,ENSMUSG00000054400,Cklf,ortholog_one2one
ENSG00000146221,TCTE1,ENSMUSG00000023949,Tcte1,ortholog_one2one
ENSG00000196584,XRCC2,ENSMUSG00000028933,Xrcc2,ortholog_one2one
ENSG00000212901,KRTAP3-1,ENSMUSG00000047564,Krtap3-1,ortholog_one2one
ENSG00000169239,CA5B,ENSMUSG00000031373,Car5b,ortholog_one2one
ENSG00000165097,KDM1B,ENSMUSG00000038080,Kdm1b,ortholog_one2one
ENSG00000114541,FRMD4B,ENSMUSG00000030064,Frmd4b,ortholog_one2one
ENSG00000158402,CDC25C,ENSMUSG00000044201,Cdc25c,ortholog_one2one
ENSG00000125354,SEPTIN6,ENSMUSG00000050379,Septin6,ortholog_one2one
ENSG00000204889,KRT40,ENSMUSG00000059169,Krt40,ortholog_one2one
ENSG00000153879,CEBPG,ENSMUSG00000056216,Cebpg,ortholog_one2one
ENSG00000105879,CBLL1,ENSMUSG00000020659,Cbll1,ortholog_one2one
ENSG00000174917,MICOS13,ENSMUSG00000049760,Micos13,ortholog_one2one
ENSG00000183723,CMTM4,ENSMUSG00000096188,Cmtm4,ortholog_one2one
ENSG00000104067,TJP1,ENSMUSG00000030516,Tjp1,ortholog_one2one
ENSG00000155530,LRGUK,ENSMUSG00000056215,Lrguk,ortholog_one2one
ENSG00000130816,DNMT1,ENSMUSG00000004099,Dnmt1,ortholog_one2one
ENSG00000146469,VIP,ENSMUSG00000019772,Vip,ortholog_one2one
ENSG00000104549,SQLE,ENSMUSG00000022351,Sqle,ortholog_one2one
ENSG00000166548,TK2,ENSMUSG00000035824,Tk2,ortholog_one2one
ENSG00000114638,UPK1B,ENSMUSG00000049436,Upk1b,ortholog_one2one
ENSG00000109674,NEIL3,ENSMUSG00000039396,Neil3,ortholog_one2one
ENSG00000065357,DGKA,ENSMUSG00000025357,Dgka,ortholog_one2one
ENSG00000157999,ANKRD61,ENSMUSG00000029607,Ankrd61,ortholog_one2one
ENSG00000204314,PRRT1,ENSMUSG00000015476,Prrt1,ortholog_one2one
ENSG00000136634,IL10,ENSMUSG00000016529,Il10,ortholog_one2one
ENSG00000233822,H2BC15,ENSMUSG00000075031,H2bc3,ortholog_one2one
ENSG00000170522,ELOVL6,ENSMUSG00000041220,Elovl6,ortholog_one2one
ENSG00000175003,SLC22A1,ENSMUSG00000023829,Slc22a1,ortholog_one2one
ENSG00000154258,ABCA9,ENSMUSG00000041797,Abca9,ortholog_one2one
ENSG00000135744,AGT,ENSMUSG00000031980,Agt,ortholog_one2one
ENSG00000158321,AUTS2,ENSMUSG00000029673,Auts2,ortholog_one2one
ENSG00000165138,ANKS6,ENSMUSG00000066191,Anks6,ortholog_one2one
ENSG00000179059,ZFP42,ENSMUSG00000051176,Zfp42,ortholog_one2one
ENSG00000163263,CFAP141,ENSMUSG00000118506,Cfap141,ortholog_one2one
ENSG00000188761,BCL2L15,ENSMUSG00000044165,Bcl2l15,ortholog_one2one
ENSG00000139985,ADAM21,ENSMUSG00000008438,Adam21,ortholog_one2one
ENSG00000151240,DIP2C,ENSMUSG00000048264,Dip2c,ortholog_one2one
ENSG00000056291,NPFFR2,ENSMUSG00000035528,Npffr2,ortholog_one2one
ENSG00000100897,DCAF11,ENSMUSG00000022214,Dcaf11,ortholog_one2one
ENSG00000170791,CHCHD7,ENSMUSG00000042198,Chchd7,ortholog_one2one
ENSG00000203963,C1orf141,ENSMUSG00000028520,4921539E11Rik,ortholog_one2one
ENSG00000145386,CCNA2,ENSMUSG00000027715,Ccna2,ortholog_one2one
ENSG00000145192,AHSG,ENSMUSG00000022868,Ahsg,ortholog_one2one
ENSG00000188984,AADACL3,ENSMUSG00000078507,Aadacl3,ortholog_one2one
ENSG00000138738,PRDM5,ENSMUSG00000029913,Prdm5,ortholog_one2one
ENSG00000157330,CFAP107,ENSMUSG00000028589,Cfap107,ortholog_one2one
ENSG00000110108,TMEM109,ENSMUSG00000034659,Tmem109,ortholog_one2one
ENSG00000111799,COL12A1,ENSMUSG00000032332,Col12a1,ortholog_one2one
ENSG00000167904,TMEM68,ENSMUSG00000028232,Tmem68,ortholog_one2one
ENSG00000148965,SAA4,ENSMUSG00000040017,Saa4,ortholog_one2one
ENSG00000136938,ANP32B,ENSMUSG00000028333,Anp32b,ortholog_one2one
ENSG00000144596,GRIP2,ENSMUSG00000030098,Grip2,ortholog_one2one
ENSG00000150787,PTS,ENSMUSG00000032067,Pts,ortholog_one2one
ENSG00000133313,CNDP2,ENSMUSG00000024644,Cndp2,ortholog_one2one
ENSG00000127084,FGD3,ENSMUSG00000037946,Fgd3,ortholog_one2one
ENSG00000162594,IL23R,ENSMUSG00000049093,Il23r,ortholog_one2one
ENSG00000147403,RPL10,ENSMUSG00000008682,Rpl10,ortholog_one2one
ENSG00000162300,ZFPL1,ENSMUSG00000024792,Zfpl1,ortholog_one2one
ENSG00000114737,CISH,ENSMUSG00000032578,Cish,ortholog_one2one
ENSG00000174292,TNK1,ENSMUSG00000001583,Tnk1,ortholog_one2one
ENSG00000174611,KY,ENSMUSG00000035606,Ky,ortholog_one2one
ENSG00000162494,LRRC38,ENSMUSG00000028584,Lrrc38,ortholog_one2one
ENSG00000196233,LCOR,ENSMUSG00000025019,Lcor,ortholog_one2one
ENSG00000143669,LYST,ENSMUSG00000019726,Lyst,ortholog_one2one
ENSG00000113240,CLK4,ENSMUSG00000020385,Clk4,ortholog_one2one
ENSG00000121211,MND1,ENSMUSG00000033752,Mnd1,ortholog_one2one
ENSG00000169903,TM4SF4,ENSMUSG00000027801,Tm4sf4,ortholog_one2one
ENSG00000151465,CDC123,ENSMUSG00000039128,Cdc123,ortholog_one2one
ENSG00000108759,KRT32,ENSMUSG00000046095,Krt32,ortholog_one2one
ENSG00000126337,KRT36,ENSMUSG00000020916,Krt36,ortholog_one2one
ENSG00000163701,IL17RE,ENSMUSG00000043088,Il17re,ortholog_one2one
ENSG00000171346,KRT15,ENSMUSG00000054146,Krt15,ortholog_one2one
ENSG00000136986,DERL1,ENSMUSG00000022365,Derl1,ortholog_one2one
ENSG00000099364,FBXL19,ENSMUSG00000030811,Fbxl19,ortholog_one2one
ENSG00000153147,SMARCA5,ENSMUSG00000031715,Smarca5,ortholog_one2one
ENSG00000171403,KRT9,ENSMUSG00000051617,Krt9,ortholog_one2one
ENSG00000136383,ALPK3,ENSMUSG00000038763,Alpk3,ortholog_one2one
ENSG00000188153,COL4A5,ENSMUSG00000031274,Col4a5,ortholog_one2one
ENSG00000006534,ALDH3B1,ENSMUSG00000024885,Aldh3b1,ortholog_one2one
ENSG00000186847,KRT14,ENSMUSG00000045545,Krt14,ortholog_one2one
ENSG00000089505,CMTM1,ENSMUSG00000110430,Cmtm1,ortholog_one2one
ENSG00000186832,KRT16,ENSMUSG00000053797,Krt16,ortholog_one2one
ENSG00000185088,RPS27L,ENSMUSG00000036781,Rps27l,ortholog_one2one
ENSG00000015153,YAF2,ENSMUSG00000022634,Yaf2,ortholog_one2one
ENSG00000197079,KRT35,ENSMUSG00000048013,Krt35,ortholog_one2one
ENSG00000204347,BTBD17,ENSMUSG00000000202,Btbd17,ortholog_one2one
ENSG00000137871,ZNF280D,ENSMUSG00000038535,Zfp280d,ortholog_one2one
ENSG00000173894,CBX2,ENSMUSG00000025577,Cbx2,ortholog_one2one
ENSG00000164346,NSA2,ENSMUSG00000060739,Nsa2,ortholog_one2one
ENSG00000126861,OMG,ENSMUSG00000049612,Omg,ortholog_one2one
ENSG00000136026,CKAP4,ENSMUSG00000046841,Ckap4,ortholog_one2one
ENSG00000130560,UBAC1,ENSMUSG00000036352,Ubac1,ortholog_one2one
ENSG00000147679,UTP23,ENSMUSG00000022313,Utp23,ortholog_one2one
ENSG00000141371,CHCT1,ENSMUSG00000018479,Chct1,ortholog_one2one
ENSG00000168137,SETD5,ENSMUSG00000034269,Setd5,ortholog_one2one
ENSG00000135094,SDS,ENSMUSG00000029597,Sds,ortholog_one2one
ENSG00000129295,DNAAF11,ENSMUSG00000022375,Dnaaf11,ortholog_one2one
ENSG00000169340,PDILT,ENSMUSG00000030968,Pdilt,ortholog_one2one
ENSG00000184292,TACSTD2,ENSMUSG00000051397,Tacstd2,ortholog_one2one
ENSG00000108474,PIGL,ENSMUSG00000014245,Pigl,ortholog_one2one
ENSG00000086289,EPDR1,ENSMUSG00000002808,Epdr1,ortholog_one2one
ENSG00000167194,C16orf92,ENSMUSG00000045989,4930451I11Rik,ortholog_one2one
ENSG00000059915,PSD,ENSMUSG00000037126,Psd,ortholog_one2one
ENSG00000177272,KCNA3,ENSMUSG00000047959,Kcna3,ortholog_one2one
ENSG00000187140,FOXD3,ENSMUSG00000067261,Foxd3,ortholog_one2one
ENSG00000011454,RABGAP1,ENSMUSG00000035437,Rabgap1,ortholog_one2one
ENSG00000258947,TUBB3,ENSMUSG00000062380,Tubb3,ortholog_one2one
ENSG00000151418,ATP6V1G3,ENSMUSG00000026394,Atp6v1g3,ortholog_one2one
ENSG00000284713,SMIM38,ENSMUSG00000109305,Smim38,ortholog_one2one
ENSG00000187688,TRPV2,ENSMUSG00000018507,Trpv2,ortholog_one2one
ENSG00000116741,RGS2,ENSMUSG00000026360,Rgs2,ortholog_one2one
ENSG00000072952,IRAG1,ENSMUSG00000005611,Irag1,ortholog_one2one
ENSG00000147481,SNTG1,ENSMUSG00000025909,Sntg1,ortholog_one2one
ENSG00000124701,APOBEC2,ENSMUSG00000040694,Apobec2,ortholog_one2one
ENSG00000112246,SIM1,ENSMUSG00000019913,Sim1,ortholog_one2one
ENSG00000139193,CD27,ENSMUSG00000030336,Cd27,ortholog_one2one
ENSG00000112799,LY86,ENSMUSG00000021423,Ly86,ortholog_one2one
ENSG00000178502,KLHL11,ENSMUSG00000048732,Klhl11,ortholog_one2one
ENSG00000070729,CNGB1,ENSMUSG00000031789,Cngb1,ortholog_one2one
ENSG00000173786,CNP,ENSMUSG00000006782,Cnp,ortholog_one2one
ENSG00000187045,TMPRSS6,ENSMUSG00000016942,Tmprss6,ortholog_one2one
ENSG00000112175,BMP5,ENSMUSG00000032179,Bmp5,ortholog_one2one
ENSG00000145321,GC,ENSMUSG00000035540,Gc,ortholog_one2one
ENSG00000260325,HSPB9,ENSMUSG00000017832,Hspb9,ortholog_one2one
ENSG00000185245,GP1BA,ENSMUSG00000050675,Gp1ba,ortholog_one2one
ENSG00000137274,BPHL,ENSMUSG00000038286,Bphl,ortholog_one2one
ENSG00000076604,TRAF4,ENSMUSG00000017386,Traf4,ortholog_one2one
ENSG00000116717,GADD45A,ENSMUSG00000036390,Gadd45a,ortholog_one2one
ENSG00000164362,TERT,ENSMUSG00000021611,Tert,ortholog_one2one
ENSG00000095574,IKZF5,ENSMUSG00000040167,Ikzf5,ortholog_one2one
ENSG00000196482,ESRRG,ENSMUSG00000026610,Esrrg,ortholog_one2one
ENSG00000005889,ZFX,ENSMUSG00000079509,Zfx,ortholog_one2one
ENSG00000196367,TRRAP,ENSMUSG00000045482,Trrap,ortholog_one2one
ENSG00000197045,GMFB,ENSMUSG00000062014,Gmfb,ortholog_one2one
ENSG00000107902,LHPP,ENSMUSG00000030946,Lhpp,ortholog_one2one
ENSG00000197299,BLM,ENSMUSG00000030528,Blm,ortholog_one2one
ENSG00000105404,RABAC1,ENSMUSG00000003380,Rabac1,ortholog_one2one
ENSG00000184363,PKP3,ENSMUSG00000054065,Pkp3,ortholog_one2one
ENSG00000205730,ITPRIPL2,ENSMUSG00000095115,Itpripl2,ortholog_one2one
ENSG00000174238,PITPNA,ENSMUSG00000017781,Pitpna,ortholog_one2one
ENSG00000126856,PRDM7,ENSMUSG00000051977,Prdm9,ortholog_one2one
ENSG00000154328,NEIL2,ENSMUSG00000035121,Neil2,ortholog_one2one
ENSG00000119953,SMNDC1,ENSMUSG00000025024,Smndc1,ortholog_one2one
ENSG00000176973,FAM89B,ENSMUSG00000024939,Fam89b,ortholog_one2one
ENSG00000128016,ZFP36,ENSMUSG00000044786,Zfp36,ortholog_one2one
ENSG00000151366,NDUFC2,ENSMUSG00000030647,Ndufc2,ortholog_one2one
ENSG00000182809,CRIP2,ENSMUSG00000006356,Crip2,ortholog_one2one
ENSG00000152503,TRIM36,ENSMUSG00000033949,Trim36,ortholog_one2one
ENSG00000099875,MKNK2,ENSMUSG00000020190,Mknk2,ortholog_one2one
ENSG00000140832,MARVELD3,ENSMUSG00000001672,Marveld3,ortholog_one2one
ENSG00000111664,GNB3,ENSMUSG00000023439,Gnb3,ortholog_one2one
ENSG00000173848,NET1,ENSMUSG00000021215,Net1,ortholog_one2one
ENSG00000166509,CLEC3A,ENSMUSG00000008874,Clec3a,ortholog_one2one
ENSG00000063015,SEZ6,ENSMUSG00000000632,Sez6,ortholog_one2one
ENSG00000164209,SLC25A46,ENSMUSG00000024259,Slc25a46,ortholog_one2one
ENSG00000008513,ST3GAL1,ENSMUSG00000013846,St3gal1,ortholog_one2one
ENSG00000175595,ERCC4,ENSMUSG00000022545,Ercc4,ortholog_one2one
ENSG00000019102,VSIG2,ENSMUSG00000001943,Vsig2,ortholog_one2one
ENSG00000170293,CMTM8,ENSMUSG00000041012,Cmtm8,ortholog_one2one
ENSG00000129354,AP1M2,ENSMUSG00000003309,Ap1m2,ortholog_one2one
ENSG00000160716,CHRNB2,ENSMUSG00000027950,Chrnb2,ortholog_one2one
ENSG00000137673,MMP7,ENSMUSG00000018623,Mmp7,ortholog_one2one
ENSG00000205269,TMEM170B,ENSMUSG00000087370,Tmem170b,ortholog_one2one
ENSG00000131016,AKAP12,ENSMUSG00000038587,Akap12,ortholog_one2one
ENSG00000164332,UBLCP1,ENSMUSG00000041231,Ublcp1,ortholog_one2one
ENSG00000109332,UBE2D3,ENSMUSG00000078578,Ube2d3,ortholog_one2one
ENSG00000203783,PRR9,ENSMUSG00000056270,Prr9,ortholog_one2one
ENSG00000176945,MUC20,ENSMUSG00000035638,Muc20,ortholog_one2one
ENSG00000167996,FTH1,ENSMUSG00000024661,Fth1,ortholog_one2one
ENSG00000159527,PGLYRP3,ENSMUSG00000042244,Pglyrp3,ortholog_one2one
ENSG00000165731,RET,ENSMUSG00000030110,Ret,ortholog_one2one
ENSG00000118526,TCF21,ENSMUSG00000045680,Tcf21,ortholog_one2one
ENSG00000150977,RILPL2,ENSMUSG00000029401,Rilpl2,ortholog_one2one
ENSG00000112796,ENPP5,ENSMUSG00000023960,Enpp5,ortholog_one2one
ENSG00000114021,NIT2,ENSMUSG00000022751,Nit2,ortholog_one2one
ENSG00000166595,CIAO2B,ENSMUSG00000031879,Ciao2b,ortholog_one2one
ENSG00000163218,PGLYRP4,ENSMUSG00000042250,Pglyrp4,ortholog_one2one
ENSG00000110871,COQ5,ENSMUSG00000041733,Coq5,ortholog_one2one
ENSG00000108641,B9D1,ENSMUSG00000001039,B9d1,ortholog_one2one
ENSG00000164694,FNDC1,ENSMUSG00000071984,Fndc1,ortholog_one2one
ENSG00000186891,TNFRSF18,ENSMUSG00000041954,Tnfrsf18,ortholog_one2one
ENSG00000169908,TM4SF1,ENSMUSG00000027800,Tm4sf1,ortholog_one2one
ENSG00000132744,ACY3,ENSMUSG00000024866,Acy3,ortholog_one2one
ENSG00000176022,B3GALT6,ENSMUSG00000050796,B3galt6,ortholog_one2one
ENSG00000240771,ARHGEF25,ENSMUSG00000019467,Arhgef25,ortholog_one2one
ENSG00000159648,SPMIP8,ENSMUSG00000090206,Spmip8,ortholog_one2one
ENSG00000023902,PLEKHO1,ENSMUSG00000015745,Plekho1,ortholog_one2one
ENSG00000171100,MTM1,ENSMUSG00000031337,Mtm1,ortholog_one2one
ENSG00000197774,EME2,ENSMUSG00000073436,Eme2,ortholog_one2one
ENSG00000177352,CCDC71,ENSMUSG00000049305,Ccdc71,ortholog_one2one
ENSG00000178075,GRAMD1C,ENSMUSG00000036292,Gramd1c,ortholog_one2one
ENSG00000185559,DLK1,ENSMUSG00000040856,Dlk1,ortholog_one2one
ENSG00000146285,SCML4,ENSMUSG00000044770,Scml4,ortholog_one2one
ENSG00000162148,SAXO4,ENSMUSG00000035179,Saxo4,ortholog_one2one
ENSG00000168418,KCNG4,ENSMUSG00000045246,Kcng4,ortholog_one2one
ENSG00000079313,REXO1,ENSMUSG00000047417,Rexo1,ortholog_one2one
ENSG00000277481,PKD1L3,ENSMUSG00000048827,Pkd1l3,ortholog_one2one
ENSG00000180616,SSTR2,ENSMUSG00000047904,Sstr2,ortholog_one2one
ENSG00000187959,CPSF4L,ENSMUSG00000018727,Cpsf4l,ortholog_one2one
ENSG00000119421,NDUFA8,ENSMUSG00000026895,Ndufa8,ortholog_one2one
ENSG00000189051,RNF222,ENSMUSG00000046490,Rnf222,ortholog_one2one
ENSG00000187997,C17orf99,ENSMUSG00000025573,6030468B19Rik,ortholog_one2one
ENSG00000119471,HSDL2,ENSMUSG00000028383,Hsdl2,ortholog_one2one
ENSG00000108064,TFAM,ENSMUSG00000003923,Tfam,ortholog_one2one
ENSG00000135100,HNF1A,ENSMUSG00000029556,Hnf1a,ortholog_one2one
ENSG00000169962,TAS1R3,ENSMUSG00000029072,Tas1r3,ortholog_one2one
ENSG00000171217,CLDN20,ENSMUSG00000091530,Cldn20,ortholog_one2one
ENSG00000133731,IMPA1,ENSMUSG00000027531,Impa1,ortholog_one2one
ENSG00000188994,ZNF292,ENSMUSG00000039967,Zfp292,ortholog_one2one
ENSG00000177200,CHD9,ENSMUSG00000056608,Chd9,ortholog_one2one
ENSG00000110448,CD5,ENSMUSG00000024669,Cd5,ortholog_one2one
ENSG00000152661,GJA1,ENSMUSG00000050953,Gja1,ortholog_one2one
ENSG00000105426,PTPRS,ENSMUSG00000013236,Ptprs,ortholog_one2one
ENSG00000197977,ELOVL2,ENSMUSG00000021364,Elovl2,ortholog_one2one
ENSG00000148773,MKI67,ENSMUSG00000031004,Mki67,ortholog_one2one
ENSG00000187726,DNAJB13,ENSMUSG00000030708,Dnajb13,ortholog_one2one
ENSG00000111962,UST,ENSMUSG00000047712,Ust,ortholog_one2one
ENSG00000112659,CUL9,ENSMUSG00000040327,Cul9,ortholog_one2one
ENSG00000013725,CD6,ENSMUSG00000024670,Cd6,ortholog_one2one
ENSG00000275489,SPMAP1,ENSMUSG00000018543,Spmap1,ortholog_one2one
ENSG00000136485,DCAF7,ENSMUSG00000049354,Dcaf7,ortholog_one2one
ENSG00000107731,UNC5B,ENSMUSG00000020099,Unc5b,ortholog_one2one
ENSG00000165716,DIPK1B,ENSMUSG00000036186,Dipk1b,ortholog_one2one
ENSG00000047457,CP,ENSMUSG00000003617,Cp,ortholog_one2one
ENSG00000165724,ZMYND19,ENSMUSG00000026974,Zmynd19,ortholog_one2one
ENSG00000257008,GPR142,ENSMUSG00000034677,Gpr142,ortholog_one2one
ENSG00000176769,TCERG1L,ENSMUSG00000091002,Tcerg1l,ortholog_one2one
ENSG00000176927,EFCAB5,ENSMUSG00000050944,Efcab5,ortholog_one2one
ENSG00000148356,LRSAM1,ENSMUSG00000026792,Lrsam1,ortholog_one2one
ENSG00000049245,VAMP3,ENSMUSG00000028955,Vamp3,ortholog_one2one
ENSG00000108091,CCDC6,ENSMUSG00000048701,Ccdc6,ortholog_one2one
ENSG00000049247,UTS2,ENSMUSG00000028963,Uts2,ortholog_one2one
ENSG00000235162,C12orf75,ENSMUSG00000087651,1500009L16Rik,ortholog_one2one
ENSG00000165863,SPMIP5,ENSMUSG00000026931,Spmip5,ortholog_one2one
ENSG00000175262,CIROZ,ENSMUSG00000070577,Gm572,ortholog_one2one
ENSG00000183828,NUDT14,ENSMUSG00000002804,Nudt14,ortholog_one2one
ENSG00000171206,TRIM8,ENSMUSG00000025034,Trim8,ortholog_one2one
ENSG00000122545,SEPTIN7,ENSMUSG00000001833,Septin7,ortholog_one2one
ENSG00000157895,C12orf43,ENSMUSG00000029559,2210016L21Rik,ortholog_one2one
ENSG00000230667,SETSIP,ENSMUSG00000054766,Set,ortholog_one2one
ENSG00000163545,NUAK2,ENSMUSG00000009772,Nuak2,ortholog_one2one
ENSG00000170921,TANC2,ENSMUSG00000053580,Tanc2,ortholog_one2one
ENSG00000105327,BBC3,ENSMUSG00000002083,Bbc3,ortholog_one2one
ENSG00000170348,TMED10,ENSMUSG00000021248,Tmed10,ortholog_one2one
ENSG00000186007,LEMD1,ENSMUSG00000079330,Lemd1,ortholog_one2one
ENSG00000134970,TMED7,ENSMUSG00000033184,Tmed7,ortholog_one2one
ENSG00000137392,CLPS,ENSMUSG00000024225,Clps,ortholog_one2one
ENSG00000214113,LYRM4,ENSMUSG00000046573,Lyrm4,ortholog_one2one
ENSG00000119048,UBE2B,ENSMUSG00000020390,Ube2b,ortholog_one2one
ENSG00000241973,PI4KA,ENSMUSG00000041720,Pi4ka,ortholog_one2one
ENSG00000132821,VSTM2L,ENSMUSG00000037843,Vstm2l,ortholog_one2one
ENSG00000143469,SYT14,ENSMUSG00000016200,Syt14,ortholog_one2one
ENSG00000197586,ENTPD6,ENSMUSG00000033068,Entpd6,ortholog_one2one
ENSG00000164741,DLC1,ENSMUSG00000031523,Dlc1,ortholog_one2one
ENSG00000138834,MAPK8IP3,ENSMUSG00000024163,Mapk8ip3,ortholog_one2one
ENSG00000066468,FGFR2,ENSMUSG00000030849,Fgfr2,ortholog_one2one
ENSG00000183273,CCDC60,ENSMUSG00000043913,Ccdc60,ortholog_one2one
ENSG00000174886,NDUFA11,ENSMUSG00000002379,Ndufa11,ortholog_one2one
ENSG00000163815,CLEC3B,ENSMUSG00000025784,Clec3b,ortholog_one2one
ENSG00000122126,OCRL,ENSMUSG00000001173,Ocrl,ortholog_one2one
ENSG00000137770,CTDSPL2,ENSMUSG00000033411,Ctdspl2,ortholog_one2one
ENSG00000114019,AMOTL2,ENSMUSG00000032531,Amotl2,ortholog_one2one
ENSG00000105699,LSR,ENSMUSG00000001247,Lsr,ortholog_one2one
ENSG00000175336,APOF,ENSMUSG00000047631,Apof,ortholog_one2one
ENSG00000089692,LAG3,ENSMUSG00000030124,Lag3,ortholog_one2one
ENSG00000058729,RIOK2,ENSMUSG00000116564,Riok2,ortholog_one2one
ENSG00000118513,MYB,ENSMUSG00000019982,Myb,ortholog_one2one
ENSG00000134769,DTNA,ENSMUSG00000024302,Dtna,ortholog_one2one
ENSG00000110436,SLC1A2,ENSMUSG00000005089,Slc1a2,ortholog_one2one
ENSG00000143816,WNT9A,ENSMUSG00000000126,Wnt9a,ortholog_one2one
ENSG00000185630,PBX1,ENSMUSG00000052534,Pbx1,ortholog_one2one
ENSG00000111554,MDM1,ENSMUSG00000020212,Mdm1,ortholog_one2one
ENSG00000123643,SLC36A1,ENSMUSG00000020261,Slc36a1,ortholog_one2one
ENSG00000140093,SERPINA10,ENSMUSG00000061947,Serpina10,ortholog_one2one
ENSG00000144848,ATG3,ENSMUSG00000022663,Atg3,ortholog_one2one
ENSG00000198918,RPL39,ENSMUSG00000079641,Rpl39,ortholog_one2one
ENSG00000156298,TSPAN7,ENSMUSG00000058254,Tspan7,ortholog_one2one
ENSG00000171246,NPTX1,ENSMUSG00000025582,Nptx1,ortholog_one2one
ENSG00000162746,FCRLB,ENSMUSG00000070524,Fcrlb,ortholog_one2one
ENSG00000108688,CCL7,ENSMUSG00000035373,Ccl7,ortholog_one2one
ENSG00000172156,CCL11,ENSMUSG00000020676,Ccl11,ortholog_one2one
ENSG00000185888,PRSS38,ENSMUSG00000049291,Prss38,ortholog_one2one
ENSG00000134285,FKBP11,ENSMUSG00000003355,Fkbp11,ortholog_one2one
ENSG00000100764,PSMC1,ENSMUSG00000021178,Psmc1,ortholog_one2one
ENSG00000108691,CCL2,ENSMUSG00000035385,Ccl2,ortholog_one2one
ENSG00000215912,TTC34,ENSMUSG00000046637,Ttc34,ortholog_one2one
ENSG00000104635,SLC39A14,ENSMUSG00000022094,Slc39a14,ortholog_one2one
ENSG00000144837,PLA1A,ENSMUSG00000002847,Pla1a,ortholog_one2one
ENSG00000137802,MAPKBP1,ENSMUSG00000033902,Mapkbp1,ortholog_one2one
ENSG00000136010,ALDH1L2,ENSMUSG00000020256,Aldh1l2,ortholog_one2one
ENSG00000133398,MED10,ENSMUSG00000021598,Med10,ortholog_one2one
ENSG00000092330,TINF2,ENSMUSG00000007589,Tinf2,ortholog_one2one
ENSG00000108255,CRYBA1,ENSMUSG00000000724,Cryba1,ortholog_one2one
ENSG00000157219,HTR5A,ENSMUSG00000039106,Htr5a,ortholog_one2one
ENSG00000113734,BNIP1,ENSMUSG00000024191,Bnip1,ortholog_one2one
ENSG00000132613,MTSS2,ENSMUSG00000033763,Mtss2,ortholog_one2one
ENSG00000130226,DPP6,ENSMUSG00000061576,Dpp6,ortholog_one2one
ENSG00000259207,ITGB3,ENSMUSG00000020689,Itgb3,ortholog_one2one
ENSG00000179002,TAS1R2,ENSMUSG00000028738,Tas1r2,ortholog_one2one
ENSG00000186827,TNFRSF4,ENSMUSG00000029075,Tnfrsf4,ortholog_one2one
ENSG00000130119,GNL3L,ENSMUSG00000025266,Gnl3l,ortholog_one2one
ENSG00000180096,SEPTIN1,ENSMUSG00000000486,Septin1,ortholog_one2one
ENSG00000111424,VDR,ENSMUSG00000022479,Vdr,ortholog_one2one
ENSG00000165525,NEMF,ENSMUSG00000020982,Nemf,ortholog_one2one
ENSG00000105649,RAB3A,ENSMUSG00000031840,Rab3a,ortholog_one2one
ENSG00000146007,ZMAT2,ENSMUSG00000001383,Zmat2,ortholog_one2one
ENSG00000125744,RTN2,ENSMUSG00000030401,Rtn2,ortholog_one2one
ENSG00000178852,EFCAB13,ENSMUSG00000020690,Efcab3,ortholog_one2one
ENSG00000170561,IRX2,ENSMUSG00000001504,Irx2,ortholog_one2one
ENSG00000169258,GPRIN1,ENSMUSG00000069227,Gprin1,ortholog_one2one
ENSG00000140798,ABCC12,ENSMUSG00000036872,Abcc12,ortholog_one2one
ENSG00000274529,SEBOX,ENSMUSG00000001103,Sebox,ortholog_one2one
ENSG00000153922,CHD1,ENSMUSG00000023852,Chd1,ortholog_one2one
ENSG00000111727,HCFC2,ENSMUSG00000020246,Hcfc2,ortholog_one2one
ENSG00000168802,CHTF8,ENSMUSG00000046691,Chtf8,ortholog_one2one
ENSG00000165934,CPSF2,ENSMUSG00000041781,Cpsf2,ortholog_one2one
ENSG00000207405,SNORA64,ENSMUSG00000077709,Snora64,ortholog_one2one
ENSG00000179580,RNF151,ENSMUSG00000008482,Rnf151,ortholog_one2one
ENSG00000183186,C2CD4C,ENSMUSG00000045912,C2cd4c,ortholog_one2one
ENSG00000049883,PTCD2,ENSMUSG00000021650,Ptcd2,ortholog_one2one
ENSG00000171819,ANGPTL7,ENSMUSG00000028989,Angptl7,ortholog_one2one
ENSG00000174109,UQCC4,ENSMUSG00000067722,Uqcc4,ortholog_one2one
ENSG00000197417,SHPK,ENSMUSG00000005951,Shpk,ortholog_one2one
ENSG00000178878,APOLD1,ENSMUSG00000090698,Apold1,ortholog_one2one
ENSG00000197599,CCDC154,ENSMUSG00000059562,Ccdc154,ortholog_one2one
ENSG00000120942,UBIAD1,ENSMUSG00000047719,Ubiad1,ortholog_one2one
ENSG00000110799,VWF,ENSMUSG00000001930,Vwf,ortholog_one2one
ENSG00000103152,MPG,ENSMUSG00000020287,Mpg,ortholog_one2one
ENSG00000101940,WDR13,ENSMUSG00000031166,Wdr13,ortholog_one2one
ENSG00000091513,TF,ENSMUSG00000032554,Trf,ortholog_one2one
ENSG00000158955,WNT9B,ENSMUSG00000018486,Wnt9b,ortholog_one2one
ENSG00000105058,FAM32A,ENSMUSG00000003039,Fam32a,ortholog_one2one
ENSG00000140945,CDH13,ENSMUSG00000031841,Cdh13,ortholog_one2one
ENSG00000108433,GOSR2,ENSMUSG00000020946,Gosr2,ortholog_one2one
ENSG00000179603,GRM8,ENSMUSG00000024211,Grm8,ortholog_one2one
ENSG00000100373,UPK3A,ENSMUSG00000022435,Upk3a,ortholog_one2one
ENSG00000105143,SLC1A6,ENSMUSG00000005357,Slc1a6,ortholog_one2one
ENSG00000100227,POLDIP3,ENSMUSG00000041815,Poldip3,ortholog_one2one
ENSG00000174485,DENND4A,ENSMUSG00000053641,Dennd4a,ortholog_one2one
ENSG00000131686,CA6,ENSMUSG00000028972,Car6,ortholog_one2one
ENSG00000165502,RPL36AL,ENSMUSG00000104043,Gm6525,ortholog_one2one
ENSG00000159761,C16orf86,ENSMUSG00000013158,4933405L10Rik,ortholog_one2one
ENSG00000100441,KHNYN,ENSMUSG00000047153,Khnyn,ortholog_one2one
ENSG00000057704,TMCC3,ENSMUSG00000020023,Tmcc3,ortholog_one2one
ENSG00000163581,SLC2A2,ENSMUSG00000027690,Slc2a2,ortholog_one2one
ENSG00000168286,THAP11,ENSMUSG00000036442,Thap11,ortholog_one2one
ENSG00000157680,DGKI,ENSMUSG00000038665,Dgki,ortholog_one2one
ENSG00000188038,NRN1L,ENSMUSG00000044287,Nrn1l,ortholog_one2one
ENSG00000065526,SPEN,ENSMUSG00000040761,Spen,ortholog_one2one
ENSG00000173391,OLR1,ENSMUSG00000030162,Olr1,ortholog_one2one
ENSG00000159792,PSKH1,ENSMUSG00000048310,Pskh1,ortholog_one2one
ENSG00000082458,DLG3,ENSMUSG00000000881,Dlg3,ortholog_one2one
ENSG00000141086,CTRL,ENSMUSG00000031896,Ctrl,ortholog_one2one
ENSG00000145723,GIN1,ENSMUSG00000026333,Gin1,ortholog_one2one
ENSG00000105220,GPI,ENSMUSG00000036427,Gpi1,ortholog_one2one
ENSG00000162923,WDR26,ENSMUSG00000038733,Wdr26,ortholog_one2one
ENSG00000129315,CCNT1,ENSMUSG00000011960,Ccnt1,ortholog_one2one
ENSG00000213398,LCAT,ENSMUSG00000035237,Lcat,ortholog_one2one
ENSG00000119638,NEK9,ENSMUSG00000034290,Nek9,ortholog_one2one
ENSG00000106436,MYL10,ENSMUSG00000005474,Myl10,ortholog_one2one
ENSG00000164045,CDC25A,ENSMUSG00000032477,Cdc25a,ortholog_one2one
ENSG00000091704,CPA1,ENSMUSG00000054446,Cpa1,ortholog_one2one
ENSG00000164291,ARSK,ENSMUSG00000021592,Arsk,ortholog_one2one
ENSG00000179588,ZFPM1,ENSMUSG00000049577,Zfpm1,ortholog_one2one
ENSG00000182774,RPS17,ENSMUSG00000061787,Rps17,ortholog_one2one
ENSG00000099910,KLHL22,ENSMUSG00000022750,Klhl22,ortholog_one2one
ENSG00000124391,IL17C,ENSMUSG00000046108,Il17c,ortholog_one2one
ENSG00000082213,C5orf22,ENSMUSG00000022195,6030458C11Rik,ortholog_one2one
ENSG00000179562,GCC1,ENSMUSG00000029708,Gcc1,ortholog_one2one
ENSG00000185669,SNAI3,ENSMUSG00000006587,Snai3,ortholog_one2one
ENSG00000139269,INHBE,ENSMUSG00000047492,Inhbe,ortholog_one2one
ENSG00000106328,FSCN3,ENSMUSG00000029707,Fscn3,ortholog_one2one
ENSG00000139263,LRIG3,ENSMUSG00000020105,Lrig3,ortholog_one2one
ENSG00000069764,PLA2G10,ENSMUSG00000022683,Pla2g10,ortholog_one2one
ENSG00000166200,COPS2,ENSMUSG00000027206,Cops2,ortholog_one2one
ENSG00000155093,PTPRN2,ENSMUSG00000056553,Ptprn2,ortholog_one2one
ENSG00000079482,OPHN1,ENSMUSG00000031214,Ophn1,ortholog_one2one
ENSG00000143322,ABL2,ENSMUSG00000026596,Abl2,ortholog_one2one
ENSG00000014216,CAPN1,ENSMUSG00000024942,Capn1,ortholog_one2one
ENSG00000172058,SERF1A,ENSMUSG00000021643,Serf1,ortholog_one2one
ENSG00000100124,ANKRD54,ENSMUSG00000033055,Ankrd54,ortholog_one2one
ENSG00000242110,AMACR,ENSMUSG00000022244,Amacr,ortholog_one2one
ENSG00000163956,LRPAP1,ENSMUSG00000029103,Lrpap1,ortholog_one2one
ENSG00000187391,MAGI2,ENSMUSG00000040003,Magi2,ortholog_one2one
ENSG00000121579,NAA50,ENSMUSG00000022698,Naa50,ortholog_one2one
ENSG00000179673,RPRML,ENSMUSG00000046215,Rprml,ortholog_one2one
ENSG00000100711,ZFYVE21,ENSMUSG00000021286,Zfyve21,ortholog_one2one
ENSG00000129993,CBFA2T3,ENSMUSG00000006362,Cbfa2t3,ortholog_one2one
ENSG00000035499,DEPDC1B,ENSMUSG00000021697,Depdc1b,ortholog_one2one
ENSG00000175175,PPM1E,ENSMUSG00000046442,Ppm1e,ortholog_one2one
ENSG00000145029,NICN1,ENSMUSG00000032606,Nicn1,ortholog_one2one
ENSG00000147160,AWAT2,ENSMUSG00000031220,Awat2,ortholog_one2one
ENSG00000069509,FUNDC1,ENSMUSG00000025040,Fundc1,ortholog_one2one
ENSG00000188766,SPRED3,ENSMUSG00000037239,Spred3,ortholog_one2one
ENSG00000100083,GGA1,ENSMUSG00000033128,Gga1,ortholog_one2one
ENSG00000169946,ZFPM2,ENSMUSG00000022306,Zfpm2,ortholog_one2one
ENSG00000197724,PHF2,ENSMUSG00000038025,Phf2,ortholog_one2one
ENSG00000102038,SMARCA1,ENSMUSG00000031099,Smarca1,ortholog_one2one
ENSG00000127554,GFER,ENSMUSG00000040888,Gfer,ortholog_one2one
ENSG00000178057,NDUFAF3,ENSMUSG00000070283,Ndufaf3,ortholog_one2one
ENSG00000167600,CYP2S1,ENSMUSG00000040703,Cyp2s1,ortholog_one2one
ENSG00000127184,COX7C,ENSMUSG00000017778,Cox7c,ortholog_one2one
ENSG00000079459,FDFT1,ENSMUSG00000021273,Fdft1,ortholog_one2one
ENSG00000159692,CTBP1,ENSMUSG00000037373,Ctbp1,ortholog_one2one
ENSG00000116260,QSOX1,ENSMUSG00000033684,Qsox1,ortholog_one2one
ENSG00000170345,FOS,ENSMUSG00000021250,Fos,ortholog_one2one
ENSG00000113905,HRG,ENSMUSG00000022877,Hrg,ortholog_one2one
ENSG00000112984,KIF20A,ENSMUSG00000003779,Kif20a,ortholog_one2one
ENSG00000227500,SCAMP4,ENSMUSG00000113949,Scamp4,ortholog_one2one
ENSG00000139767,SRRM4,ENSMUSG00000063919,Srrm4,ortholog_one2one
ENSG00000119681,LTBP2,ENSMUSG00000002020,Ltbp2,ortholog_one2one
ENSG00000167004,PDIA3,ENSMUSG00000027248,Pdia3,ortholog_one2one
ENSG00000150048,CLEC1A,ENSMUSG00000033082,Clec1a,ortholog_one2one
ENSG00000101194,SLC17A9,ENSMUSG00000023393,Slc17a9,ortholog_one2one
ENSG00000109101,FOXN1,ENSMUSG00000002057,Foxn1,ortholog_one2one
ENSG00000266074,BAHCC1,ENSMUSG00000039741,Bahcc1,ortholog_one2one
ENSG00000048462,TNFRSF17,ENSMUSG00000022496,Tnfrsf17,ortholog_one2one
ENSG00000136237,RAPGEF5,ENSMUSG00000041992,Rapgef5,ortholog_one2one
ENSG00000141564,RPTOR,ENSMUSG00000025583,Rptor,ortholog_one2one
ENSG00000089041,P2RX7,ENSMUSG00000029468,P2rx7,ortholog_one2one
ENSG00000137642,SORL1,ENSMUSG00000049313,Sorl1,ortholog_one2one
ENSG00000197576,HOXA4,ENSMUSG00000000942,Hoxa4,ortholog_one2one
ENSG00000088320,REM1,ENSMUSG00000000359,Rem1,ortholog_one2one
ENSG00000101489,CELF4,ENSMUSG00000024268,Celf4,ortholog_one2one
ENSG00000170615,SLC26A5,ENSMUSG00000029015,Slc26a5,ortholog_one2one
ENSG00000179454,KLHL28,ENSMUSG00000020948,Klhl28,ortholog_one2one
ENSG00000114853,ZBTB47,ENSMUSG00000013419,Zbtb47,ortholog_one2one
ENSG00000213347,MXD3,ENSMUSG00000021485,Mxd3,ortholog_one2one
ENSG00000101452,DHX35,ENSMUSG00000027655,Dhx35,ortholog_one2one
ENSG00000100605,ITPK1,ENSMUSG00000057963,Itpk1,ortholog_one2one
ENSG00000251692,PTX4,ENSMUSG00000044172,Ptx4,ortholog_one2one
ENSG00000113790,EHHADH,ENSMUSG00000022853,Ehhadh,ortholog_one2one
ENSG00000180185,FAHD1,ENSMUSG00000045316,Fahd1,ortholog_one2one
ENSG00000215148,PRSS41,ENSMUSG00000024114,Prss41,ortholog_one2one
ENSG00000181847,TIGIT,ENSMUSG00000071552,Tigit,ortholog_one2one
ENSG00000151006,PRSS53,ENSMUSG00000044139,Prss53,ortholog_one2one
ENSG00000164405,UQCRQ,ENSMUSG00000044894,Uqcrq,ortholog_one2one
ENSG00000106991,ENG,ENSMUSG00000026814,Eng,ortholog_one2one
ENSG00000205022,PABPN1L,ENSMUSG00000069867,Pabpn1l,ortholog_one2one
ENSG00000151923,TIAL1,ENSMUSG00000030846,Tial1,ortholog_one2one
ENSG00000173702,MUC13,ENSMUSG00000022824,Muc13,ortholog_one2one
ENSG00000158748,HTR6,ENSMUSG00000028747,Htr6,ortholog_one2one
ENSG00000020633,RUNX3,ENSMUSG00000070691,Runx3,ortholog_one2one
ENSG00000198865,CCDC152,ENSMUSG00000091119,Ccdc152,ortholog_one2one
ENSG00000005381,MPO,ENSMUSG00000009350,Mpo,ortholog_one2one
ENSG00000181019,NQO1,ENSMUSG00000003849,Nqo1,ortholog_one2one
ENSG00000169964,TMEM42,ENSMUSG00000066233,Tmem42,ortholog_one2one
ENSG00000159388,BTG2,ENSMUSG00000020423,Btg2,ortholog_one2one
ENSG00000116254,CHD5,ENSMUSG00000005045,Chd5,ortholog_one2one
ENSG00000140519,RHCG,ENSMUSG00000030549,Rhcg,ortholog_one2one
ENSG00000068796,KIF2A,ENSMUSG00000021693,Kif2a,ortholog_one2one
ENSG00000012983,MAP4K5,ENSMUSG00000034761,Map4k5,ortholog_one2one
ENSG00000004399,PLXND1,ENSMUSG00000030123,Plxnd1,ortholog_one2one
ENSG00000166546,BEAN1,ENSMUSG00000031872,Bean1,ortholog_one2one
ENSG00000138160,KIF11,ENSMUSG00000012443,Kif11,ortholog_one2one
ENSG00000198959,TGM2,ENSMUSG00000037820,Tgm2,ortholog_one2one
ENSG00000175318,GRAMD2A,ENSMUSG00000074259,Gramd2a,ortholog_one2one
ENSG00000061273,HDAC7,ENSMUSG00000022475,Hdac7,ortholog_one2one
ENSG00000196497,IPO4,ENSMUSG00000002319,Ipo4,ortholog_one2one
ENSG00000008710,PKD1,ENSMUSG00000032855,Pkd1,ortholog_one2one
ENSG00000173673,HES3,ENSMUSG00000028946,Hes3,ortholog_one2one
ENSG00000205116,TMEM88B,ENSMUSG00000073680,Tmem88b,ortholog_one2one
ENSG00000184056,VPS33B,ENSMUSG00000030534,Vps33b,ortholog_one2one
ENSG00000149243,KLHL35,ENSMUSG00000035298,Klhl35,ortholog_one2one
ENSG00000178104,PDE4DIP,ENSMUSG00000038170,Pde4dip,ortholog_one2one
ENSG00000170525,PFKFB3,ENSMUSG00000026773,Pfkfb3,ortholog_one2one
ENSG00000168004,PLAAT5,ENSMUSG00000024973,Plaat5,ortholog_one2one
ENSG00000163884,KLF15,ENSMUSG00000030087,Klf15,ortholog_one2one
ENSG00000007952,NOX1,ENSMUSG00000031257,Nox1,ortholog_one2one
ENSG00000197584,KCNMB2,ENSMUSG00000037610,Kcnmb2,ortholog_one2one
ENSG00000100206,DMC1,ENSMUSG00000022429,Dmc1,ortholog_one2one
ENSG00000162139,NEU3,ENSMUSG00000035239,Neu3,ortholog_one2one
ENSG00000125868,DSTN,ENSMUSG00000015932,Dstn,ortholog_one2one
ENSG00000180914,OXTR,ENSMUSG00000049112,Oxtr,ortholog_one2one
ENSG00000172818,OVOL1,ENSMUSG00000024922,Ovol1,ortholog_one2one
ENSG00000179021,C3orf38,ENSMUSG00000059920,4930453N24Rik,ortholog_one2one
ENSG00000203896,LIME1,ENSMUSG00000090077,Lime1,ortholog_one2one
ENSG00000144741,SLC25A26,ENSMUSG00000045100,Slc25a26,ortholog_one2one
ENSG00000167461,RAB8A,ENSMUSG00000003037,Rab8a,ortholog_one2one
ENSG00000170965,PLAC1,ENSMUSG00000061082,Plac1,ortholog_one2one
ENSG00000109756,RAPGEF2,ENSMUSG00000062232,Rapgef2,ortholog_one2one
ENSG00000101290,CDS2,ENSMUSG00000058793,Cds2,ortholog_one2one
ENSG00000008056,SYN1,ENSMUSG00000037217,Syn1,ortholog_one2one
ENSG00000101558,VAPA,ENSMUSG00000024091,Vapa,ortholog_one2one
ENSG00000110172,CHORDC1,ENSMUSG00000001774,Chordc1,ortholog_one2one
ENSG00000213265,TSGA13,ENSMUSG00000039032,Tsga13,ortholog_one2one
ENSG00000105146,AURKC,ENSMUSG00000070837,Aurkc,ortholog_one2one
ENSG00000266265,KLF14,ENSMUSG00000073209,Klf14,ortholog_one2one
ENSG00000039600,SOX30,ENSMUSG00000040489,Sox30,ortholog_one2one
ENSG00000183166,CALN1,ENSMUSG00000060371,Caln1,ortholog_one2one
ENSG00000157514,TSC22D3,ENSMUSG00000031431,Tsc22d3,ortholog_one2one
ENSG00000242372,EIF6,ENSMUSG00000027613,Eif6,ortholog_one2one
ENSG00000131437,KIF3A,ENSMUSG00000018395,Kif3a,ortholog_one2one
ENSG00000008226,DLEC1,ENSMUSG00000038060,Dlec1,ortholog_one2one
ENSG00000167971,CASKIN1,ENSMUSG00000033597,Caskin1,ortholog_one2one
ENSG00000117152,RGS4,ENSMUSG00000038530,Rgs4,ortholog_one2one
ENSG00000007264,MATK,ENSMUSG00000004933,Matk,ortholog_one2one
ENSG00000100095,SEZ6L,ENSMUSG00000058153,Sez6l,ortholog_one2one
ENSG00000141646,SMAD4,ENSMUSG00000024515,Smad4,ortholog_one2one
ENSG00000185742,C11orf87,ENSMUSG00000078307,AI593442,ortholog_one2one
ENSG00000205678,TECRL,ENSMUSG00000049537,Tecrl,ortholog_one2one
ENSG00000172425,TTC36,ENSMUSG00000039438,Ttc36,ortholog_one2one
ENSG00000172575,RASGRP1,ENSMUSG00000027347,Rasgrp1,ortholog_one2one
ENSG00000184207,PGP,ENSMUSG00000043445,Pgp,ortholog_one2one
ENSG00000165259,HDX,ENSMUSG00000034551,Hdx,ortholog_one2one
ENSG00000167968,DNASE1L2,ENSMUSG00000024136,Dnase1l2,ortholog_one2one
ENSG00000126500,FLRT1,ENSMUSG00000047787,Flrt1,ortholog_one2one
ENSG00000143552,NUP210L,ENSMUSG00000027939,Nup210l,ortholog_one2one
ENSG00000187049,TMEM216,ENSMUSG00000024667,Tmem216,ortholog_one2one
ENSG00000110047,EHD1,ENSMUSG00000024772,Ehd1,ortholog_one2one
ENSG00000141429,GALNT1,ENSMUSG00000000420,Galnt1,ortholog_one2one
ENSG00000156162,DPY19L4,ENSMUSG00000045205,Dpy19l4,ortholog_one2one
ENSG00000127377,CRYGN,ENSMUSG00000038135,Crygn,ortholog_one2one
ENSG00000205937,RNPS1,ENSMUSG00000034681,Rnps1,ortholog_one2one
ENSG00000148429,USP6NL,ENSMUSG00000039046,Usp6nl,ortholog_one2one
ENSG00000164707,SLC13A4,ENSMUSG00000029843,Slc13a4,ortholog_one2one
ENSG00000121236,TRIM6,ENSMUSG00000072244,Trim6,ortholog_one2one
ENSG00000187017,ESPN,ENSMUSG00000028943,Espn,ortholog_one2one
ENSG00000170464,DNAJC18,ENSMUSG00000024350,Dnajc18,ortholog_one2one
ENSG00000186393,KRT26,ENSMUSG00000075570,Krt26,ortholog_one2one
ENSG00000110887,DAO,ENSMUSG00000042096,Dao,ortholog_one2one
ENSG00000138668,HNRNPD,ENSMUSG00000000568,Hnrnpd,ortholog_one2one
ENSG00000090512,FETUB,ENSMUSG00000022871,Fetub,ortholog_one2one
ENSG00000198216,CACNA1E,ENSMUSG00000004110,Cacna1e,ortholog_one2one
ENSG00000165695,AK8,ENSMUSG00000026807,Ak8,ortholog_one2one
ENSG00000171858,RPS21,ENSMUSG00000039001,Rps21,ortholog_one2one
ENSG00000109943,CRTAM,ENSMUSG00000032021,Crtam,ortholog_one2one
ENSG00000078061,ARAF,ENSMUSG00000001127,Araf,ortholog_one2one
ENSG00000189320,FAM180A,ENSMUSG00000047420,Fam180a,ortholog_one2one
ENSG00000165672,PRDX3,ENSMUSG00000024997,Prdx3,ortholog_one2one
ENSG00000171617,ENC1,ENSMUSG00000041773,Enc1,ortholog_one2one
ENSG00000170946,DNAJC24,ENSMUSG00000027166,Dnajc24,ortholog_one2one
ENSG00000148358,GPR107,ENSMUSG00000000194,Gpr107,ortholog_one2one
ENSG00000048392,RRM2B,ENSMUSG00000022292,Rrm2b,ortholog_one2one
ENSG00000196335,STK31,ENSMUSG00000023403,Stk31,ortholog_one2one
ENSG00000172239,PAIP1,ENSMUSG00000025451,Paip1,ortholog_one2one
ENSG00000125991,ERGIC3,ENSMUSG00000005881,Ergic3,ortholog_one2one
ENSG00000053918,KCNQ1,ENSMUSG00000009545,Kcnq1,ortholog_one2one
ENSG00000183691,NOG,ENSMUSG00000048616,Nog,ortholog_one2one
ENSG00000082701,GSK3B,ENSMUSG00000022812,Gsk3b,ortholog_one2one
ENSG00000068438,FTSJ1,ENSMUSG00000031171,Ftsj1,ortholog_one2one
ENSG00000166439,RNF169,ENSMUSG00000058761,Rnf169,ortholog_one2one
ENSG00000110344,UBE4A,ENSMUSG00000059890,Ube4a,ortholog_one2one
ENSG00000158201,ABHD3,ENSMUSG00000002475,Abhd3,ortholog_one2one
ENSG00000179930,ZNF648,ENSMUSG00000066797,Zfp648,ortholog_one2one
ENSG00000122432,SPATA1,ENSMUSG00000028188,Spata1,ortholog_one2one
ENSG00000156150,ALX3,ENSMUSG00000014603,Alx3,ortholog_one2one
ENSG00000198513,ATL1,ENSMUSG00000021066,Atl1,ortholog_one2one
ENSG00000154007,ASB17,ENSMUSG00000038997,Asb17,ortholog_one2one
ENSG00000100296,THOC5,ENSMUSG00000034274,Thoc5,ortholog_one2one
ENSG00000184005,ST6GALNAC3,ENSMUSG00000052544,St6galnac3,ortholog_one2one
ENSG00000119969,HELLS,ENSMUSG00000025001,Hells,ortholog_one2one
ENSG00000141668,CBLN2,ENSMUSG00000024647,Cbln2,ortholog_one2one
ENSG00000136940,PDCL,ENSMUSG00000009030,Pdcl,ortholog_one2one
ENSG00000166510,CCDC68,ENSMUSG00000038903,Ccdc68,ortholog_one2one
ENSG00000151233,GXYLT1,ENSMUSG00000036197,Gxylt1,ortholog_one2one
ENSG00000119707,RBM25,ENSMUSG00000010608,Rbm25,ortholog_one2one
ENSG00000155868,MED7,ENSMUSG00000020397,Med7,ortholog_one2one
ENSG00000127191,TRAF2,ENSMUSG00000026942,Traf2,ortholog_one2one
ENSG00000123219,CENPK,ENSMUSG00000021714,Cenpk,ortholog_one2one
ENSG00000111341,MGP,ENSMUSG00000030218,Mgp,ortholog_one2one
ENSG00000069424,KCNAB2,ENSMUSG00000028931,Kcnab2,ortholog_one2one
ENSG00000102265,TIMP1,ENSMUSG00000001131,Timp1,ortholog_one2one
ENSG00000163751,CPA3,ENSMUSG00000001865,Cpa3,ortholog_one2one
ENSG00000013583,HEBP1,ENSMUSG00000042770,Hebp1,ortholog_one2one
ENSG00000183283,DAZAP2,ENSMUSG00000000346,Dazap2,ortholog_one2one
ENSG00000146834,MEPCE,ENSMUSG00000029726,Mepce,ortholog_one2one
ENSG00000176485,PLAAT3,ENSMUSG00000060675,Plaat3,ortholog_one2one
ENSG00000168032,ENTPD3,ENSMUSG00000041608,Entpd3,ortholog_one2one
ENSG00000102144,PGK1,ENSMUSG00000062070,Pgk1,ortholog_one2one
ENSG00000105270,CLIP3,ENSMUSG00000013921,Clip3,ortholog_one2one
ENSG00000078328,RBFOX1,ENSMUSG00000008658,Rbfox1,ortholog_one2one
ENSG00000138615,CILP,ENSMUSG00000042254,Cilp,ortholog_one2one
ENSG00000162236,STX5,ENSMUSG00000010110,Stx5a,ortholog_one2one
ENSG00000184828,ZBTB7C,ENSMUSG00000044646,Zbtb7c,ortholog_one2one
ENSG00000197992,CLEC9A,ENSMUSG00000046080,Clec9a,ortholog_one2one
ENSG00000006283,CACNA1G,ENSMUSG00000020866,Cacna1g,ortholog_one2one
ENSG00000125351,UPF3B,ENSMUSG00000036572,Upf3b,ortholog_one2one
ENSG00000017427,IGF1,ENSMUSG00000020053,Igf1,ortholog_one2one
ENSG00000188582,PAQR9,ENSMUSG00000064225,Paqr9,ortholog_one2one
ENSG00000263155,MYZAP,ENSMUSG00000041361,Myzap,ortholog_one2one
ENSG00000164951,PDP1,ENSMUSG00000049225,Pdp1,ortholog_one2one
ENSG00000104691,UBXN8,ENSMUSG00000052906,Ubxn8,ortholog_one2one
ENSG00000171759,PAH,ENSMUSG00000020051,Pah,ortholog_one2one
ENSG00000130402,ACTN4,ENSMUSG00000054808,Actn4,ortholog_one2one
ENSG00000214415,GNAT3,ENSMUSG00000028777,Gnat3,ortholog_one2one
ENSG00000101346,POFUT1,ENSMUSG00000046020,Pofut1,ortholog_one2one
ENSG00000068308,OTUD5,ENSMUSG00000031154,Otud5,ortholog_one2one
ENSG00000127920,GNG11,ENSMUSG00000032766,Gng11,ortholog_one2one
ENSG00000164172,MOCS2,ENSMUSG00000015536,Mocs2,ortholog_one2one
ENSG00000087589,CASS4,ENSMUSG00000074570,Cass4,ortholog_one2one
ENSG00000162344,FGF19,ENSMUSG00000031073,Fgf15,ortholog_one2one
ENSG00000181804,SLC9A9,ENSMUSG00000031129,Slc9a9,ortholog_one2one
ENSG00000125898,FAM110A,ENSMUSG00000027459,Fam110a,ortholog_one2one
ENSG00000153790,SPMIP4,ENSMUSG00000029828,Spmip4,ortholog_one2one
ENSG00000072518,MARK2,ENSMUSG00000024969,Mark2,ortholog_one2one
ENSG00000100934,SEC23A,ENSMUSG00000020986,Sec23a,ortholog_one2one
ENSG00000124191,TOX2,ENSMUSG00000074607,Tox2,ortholog_one2one
ENSG00000104643,MTMR9,ENSMUSG00000035078,Mtmr9,ortholog_one2one
ENSG00000127249,ATP13A4,ENSMUSG00000038094,Atp13a4,ortholog_one2one
ENSG00000101966,XIAP,ENSMUSG00000025860,Xiap,ortholog_one2one
ENSG00000106211,HSPB1,ENSMUSG00000004951,Hspb1,ortholog_one2one
ENSG00000123560,PLP1,ENSMUSG00000031425,Plp1,ortholog_one2one
ENSG00000154319,FAM167A,ENSMUSG00000035095,Fam167a,ortholog_one2one
ENSG00000124155,PIGT,ENSMUSG00000017721,Pigt,ortholog_one2one
ENSG00000111653,ING4,ENSMUSG00000030330,Ing4,ortholog_one2one
ENSG00000106404,CLDN15,ENSMUSG00000001739,Cldn15,ortholog_one2one
ENSG00000186918,ZNF395,ENSMUSG00000034522,Zfp395,ortholog_one2one
ENSG00000241224,C3orf85,ENSMUSG00000110573,Gm5485,ortholog_one2one
ENSG00000186329,TMEM212,ENSMUSG00000043164,Tmem212,ortholog_one2one
ENSG00000114383,TUSC2,ENSMUSG00000010054,Tusc2,ortholog_one2one
ENSG00000156463,SH3RF2,ENSMUSG00000057719,Sh3rf2,ortholog_one2one
ENSG00000170860,LSM3,ENSMUSG00000034192,Lsm3,ortholog_one2one
ENSG00000163633,C4orf36,ENSMUSG00000029320,1700016H13Rik,ortholog_one2one
ENSG00000163687,DNASE1L3,ENSMUSG00000025279,Dnase1l3,ortholog_one2one
ENSG00000072201,LNX1,ENSMUSG00000029228,Lnx1,ortholog_one2one
ENSG00000235631,RNF148,ENSMUSG00000078179,Rnf148,ortholog_one2one
ENSG00000099219,ERMP1,ENSMUSG00000046324,Ermp1,ortholog_one2one
ENSG00000213145,CRIP1,ENSMUSG00000006360,Crip1,ortholog_one2one
ENSG00000114378,HYAL1,ENSMUSG00000010051,Hyal1,ortholog_one2one
ENSG00000070814,TCOF1,ENSMUSG00000024613,Tcof1,ortholog_one2one
ENSG00000151617,EDNRA,ENSMUSG00000031616,Ednra,ortholog_one2one
ENSG00000164938,TP53INP1,ENSMUSG00000028211,Trp53inp1,ortholog_one2one
ENSG00000148835,TAF5,ENSMUSG00000025049,Taf5,ortholog_one2one
ENSG00000123124,WWP1,ENSMUSG00000041058,Wwp1,ortholog_one2one
ENSG00000047365,ARAP2,ENSMUSG00000037999,Arap2,ortholog_one2one
ENSG00000154473,BUB3,ENSMUSG00000066979,Bub3,ortholog_one2one
ENSG00000174564,IL20RB,ENSMUSG00000044244,Il20rb,ortholog_one2one
ENSG00000111087,GLI1,ENSMUSG00000025407,Gli1,ortholog_one2one
ENSG00000129437,KLK14,ENSMUSG00000044737,Klk14,ortholog_one2one
ENSG00000163659,TIPARP,ENSMUSG00000034640,Tiparp,ortholog_one2one
ENSG00000104047,DTWD1,ENSMUSG00000023330,Dtwd1,ortholog_one2one
ENSG00000158113,LRRC43,ENSMUSG00000063409,Lrrc43,ortholog_one2one
ENSG00000121797,CCRL2,ENSMUSG00000043953,Ccrl2,ortholog_one2one
ENSG00000174206,KICS2,ENSMUSG00000053684,Kics2,ortholog_one2one
ENSG00000196116,TDRD7,ENSMUSG00000035517,Tdrd7,ortholog_one2one
ENSG00000227345,PARG,ENSMUSG00000021911,Parg,ortholog_one2one
ENSG00000111276,CDKN1B,ENSMUSG00000003031,Cdkn1b,ortholog_one2one
ENSG00000022976,ZNF839,ENSMUSG00000021271,Zfp839,ortholog_one2one
ENSG00000157017,GHRL,ENSMUSG00000064177,Ghrl,ortholog_one2one
ENSG00000165675,ENOX2,ENSMUSG00000031109,Enox2,ortholog_one2one
ENSG00000047621,FERRY3,ENSMUSG00000030347,D6Wsu163e,ortholog_one2one
ENSG00000163312,HELQ,ENSMUSG00000035266,Helq,ortholog_one2one
ENSG00000173546,CSPG4,ENSMUSG00000032911,Cspg4,ortholog_one2one
ENSG00000241697,TMEFF1,ENSMUSG00000028347,Tmeff1,ortholog_one2one
ENSG00000186575,NF2,ENSMUSG00000009073,Nf2,ortholog_one2one
ENSG00000174444,RPL4,ENSMUSG00000032399,Rpl4,ortholog_one2one
ENSG00000111199,TRPV4,ENSMUSG00000014158,Trpv4,ortholog_one2one
ENSG00000089737,DDX24,ENSMUSG00000041645,Ddx24,ortholog_one2one
ENSG00000103495,MAZ,ENSMUSG00000030678,Maz,ortholog_one2one
ENSG00000118785,SPP1,ENSMUSG00000029304,Spp1,ortholog_one2one
ENSG00000166136,NDUFB8,ENSMUSG00000025204,Ndufb8,ortholog_one2one
ENSG00000122707,RECK,ENSMUSG00000028476,Reck,ortholog_one2one
ENSG00000071794,HLTF,ENSMUSG00000002428,Hltf,ortholog_one2one
ENSG00000149798,CDC42EP2,ENSMUSG00000045664,Cdc42ep2,ortholog_one2one
ENSG00000175470,PPP2R2D,ENSMUSG00000041769,Ppp2r2d,ortholog_one2one
ENSG00000172350,ABCG4,ENSMUSG00000032131,Abcg4,ortholog_one2one
ENSG00000100784,RPS6KA5,ENSMUSG00000021180,Rps6ka5,ortholog_one2one
ENSG00000261236,BOP1,ENSMUSG00000022557,Bop1,ortholog_one2one
ENSG00000148841,ITPRIP,ENSMUSG00000117975,Itprip,ortholog_one2one
ENSG00000137460,FHDC1,ENSMUSG00000041842,Fhdc1,ortholog_one2one
ENSG00000136877,FPGS,ENSMUSG00000009566,Fpgs,ortholog_one2one
ENSG00000110148,CCKBR,ENSMUSG00000030898,Cckbr,ortholog_one2one
ENSG00000143442,POGZ,ENSMUSG00000038902,Pogz,ortholog_one2one
ENSG00000107874,CUEDC2,ENSMUSG00000036748,Cuedc2,ortholog_one2one
ENSG00000173457,PPP1R14B,ENSMUSG00000073730,Ppp1r14bl,ortholog_one2one
ENSG00000102317,RBM3,ENSMUSG00000031167,Rbm3,ortholog_one2one
ENSG00000134917,ADAMTS8,ENSMUSG00000031994,Adamts8,ortholog_one2one
ENSG00000157045,NTAN1,ENSMUSG00000022681,Ntan1,ortholog_one2one
ENSG00000163704,PRRT3,ENSMUSG00000045009,Prrt3,ortholog_one2one
ENSG00000229474,PATL2,ENSMUSG00000027233,Patl2,ortholog_one2one
ENSG00000170142,UBE2E1,ENSMUSG00000021774,Ube2e1,ortholog_one2one
ENSG00000127511,SIN3B,ENSMUSG00000031622,Sin3b,ortholog_one2one
ENSG00000131831,RAI2,ENSMUSG00000043518,Rai2,ortholog_one2one
ENSG00000169129,AFAP1L2,ENSMUSG00000025083,Afap1l2,ortholog_one2one
ENSG00000140307,GTF2A2,ENSMUSG00000033543,Gtf2a2,ortholog_one2one
ENSG00000100949,RABGGTA,ENSMUSG00000040472,Rabggta,ortholog_one2one
ENSG00000183971,NPW,ENSMUSG00000071230,Npw,ortholog_one2one
ENSG00000066422,ZBTB11,ENSMUSG00000022601,Zbtb11,ortholog_one2one
ENSG00000237515,SHISA9,ENSMUSG00000022494,Shisa9,ortholog_one2one
ENSG00000094631,HDAC6,ENSMUSG00000031161,Hdac6,ortholog_one2one
ENSG00000186153,WWOX,ENSMUSG00000004637,Wwox,ortholog_one2one
ENSG00000114315,HES1,ENSMUSG00000022528,Hes1,ortholog_one2one
ENSG00000164056,SPRY1,ENSMUSG00000037211,Spry1,ortholog_one2one
ENSG00000174748,RPL15,ENSMUSG00000012405,Rpl15,ortholog_one2one
ENSG00000109572,CLCN3,ENSMUSG00000004319,Clcn3,ortholog_one2one
ENSG00000155330,C16orf87,ENSMUSG00000036934,4921524J17Rik,ortholog_one2one
ENSG00000110092,CCND1,ENSMUSG00000070348,Ccnd1,ortholog_one2one
ENSG00000233932,CTXN2,ENSMUSG00000074872,Ctxn2,ortholog_one2one
ENSG00000012504,NR1H4,ENSMUSG00000047638,Nr1h4,ortholog_one2one
ENSG00000177606,JUN,ENSMUSG00000052684,Jun,ortholog_one2one
ENSG00000171735,CAMTA1,ENSMUSG00000014592,Camta1,ortholog_one2one
ENSG00000034053,APBA2,ENSMUSG00000030519,Apba2,ortholog_one2one
ENSG00000168569,TMEM223,ENSMUSG00000117924,Tmem223,ortholog_one2one
ENSG00000173465,ZNRD2,ENSMUSG00000079478,Znrd2,ortholog_one2one
ENSG00000166164,BRD7,ENSMUSG00000031660,Brd7,ortholog_one2one
ENSG00000162399,BSND,ENSMUSG00000025418,Bsnd,ortholog_one2one
ENSG00000179241,LDLRAD3,ENSMUSG00000048058,Ldlrad3,ortholog_one2one
ENSG00000257365,FNTB,ENSMUSG00000033373,Fntb,ortholog_one2one
ENSG00000144730,IL17RD,ENSMUSG00000040717,Il17rd,ortholog_one2one
ENSG00000105137,SYDE1,ENSMUSG00000032714,Syde1,ortholog_one2one
ENSG00000260428,SCX,ENSMUSG00000034161,Scx,ortholog_one2one
ENSG00000203995,ZYG11A,ENSMUSG00000034645,Zyg11a,ortholog_one2one
ENSG00000186174,BCL9L,ENSMUSG00000063382,Bcl9l,ortholog_one2one
ENSG00000123933,MXD4,ENSMUSG00000037235,Mxd4,ortholog_one2one
ENSG00000070718,AP3M2,ENSMUSG00000031539,Ap3m2,ortholog_one2one
ENSG00000155252,PI4K2A,ENSMUSG00000025178,Pi4k2a,ortholog_one2one
ENSG00000137692,DCUN1D5,ENSMUSG00000032002,Dcun1d5,ortholog_one2one
ENSG00000162383,SLC1A7,ENSMUSG00000008932,Slc1a7,ortholog_one2one
ENSG00000161981,SNRNP25,ENSMUSG00000040767,Snrnp25,ortholog_one2one
ENSG00000181826,RELL1,ENSMUSG00000047881,Rell1,ortholog_one2one
ENSG00000127578,WFIKKN1,ENSMUSG00000071192,Wfikkn1,ortholog_one2one
ENSG00000168826,ZBTB49,ENSMUSG00000029127,Zbtb49,ortholog_one2one
ENSG00000162006,MSLNL,ENSMUSG00000041062,Mslnl,ortholog_one2one
ENSG00000129535,NRL,ENSMUSG00000040632,Nrl,ortholog_one2one
ENSG00000167978,SRRM2,ENSMUSG00000039218,Srrm2,ortholog_one2one
ENSG00000077150,NFKB2,ENSMUSG00000025225,Nfkb2,ortholog_one2one
ENSG00000164687,FABP5,ENSMUSG00000027533,Fabp5,ortholog_one2one
ENSG00000072110,ACTN1,ENSMUSG00000015143,Actn1,ortholog_one2one
ENSG00000197265,GTF2E2,ENSMUSG00000031585,Gtf2e2,ortholog_one2one
ENSG00000177051,FBXO46,ENSMUSG00000050428,Fbxo46,ortholog_one2one
ENSG00000007047,MARK4,ENSMUSG00000030397,Mark4,ortholog_one2one
ENSG00000010322,NISCH,ENSMUSG00000021910,Nisch,ortholog_one2one
ENSG00000175329,ISX,ENSMUSG00000031621,Isx,ortholog_one2one
ENSG00000110237,ARHGEF17,ENSMUSG00000032875,Arhgef17,ortholog_one2one
ENSG00000186716,BCR,ENSMUSG00000009681,Bcr,ortholog_one2one
ENSG00000143321,HDGF,ENSMUSG00000004897,Hdgf,ortholog_one2one
ENSG00000085644,ZNF213,ENSMUSG00000071256,Zfp213,ortholog_one2one
ENSG00000188859,FAM78B,ENSMUSG00000060568,Fam78b,ortholog_one2one
ENSG00000177238,TRIM72,ENSMUSG00000042828,Trim72,ortholog_one2one
ENSG00000102924,CBLN1,ENSMUSG00000031654,Cbln1,ortholog_one2one
ENSG00000162341,TPCN2,ENSMUSG00000048677,Tpcn2,ortholog_one2one
ENSG00000178538,CA8,ENSMUSG00000041261,Car8,ortholog_one2one
ENSG00000130045,NXNL2,ENSMUSG00000021396,Nxnl2,ortholog_one2one
ENSG00000077312,SNRPA,ENSMUSG00000061479,Snrpa,ortholog_one2one
ENSG00000095321,CRAT,ENSMUSG00000026853,Crat,ortholog_one2one
ENSG00000147526,TACC1,ENSMUSG00000065954,Tacc1,ortholog_one2one
ENSG00000168748,CA7,ENSMUSG00000031883,Car7,ortholog_one2one
ENSG00000111530,CAND1,ENSMUSG00000020114,Cand1,ortholog_one2one
ENSG00000120742,SERP1,ENSMUSG00000027808,Serp1,ortholog_one2one
ENSG00000153789,CIBAR2,ENSMUSG00000042269,Cibar2,ortholog_one2one
ENSG00000204231,RXRB,ENSMUSG00000039656,Rxrb,ortholog_one2one
ENSG00000066926,FECH,ENSMUSG00000024588,Fech,ortholog_one2one
ENSG00000157423,HYDIN,ENSMUSG00000059854,Hydin,ortholog_one2one
ENSG00000105246,EBI3,ENSMUSG00000003206,Ebi3,ortholog_one2one
ENSG00000129071,MBD4,ENSMUSG00000030322,Mbd4,ortholog_one2one
ENSG00000099957,P2RX6,ENSMUSG00000022758,P2rx6,ortholog_one2one
ENSG00000105722,ERF,ENSMUSG00000040857,Erf,ortholog_one2one
ENSG00000185633,NDUFA4L2,ENSMUSG00000040280,Ndufa4l2,ortholog_one2one
ENSG00000159173,TNNI1,ENSMUSG00000026418,Tnni1,ortholog_one2one
ENSG00000166046,TCP11L2,ENSMUSG00000020034,Tcp11l2,ortholog_one2one
ENSG00000105642,KCNN1,ENSMUSG00000002908,Kcnn1,ortholog_one2one
ENSG00000136854,STXBP1,ENSMUSG00000026797,Stxbp1,ortholog_one2one
ENSG00000213079,SCAF8,ENSMUSG00000046201,Scaf8,ortholog_one2one
ENSG00000162771,GARIN4,ENSMUSG00000091017,Garin4,ortholog_one2one
ENSG00000123685,BATF3,ENSMUSG00000026630,Batf3,ortholog_one2one
ENSG00000143756,FBXO28,ENSMUSG00000047539,Fbxo28,ortholog_one2one
ENSG00000211584,SLC48A1,ENSMUSG00000081534,Slc48a1,ortholog_one2one
ENSG00000144554,FANCD2,ENSMUSG00000034023,Fancd2,ortholog_one2one
ENSG00000111679,PTPN6,ENSMUSG00000004266,Ptpn6,ortholog_one2one
ENSG00000076924,XAB2,ENSMUSG00000019470,Xab2,ortholog_one2one
ENSG00000137500,CCDC90B,ENSMUSG00000030613,Ccdc90b,ortholog_one2one
ENSG00000170113,NIPA1,ENSMUSG00000047037,Nipa1,ortholog_one2one
ENSG00000236104,ZBTB22,ENSMUSG00000051390,Zbtb22,ortholog_one2one
ENSG00000198951,NAGA,ENSMUSG00000022453,Naga,ortholog_one2one
ENSG00000198185,ZNF334,ENSMUSG00000017667,Zfp334,ortholog_one2one
ENSG00000214688,C10orf105,ENSMUSG00000090439,Gm17455,ortholog_one2one
ENSG00000138346,DNA2,ENSMUSG00000036875,Dna2,ortholog_one2one
ENSG00000196557,CACNA1H,ENSMUSG00000024112,Cacna1h,ortholog_one2one
ENSG00000092445,TYRO3,ENSMUSG00000027298,Tyro3,ortholog_one2one
ENSG00000162946,DISC1,ENSMUSG00000043051,Disc1,ortholog_one2one
ENSG00000152359,POC5,ENSMUSG00000021671,Poc5,ortholog_one2one
ENSG00000101079,NDRG3,ENSMUSG00000027634,Ndrg3,ortholog_one2one
ENSG00000167074,TEF,ENSMUSG00000022389,Tef,ortholog_one2one
ENSG00000172461,FUT9,ENSMUSG00000055373,Fut9,ortholog_one2one
ENSG00000100353,EIF3D,ENSMUSG00000016554,Eif3d,ortholog_one2one
ENSG00000111231,GPN3,ENSMUSG00000029464,Gpn3,ortholog_one2one
ENSG00000113441,LNPEP,ENSMUSG00000023845,Lnpep,ortholog_one2one
ENSG00000150768,DLAT,ENSMUSG00000000168,Dlat,ortholog_one2one
ENSG00000272325,NUDT3,ENSMUSG00000024213,Nudt3,ortholog_one2one
ENSG00000183150,GPR19,ENSMUSG00000032641,Gpr19,ortholog_one2one
ENSG00000262919,CCNQ,ENSMUSG00000049489,Ccnq,ortholog_one2one
ENSG00000104889,RNASEH2A,ENSMUSG00000052926,Rnaseh2a,ortholog_one2one
ENSG00000091844,RGS17,ENSMUSG00000019775,Rgs17,ortholog_one2one
ENSG00000259417,CTXND1,ENSMUSG00000097789,Ctxnd1,ortholog_one2one
ENSG00000077147,TM9SF3,ENSMUSG00000025016,Tm9sf3,ortholog_one2one
ENSG00000186687,LYRM7,ENSMUSG00000020268,Lyrm7,ortholog_one2one
ENSG00000124802,EEF1E1,ENSMUSG00000001707,Eef1e1,ortholog_one2one
ENSG00000182544,MFSD5,ENSMUSG00000045665,Mfsd5,ortholog_one2one
ENSG00000111707,SUDS3,ENSMUSG00000066900,Suds3,ortholog_one2one
ENSG00000168246,UBTD2,ENSMUSG00000044949,Ubtd2,ortholog_one2one
ENSG00000100814,CCNB1IP1,ENSMUSG00000071470,Ccnb1ip1,ortholog_one2one
ENSG00000146414,SHPRH,ENSMUSG00000090112,Shprh,ortholog_one2one
ENSG00000163626,COX18,ENSMUSG00000035505,Cox18,ortholog_one2one
ENSG00000072571,HMMR,ENSMUSG00000020330,Hmmr,ortholog_one2one
ENSG00000005893,LAMP2,ENSMUSG00000016534,Lamp2,ortholog_one2one
ENSG00000109171,SLAIN2,ENSMUSG00000036087,Slain2,ortholog_one2one
ENSG00000149948,HMGA2,ENSMUSG00000056758,Hmga2,ortholog_one2one
ENSG00000140416,TPM1,ENSMUSG00000032366,Tpm1,ortholog_one2one
ENSG00000125656,CLPP,ENSMUSG00000002660,Clpp,ortholog_one2one
ENSG00000101213,PTK6,ENSMUSG00000038751,Ptk6,ortholog_one2one
ENSG00000138663,COPS4,ENSMUSG00000035297,Cops4,ortholog_one2one
ENSG00000218891,ZNF579,ENSMUSG00000051550,Zfp579,ortholog_one2one
ENSG00000166913,YWHAB,ENSMUSG00000018326,Ywhab,ortholog_one2one
ENSG00000111445,RFC5,ENSMUSG00000029363,Rfc5,ortholog_one2one
ENSG00000121653,MAPK8IP1,ENSMUSG00000027223,Mapk8ip1,ortholog_one2one
ENSG00000124783,SSR1,ENSMUSG00000021427,Ssr1,ortholog_one2one
ENSG00000167670,CHAF1A,ENSMUSG00000002835,Chaf1a,ortholog_one2one
ENSG00000109771,LRP2BP,ENSMUSG00000031637,Lrp2bp,ortholog_one2one
ENSG00000162105,SHANK2,ENSMUSG00000037541,Shank2,ortholog_one2one
ENSG00000148225,WDR31,ENSMUSG00000028391,Wdr31,ortholog_one2one
ENSG00000116176,TPSG1,ENSMUSG00000033200,Tpsg1,ortholog_one2one
ENSG00000138772,ANXA3,ENSMUSG00000029484,Anxa3,ortholog_one2one
ENSG00000138119,MYOF,ENSMUSG00000048612,Myof,ortholog_one2one
ENSG00000131023,LATS1,ENSMUSG00000040021,Lats1,ortholog_one2one
ENSG00000105281,SLC1A5,ENSMUSG00000001918,Slc1a5,ortholog_one2one
ENSG00000171135,JAGN1,ENSMUSG00000051256,Jagn1,ortholog_one2one
ENSG00000075188,NUP37,ENSMUSG00000035351,Nup37,ortholog_one2one
ENSG00000163530,DPPA2,ENSMUSG00000072419,Dppa2,ortholog_one2one
ENSG00000005513,SOX8,ENSMUSG00000024176,Sox8,ortholog_one2one
ENSG00000126759,CFP,ENSMUSG00000001128,Cfp,ortholog_one2one
ENSG00000066117,SMARCD1,ENSMUSG00000023018,Smarcd1,ortholog_one2one
ENSG00000088826,SMOX,ENSMUSG00000027333,Smox,ortholog_one2one
ENSG00000064666,CNN2,ENSMUSG00000004665,Cnn2,ortholog_one2one
ENSG00000112812,PRSS16,ENSMUSG00000006179,Prss16,ortholog_one2one
ENSG00000003096,KLHL13,ENSMUSG00000036782,Klhl13,ortholog_one2one
ENSG00000135052,GOLM1,ENSMUSG00000021556,Golm1,ortholog_one2one
ENSG00000172780,RAB43,ENSMUSG00000030055,Rab43,ortholog_one2one
ENSG00000167962,ZNF598,ENSMUSG00000041130,Zfp598,ortholog_one2one
ENSG00000171530,TBCA,ENSMUSG00000042043,Tbca,ortholog_one2one
ENSG00000160097,FNDC5,ENSMUSG00000001334,Fndc5,ortholog_one2one
ENSG00000221963,APOL6,ENSMUSG00000033576,Apol6,ortholog_one2one
ENSG00000099994,SUSD2,ENSMUSG00000006342,Susd2,ortholog_one2one
ENSG00000123892,RAB38,ENSMUSG00000030559,Rab38,ortholog_one2one
ENSG00000144827,ABHD10,ENSMUSG00000033157,Abhd10,ortholog_one2one
ENSG00000160818,GPATCH4,ENSMUSG00000028069,Gpatch4,ortholog_one2one
ENSG00000134056,KGD4,ENSMUSG00000061474,Mrps36,ortholog_one2one
ENSG00000166507,NDST2,ENSMUSG00000039308,Ndst2,ortholog_one2one
ENSG00000164258,NDUFS4,ENSMUSG00000021764,Ndufs4,ortholog_one2one
ENSG00000177189,RPS6KA3,ENSMUSG00000031309,Rps6ka3,ortholog_one2one
ENSG00000111843,TMEM14C,ENSMUSG00000021361,Tmem14c,ortholog_one2one
ENSG00000213593,TMX2,ENSMUSG00000050043,Tmx2,ortholog_one2one
ENSG00000132182,NUP210,ENSMUSG00000030091,Nup210,ortholog_one2one
ENSG00000150756,ATPSCKMT,ENSMUSG00000039065,Atpsckmt,ortholog_one2one
ENSG00000110917,MLEC,ENSMUSG00000048578,Mlec,ortholog_one2one
ENSG00000112218,GPR63,ENSMUSG00000040372,Gpr63,ortholog_one2one
ENSG00000125945,ZNF436,ENSMUSG00000051351,Zfp46,ortholog_one2one
ENSG00000130772,MED18,ENSMUSG00000066042,Med18,ortholog_one2one
ENSG00000123552,USP45,ENSMUSG00000040455,Usp45,ortholog_one2one
ENSG00000134058,CDK7,ENSMUSG00000069089,Cdk7,ortholog_one2one
ENSG00000135441,BLOC1S1,ENSMUSG00000090247,Bloc1s1,ortholog_one2one
ENSG00000061656,SPAG4,ENSMUSG00000038180,Spag4,ortholog_one2one
ENSG00000089154,GCN1,ENSMUSG00000041638,Gcn1,ortholog_one2one
ENSG00000090013,BLVRB,ENSMUSG00000040466,Blvrb,ortholog_one2one
ENSG00000165304,MELK,ENSMUSG00000035683,Melk,ortholog_one2one
ENSG00000138769,CDKL2,ENSMUSG00000029403,Cdkl2,ortholog_one2one
ENSG00000009830,POMT2,ENSMUSG00000034126,Pomt2,ortholog_one2one
ENSG00000167992,VWCE,ENSMUSG00000043789,Vwce,ortholog_one2one
ENSG00000108039,XPNPEP1,ENSMUSG00000025027,Xpnpep1,ortholog_one2one
ENSG00000131069,ACSS2,ENSMUSG00000027605,Acss2,ortholog_one2one
ENSG00000166473,PKD1L2,ENSMUSG00000034416,Pkd1l2,ortholog_one2one
ENSG00000109758,HGFAC,ENSMUSG00000029102,Hgfac,ortholog_one2one
ENSG00000211452,DIO1,ENSMUSG00000034785,Dio1,ortholog_one2one
ENSG00000140157,NIPA2,ENSMUSG00000030452,Nipa2,ortholog_one2one
ENSG00000128274,A4GALT,ENSMUSG00000047878,A4galt,ortholog_one2one
ENSG00000173545,ZNF622,ENSMUSG00000052253,Zfp622,ortholog_one2one
ENSG00000204287,HLA-DRA,ENSMUSG00000036322,H2-Ea,ortholog_one2one
ENSG00000162592,CCDC27,ENSMUSG00000039492,Ccdc27,ortholog_one2one
ENSG00000169398,PTK2,ENSMUSG00000022607,Ptk2,ortholog_one2one
ENSG00000113194,FAF2,ENSMUSG00000025873,Faf2,ortholog_one2one
ENSG00000156097,GPR61,ENSMUSG00000046793,Gpr61,ortholog_one2one
ENSG00000118518,RNF146,ENSMUSG00000038876,Rnf146,ortholog_one2one
ENSG00000159398,CES5A,ENSMUSG00000058019,Ces5a,ortholog_one2one
ENSG00000213186,TRIM59,ENSMUSG00000034317,Trim59,ortholog_one2one
ENSG00000143258,USP21,ENSMUSG00000053483,Usp21,ortholog_one2one
ENSG00000118420,UBE3D,ENSMUSG00000032415,Ube3d,ortholog_one2one
ENSG00000278195,SSTR3,ENSMUSG00000044933,Sstr3,ortholog_one2one
ENSG00000119574,ZBTB45,ENSMUSG00000049600,Zbtb45,ortholog_one2one
ENSG00000182944,EWSR1,ENSMUSG00000009079,Ewsr1,ortholog_one2one
ENSG00000182247,UBE2E2,ENSMUSG00000058317,Ube2e2,ortholog_one2one
ENSG00000109854,HTATIP2,ENSMUSG00000039745,Htatip2,ortholog_one2one
ENSG00000145494,NDUFS6,ENSMUSG00000021606,Ndufs6,ortholog_one2one
ENSG00000174951,FUT1,ENSMUSG00000008461,Fut1,ortholog_one2one
ENSG00000196104,SPOCK3,ENSMUSG00000054162,Spock3,ortholog_one2one
ENSG00000161021,MAML1,ENSMUSG00000050567,Maml1,ortholog_one2one
ENSG00000075945,KIFAP3,ENSMUSG00000026585,Kifap3,ortholog_one2one
ENSG00000163808,KIF15,ENSMUSG00000036768,Kif15,ortholog_one2one
ENSG00000137331,IER3,ENSMUSG00000003541,Ier3,ortholog_one2one
ENSG00000171421,MRPL36,ENSMUSG00000021607,Mrpl36,ortholog_one2one
ENSG00000167645,YIF1B,ENSMUSG00000030588,Yif1b,ortholog_one2one
ENSG00000112304,ACOT13,ENSMUSG00000006717,Acot13,ortholog_one2one
ENSG00000113319,RASGRF2,ENSMUSG00000021708,Rasgrf2,ortholog_one2one
ENSG00000134954,ETS1,ENSMUSG00000032035,Ets1,ortholog_one2one
ENSG00000146215,CRIP3,ENSMUSG00000023968,Crip3,ortholog_one2one
ENSG00000137338,PGBD1,ENSMUSG00000055313,Pgbd1,ortholog_one2one
ENSG00000081248,CACNA1S,ENSMUSG00000026407,Cacna1s,ortholog_one2one
ENSG00000113119,TMCO6,ENSMUSG00000006850,Tmco6,ortholog_one2one
ENSG00000135503,ACVR1B,ENSMUSG00000000532,Acvr1b,ortholog_one2one
ENSG00000118523,CCN2,ENSMUSG00000019997,Ccn2,ortholog_one2one
ENSG00000156603,MED19,ENSMUSG00000027080,Med19,ortholog_one2one
ENSG00000143337,TOR1AIP1,ENSMUSG00000026466,Tor1aip1,ortholog_one2one
ENSG00000055208,TAB2,ENSMUSG00000015755,Tab2,ortholog_one2one
ENSG00000177508,IRX3,ENSMUSG00000031734,Irx3,ortholog_one2one
ENSG00000166689,PLEKHA7,ENSMUSG00000045659,Plekha7,ortholog_one2one
ENSG00000112365,ZBTB24,ENSMUSG00000019826,Zbtb24,ortholog_one2one
ENSG00000115268,RPS15,ENSMUSG00000063457,Rps15,ortholog_one2one
ENSG00000113068,PFDN1,ENSMUSG00000024346,Pfdn1,ortholog_one2one
ENSG00000076716,GPC4,ENSMUSG00000031119,Gpc4,ortholog_one2one
ENSG00000136014,USP44,ENSMUSG00000020020,Usp44,ortholog_one2one
ENSG00000164180,TMEM161B,ENSMUSG00000035762,Tmem161b,ortholog_one2one
ENSG00000116745,RPE65,ENSMUSG00000028174,Rpe65,ortholog_one2one
ENSG00000130208,APOC1,ENSMUSG00000040564,Apoc1,ortholog_one2one
ENSG00000116147,TNR,ENSMUSG00000015829,Tnr,ortholog_one2one
ENSG00000183943,PRKX,ENSMUSG00000035725,Prkx,ortholog_one2one
ENSG00000175868,CALCB,ENSMUSG00000030666,Calcb,ortholog_one2one
ENSG00000099330,OCEL1,ENSMUSG00000002396,Ocel1,ortholog_one2one
ENSG00000198626,RYR2,ENSMUSG00000021313,Ryr2,ortholog_one2one
ENSG00000154102,C16orf74,ENSMUSG00000043687,1190005I06Rik,ortholog_one2one
ENSG00000110107,PRPF19,ENSMUSG00000024735,Prpf19,ortholog_one2one
ENSG00000068366,ACSL4,ENSMUSG00000031278,Acsl4,ortholog_one2one
ENSG00000214435,AS3MT,ENSMUSG00000003559,As3mt,ortholog_one2one
ENSG00000167522,ANKRD11,ENSMUSG00000035569,Ankrd11,ortholog_one2one
ENSG00000151552,QDPR,ENSMUSG00000015806,Qdpr,ortholog_one2one
ENSG00000099795,NDUFB7,ENSMUSG00000033938,Ndufb7,ortholog_one2one
ENSG00000163807,KIAA1143,ENSMUSG00000032551,1110059G10Rik,ortholog_one2one
ENSG00000165816,VWA2,ENSMUSG00000025082,Vwa2,ortholog_one2one
ENSG00000168394,TAP1,ENSMUSG00000037321,Tap1,ortholog_one2one
ENSG00000105447,GRWD1,ENSMUSG00000053801,Grwd1,ortholog_one2one
ENSG00000041802,LSG1,ENSMUSG00000022538,Lsg1,ortholog_one2one
ENSG00000113273,ARSB,ENSMUSG00000042082,Arsb,ortholog_one2one
ENSG00000165526,RPUSD4,ENSMUSG00000032044,Rpusd4,ortholog_one2one
ENSG00000060982,BCAT1,ENSMUSG00000030268,Bcat1,ortholog_one2one
ENSG00000078403,MLLT10,ENSMUSG00000026743,Mllt10,ortholog_one2one
ENSG00000170234,PWWP2A,ENSMUSG00000044950,Pwwp2a,ortholog_one2one
ENSG00000105677,TMEM147,ENSMUSG00000006315,Tmem147,ortholog_one2one
ENSG00000197345,MRPL21,ENSMUSG00000024829,Mrpl21,ortholog_one2one
ENSG00000086589,RBM22,ENSMUSG00000024604,Rbm22,ortholog_one2one
ENSG00000163377,TAFA4,ENSMUSG00000046500,Tafa4,ortholog_one2one
ENSG00000119812,FAM98A,ENSMUSG00000002017,Fam98a,ortholog_one2one
ENSG00000114353,GNAI2,ENSMUSG00000032562,Gnai2,ortholog_one2one
ENSG00000150667,FSIP1,ENSMUSG00000027344,Fsip1,ortholog_one2one
ENSG00000217128,FNIP1,ENSMUSG00000035992,Fnip1,ortholog_one2one
ENSG00000112578,BYSL,ENSMUSG00000023988,Bysl,ortholog_one2one
ENSG00000069974,RAB27A,ENSMUSG00000032202,Rab27a,ortholog_one2one
ENSG00000105371,ICAM4,ENSMUSG00000001014,Icam4,ortholog_one2one
ENSG00000257446,ZNF878,ENSMUSG00000054519,Zfp867,ortholog_one2one
ENSG00000138821,SLC39A8,ENSMUSG00000053897,Slc39a8,ortholog_one2one
ENSG00000008018,PSMB1,ENSMUSG00000014769,Psmb1,ortholog_one2one
ENSG00000124767,GLO1,ENSMUSG00000024026,Glo1,ortholog_one2one
ENSG00000183454,GRIN2A,ENSMUSG00000059003,Grin2a,ortholog_one2one
ENSG00000126259,KIRREL2,ENSMUSG00000036915,Kirrel2,ortholog_one2one
ENSG00000048162,NOP16,ENSMUSG00000025869,Nop16,ortholog_one2one
ENSG00000127334,DYRK2,ENSMUSG00000028630,Dyrk2,ortholog_one2one
ENSG00000163666,HESX1,ENSMUSG00000040726,Hesx1,ortholog_one2one
ENSG00000137404,NRM,ENSMUSG00000059791,Nrm,ortholog_one2one
ENSG00000206557,TRIM71,ENSMUSG00000079259,Trim71,ortholog_one2one
ENSG00000111206,FOXM1,ENSMUSG00000001517,Foxm1,ortholog_one2one
ENSG00000114902,SPCS1,ENSMUSG00000021917,Spcs1,ortholog_one2one
ENSG00000188770,OPTC,ENSMUSG00000010311,Optc,ortholog_one2one
ENSG00000064655,EYA2,ENSMUSG00000017897,Eya2,ortholog_one2one
ENSG00000214160,ALG3,ENSMUSG00000033809,Alg3,ortholog_one2one
ENSG00000123240,OPTN,ENSMUSG00000026672,Optn,ortholog_one2one
ENSG00000120156,TEK,ENSMUSG00000006386,Tek,ortholog_one2one
ENSG00000198841,KTI12,ENSMUSG00000073775,Kti12,ortholog_one2one
ENSG00000131503,ANKHD1,ENSMUSG00000024483,Ankhd1,ortholog_one2one
ENSG00000162877,PM20D1,ENSMUSG00000042251,Pm20d1,ortholog_one2one
ENSG00000130826,DKC1,ENSMUSG00000031403,Dkc1,ortholog_one2one
ENSG00000127418,FGFRL1,ENSMUSG00000008090,Fgfrl1,ortholog_one2one
ENSG00000204308,RNF5,ENSMUSG00000015478,Rnf5,ortholog_one2one
ENSG00000140265,ZSCAN29,ENSMUSG00000050619,Zscan29,ortholog_one2one
ENSG00000076201,PTPN23,ENSMUSG00000036057,Ptpn23,ortholog_one2one
ENSG00000164458,TBXT,ENSMUSG00000062327,T,ortholog_one2one
ENSG00000140367,UBE2Q2,ENSMUSG00000032307,Ube2q2,ortholog_one2one
ENSG00000149554,CHEK1,ENSMUSG00000032113,Chek1,ortholog_one2one
ENSG00000164066,INTU,ENSMUSG00000060798,Intu,ortholog_one2one
ENSG00000198960,ARMCX6,ENSMUSG00000050394,Armcx6,ortholog_one2one
ENSG00000124535,WRNIP1,ENSMUSG00000021400,Wrnip1,ortholog_one2one
ENSG00000104979,C19orf53,ENSMUSG00000019362,D8Ertd738e,ortholog_one2one
ENSG00000197594,ENPP1,ENSMUSG00000037370,Enpp1,ortholog_one2one
ENSG00000105662,CRTC1,ENSMUSG00000003575,Crtc1,ortholog_one2one
ENSG00000143315,PIGM,ENSMUSG00000050229,Pigm,ortholog_one2one
ENSG00000132681,ATP1A4,ENSMUSG00000007107,Atp1a4,ortholog_one2one
ENSG00000124228,DDX27,ENSMUSG00000017999,Ddx27,ortholog_one2one
ENSG00000110851,PRDM4,ENSMUSG00000035529,Prdm4,ortholog_one2one
ENSG00000186792,HYAL3,ENSMUSG00000036091,Hyal3,ortholog_one2one
ENSG00000243477,NAA80,ENSMUSG00000079334,Naa80,ortholog_one2one
ENSG00000165671,NSD1,ENSMUSG00000021488,Nsd1,ortholog_one2one
ENSG00000163631,ALB,ENSMUSG00000029368,Alb,ortholog_one2one
ENSG00000112658,SRF,ENSMUSG00000015605,Srf,ortholog_one2one
ENSG00000112367,FIG4,ENSMUSG00000038417,Fig4,ortholog_one2one
ENSG00000184752,NDUFA12,ENSMUSG00000020022,Ndufa12,ortholog_one2one
ENSG00000145681,HAPLN1,ENSMUSG00000021613,Hapln1,ortholog_one2one
ENSG00000177192,PUS1,ENSMUSG00000029507,Pus1,ortholog_one2one
ENSG00000172020,GAP43,ENSMUSG00000047261,Gap43,ortholog_one2one
ENSG00000164265,SCGB3A2,ENSMUSG00000038791,Scgb3a2,ortholog_one2one
ENSG00000160124,MIX23,ENSMUSG00000075229,Mix23,ortholog_one2one
ENSG00000176444,CLK2,ENSMUSG00000068917,Clk2,ortholog_one2one
ENSG00000162298,SYVN1,ENSMUSG00000024807,Syvn1,ortholog_one2one
ENSG00000104973,MED25,ENSMUSG00000002968,Med25,ortholog_one2one
ENSG00000196981,WDR5B,ENSMUSG00000034379,Wdr5b,ortholog_one2one
ENSG00000184840,TMED9,ENSMUSG00000058569,Tmed9,ortholog_one2one
ENSG00000075914,EXOSC7,ENSMUSG00000025785,Exosc7,ortholog_one2one
ENSG00000137842,TMEM62,ENSMUSG00000054484,Tmem62,ortholog_one2one
ENSG00000113732,ATP6V0E1,ENSMUSG00000015575,Atp6v0e,ortholog_one2one
ENSG00000196998,WDR45,ENSMUSG00000039382,Wdr45,ortholog_one2one
ENSG00000153037,SRP19,ENSMUSG00000014504,Srp19,ortholog_one2one
ENSG00000136918,WDR38,ENSMUSG00000035295,Wdr38,ortholog_one2one
ENSG00000135333,EPHA7,ENSMUSG00000028289,Epha7,ortholog_one2one
ENSG00000110987,BCL7A,ENSMUSG00000029438,Bcl7a,ortholog_one2one
ENSG00000113638,TTC33,ENSMUSG00000022151,Ttc33,ortholog_one2one
ENSG00000135446,CDK4,ENSMUSG00000006728,Cdk4,ortholog_one2one
ENSG00000114346,ECT2,ENSMUSG00000027699,Ect2,ortholog_one2one
ENSG00000196743,GM2A,ENSMUSG00000000594,Gm2a,ortholog_one2one
ENSG00000092607,TBX15,ENSMUSG00000027868,Tbx15,ortholog_one2one
ENSG00000140525,FANCI,ENSMUSG00000039187,Fanci,ortholog_one2one
ENSG00000129625,REEP5,ENSMUSG00000005873,Reep5,ortholog_one2one
ENSG00000165140,FBP1,ENSMUSG00000069805,Fbp1,ortholog_one2one
ENSG00000143178,TBX19,ENSMUSG00000026572,Tbx19,ortholog_one2one
ENSG00000124782,RREB1,ENSMUSG00000039087,Rreb1,ortholog_one2one
ENSG00000132570,PCBD2,ENSMUSG00000021496,Pcbd2,ortholog_one2one
ENSG00000167550,RHEBL1,ENSMUSG00000023755,Rhebl1,ortholog_one2one
ENSG00000113657,DPYSL3,ENSMUSG00000024501,Dpysl3,ortholog_one2one
ENSG00000100979,PLTP,ENSMUSG00000017754,Pltp,ortholog_one2one
ENSG00000181656,GPR88,ENSMUSG00000068696,Gpr88,ortholog_one2one
ENSG00000180667,YOD1,ENSMUSG00000046404,Yod1,ortholog_one2one
ENSG00000136875,PRPF4,ENSMUSG00000066148,Prpf4,ortholog_one2one
ENSG00000205323,SARNP,ENSMUSG00000078427,Sarnp,ortholog_one2one
ENSG00000156467,UQCRB,ENSMUSG00000021520,Uqcrb,ortholog_one2one
ENSG00000149792,MRPL49,ENSMUSG00000007338,Mrpl49,ortholog_one2one
ENSG00000104814,MAP4K1,ENSMUSG00000037337,Map4k1,ortholog_one2one
ENSG00000113083,LOX,ENSMUSG00000024529,Lox,ortholog_one2one
ENSG00000064199,SPA17,ENSMUSG00000001948,Spa17,ortholog_one2one
ENSG00000104368,PLAT,ENSMUSG00000031538,Plat,ortholog_one2one
ENSG00000169372,CRADD,ENSMUSG00000045867,Cradd,ortholog_one2one
ENSG00000166402,TUB,ENSMUSG00000031028,Tub,ortholog_one2one
ENSG00000146083,RNF44,ENSMUSG00000034928,Rnf44,ortholog_one2one
ENSG00000184465,WDR27,ENSMUSG00000046991,Wdr27,ortholog_one2one
ENSG00000222009,BTBD19,ENSMUSG00000073771,Btbd19,ortholog_one2one
ENSG00000175582,RAB6A,ENSMUSG00000030704,Rab6a,ortholog_one2one
ENSG00000138829,FBN2,ENSMUSG00000024598,Fbn2,ortholog_one2one
ENSG00000139116,KIF21A,ENSMUSG00000022629,Kif21a,ortholog_one2one
ENSG00000187144,SPATA21,ENSMUSG00000045004,Spata21,ortholog_one2one
ENSG00000130703,OSBPL2,ENSMUSG00000039050,Osbpl2,ortholog_one2one
ENSG00000073754,CD5L,ENSMUSG00000015854,Cd5l,ortholog_one2one
ENSG00000197498,RPF2,ENSMUSG00000038510,Rpf2,ortholog_one2one
ENSG00000106772,PRUNE2,ENSMUSG00000039126,Prune2,ortholog_one2one
ENSG00000105364,MRPL4,ENSMUSG00000003299,Mrpl4,ortholog_one2one
ENSG00000242247,ARFGAP3,ENSMUSG00000054277,Arfgap3,ortholog_one2one
ENSG00000204264,PSMB8,ENSMUSG00000024338,Psmb8,ortholog_one2one
ENSG00000122188,LAX1,ENSMUSG00000051998,Lax1,ortholog_one2one
ENSG00000175390,EIF3F,ENSMUSG00000031029,Eif3f,ortholog_one2one
ENSG00000187239,FNBP1,ENSMUSG00000075415,Fnbp1,ortholog_one2one
ENSG00000180628,PCGF5,ENSMUSG00000024805,Pcgf5,ortholog_one2one
ENSG00000153989,NUS1,ENSMUSG00000023068,Nus1,ortholog_one2one
ENSG00000166483,WEE1,ENSMUSG00000031016,Wee1,ortholog_one2one
ENSG00000096080,MRPS18A,ENSMUSG00000023967,Mrps18a,ortholog_one2one
ENSG00000113615,SEC24A,ENSMUSG00000036391,Sec24a,ortholog_one2one
ENSG00000124562,SNRPC,ENSMUSG00000024217,Snrpc,ortholog_one2one
ENSG00000162191,UBXN1,ENSMUSG00000071655,Ubxn1,ortholog_one2one
ENSG00000100099,HPS4,ENSMUSG00000042328,Hps4,ortholog_one2one
ENSG00000025156,HSF2,ENSMUSG00000019878,Hsf2,ortholog_one2one
ENSG00000166169,POLL,ENSMUSG00000025218,Poll,ortholog_one2one
ENSG00000115286,NDUFS7,ENSMUSG00000020153,Ndufs7,ortholog_one2one
ENSG00000104497,SNX16,ENSMUSG00000027534,Snx16,ortholog_one2one
ENSG00000124688,MAD2L1BP,ENSMUSG00000034509,Mad2l1bp,ortholog_one2one
ENSG00000112149,CD83,ENSMUSG00000015396,Cd83,ortholog_one2one
ENSG00000159685,CHCHD6,ENSMUSG00000030086,Chchd6,ortholog_one2one
ENSG00000170469,SPATA24,ENSMUSG00000024352,Spata24,ortholog_one2one
ENSG00000013392,RWDD2A,ENSMUSG00000032417,Rwdd2a,ortholog_one2one
ENSG00000172869,DMXL1,ENSMUSG00000037416,Dmxl1,ortholog_one2one
ENSG00000204385,SLC44A4,ENSMUSG00000007034,Slc44a4,ortholog_one2one
ENSG00000175305,CCNE2,ENSMUSG00000028212,Ccne2,ortholog_one2one
ENSG00000169981,ZNF35,ENSMUSG00000057895,Zfp105,ortholog_one2one
ENSG00000139182,CLSTN3,ENSMUSG00000008153,Clstn3,ortholog_one2one
ENSG00000204291,COL15A1,ENSMUSG00000028339,Col15a1,ortholog_one2one
ENSG00000114739,ACVR2B,ENSMUSG00000061393,Acvr2b,ortholog_one2one
ENSG00000172932,ANKRD13D,ENSMUSG00000005986,Ankrd13d,ortholog_one2one
ENSG00000267855,NDUFA7,ENSMUSG00000041881,Ndufa7,ortholog_one2one
ENSG00000126264,HCST,ENSMUSG00000064109,Hcst,ortholog_one2one
ENSG00000095951,HIVEP1,ENSMUSG00000021366,Hivep1,ortholog_one2one
ENSG00000076826,CAMSAP3,ENSMUSG00000044433,Camsap3,ortholog_one2one
ENSG00000151917,BEND6,ENSMUSG00000042182,Bend6,ortholog_one2one
ENSG00000145833,DDX46,ENSMUSG00000021500,Ddx46,ortholog_one2one
ENSG00000132561,MATN2,ENSMUSG00000022324,Matn2,ortholog_one2one
ENSG00000123545,NDUFAF4,ENSMUSG00000028261,Ndufaf4,ortholog_one2one
ENSG00000162337,LRP5,ENSMUSG00000024913,Lrp5,ortholog_one2one
ENSG00000165891,E2F7,ENSMUSG00000020185,E2f7,ortholog_one2one
ENSG00000130812,ANGPTL6,ENSMUSG00000038742,Angptl6,ortholog_one2one
ENSG00000185219,ZNF445,ENSMUSG00000047036,Zfp445,ortholog_one2one
ENSG00000169567,HINT1,ENSMUSG00000020267,Hint1,ortholog_one2one
ENSG00000105676,ARMC6,ENSMUSG00000002343,Armc6,ortholog_one2one
ENSG00000198015,MRPL42,ENSMUSG00000062981,Mrpl42,ortholog_one2one
ENSG00000049167,ERCC8,ENSMUSG00000021694,Ercc8,ortholog_one2one
ENSG00000204228,HSD17B8,ENSMUSG00000073422,Hsd17b8,ortholog_one2one
ENSG00000186104,CYP2R1,ENSMUSG00000030670,Cyp2r1,ortholog_one2one
ENSG00000164626,KCNK5,ENSMUSG00000023243,Kcnk5,ortholog_one2one
ENSG00000112200,ZNF451,ENSMUSG00000042197,Zfp451,ortholog_one2one
ENSG00000100226,GTPBP1,ENSMUSG00000042535,Gtpbp1,ortholog_one2one
ENSG00000166441,RPL27A,ENSMUSG00000046364,Rpl27a,ortholog_one2one
ENSG00000071655,MBD3,ENSMUSG00000035478,Mbd3,ortholog_one2one
ENSG00000064601,CTSA,ENSMUSG00000017760,Ctsa,ortholog_one2one
ENSG00000149548,CCDC15,ENSMUSG00000034303,Ccdc15,ortholog_one2one
ENSG00000127328,RAB3IP,ENSMUSG00000064181,Rab3ip,ortholog_one2one
ENSG00000128272,ATF4,ENSMUSG00000042406,Atf4,ortholog_one2one
ENSG00000158042,MRPL17,ENSMUSG00000030879,Mrpl17,ortholog_one2one
ENSG00000105556,MIER2,ENSMUSG00000042570,Mier2,ortholog_one2one
ENSG00000177666,PNPLA2,ENSMUSG00000025509,Pnpla2,ortholog_one2one
ENSG00000100150,DEPDC5,ENSMUSG00000037426,Depdc5,ortholog_one2one
ENSG00000011132,APBA3,ENSMUSG00000004931,Apba3,ortholog_one2one
ENSG00000064042,LIMCH1,ENSMUSG00000037736,Limch1,ortholog_one2one
ENSG00000114686,MRPL3,ENSMUSG00000032563,Mrpl3,ortholog_one2one
ENSG00000156172,CFAP418,ENSMUSG00000059482,Cfap418,ortholog_one2one
ENSG00000112651,MRPL2,ENSMUSG00000002767,Mrpl2,ortholog_one2one
ENSG00000145912,NHP2,ENSMUSG00000001056,Nhp2,ortholog_one2one
ENSG00000168495,POLR3D,ENSMUSG00000000776,Polr3d,ortholog_one2one
ENSG00000164309,CMYA5,ENSMUSG00000047419,Cmya5,ortholog_one2one
ENSG00000169826,CSGALNACT2,ENSMUSG00000042042,Csgalnact2,ortholog_one2one
ENSG00000149782,PLCB3,ENSMUSG00000024960,Plcb3,ortholog_one2one
ENSG00000037474,NSUN2,ENSMUSG00000021595,Nsun2,ortholog_one2one
ENSG00000107779,BMPR1A,ENSMUSG00000021796,Bmpr1a,ortholog_one2one
ENSG00000135535,CD164,ENSMUSG00000019818,Cd164,ortholog_one2one
ENSG00000074181,NOTCH3,ENSMUSG00000038146,Notch3,ortholog_one2one
ENSG00000121871,SLITRK3,ENSMUSG00000048304,Slitrk3,ortholog_one2one
ENSG00000034239,CLXN,ENSMUSG00000068617,Clxn,ortholog_one2one
ENSG00000114742,WDR48,ENSMUSG00000032512,Wdr48,ortholog_one2one
ENSG00000123416,TUBA1B,ENSMUSG00000023004,Tuba1b,ortholog_one2one
ENSG00000104388,RAB2A,ENSMUSG00000047187,Rab2a,ortholog_one2one
ENSG00000205155,PSENEN,ENSMUSG00000036835,Psenen,ortholog_one2one
ENSG00000112559,MDFI,ENSMUSG00000032717,Mdfi,ortholog_one2one
ENSG00000063176,SPHK2,ENSMUSG00000057342,Sphk2,ortholog_one2one
ENSG00000184047,DIABLO,ENSMUSG00000029433,Diablo,ortholog_one2one
ENSG00000100890,PRORP,ENSMUSG00000021023,Prorp,ortholog_one2one
ENSG00000172426,RSPH9,ENSMUSG00000023966,Rsph9,ortholog_one2one
ENSG00000065518,NDUFB4,ENSMUSG00000022820,Ndufb4,ortholog_one2one
ENSG00000083123,BCKDHB,ENSMUSG00000032263,Bckdhb,ortholog_one2one
ENSG00000175895,PLEKHF2,ENSMUSG00000049969,Plekhf2,ortholog_one2one
ENSG00000087076,HSD17B14,ENSMUSG00000030825,Hsd17b14,ortholog_one2one
ENSG00000185875,THNSL1,ENSMUSG00000048550,Thnsl1,ortholog_one2one
ENSG00000146263,MMS22L,ENSMUSG00000045751,Mms22l,ortholog_one2one
ENSG00000122863,CHST3,ENSMUSG00000057337,Chst3,ortholog_one2one
ENSG00000171720,HDAC3,ENSMUSG00000024454,Hdac3,ortholog_one2one
ENSG00000114529,C3orf52,ENSMUSG00000033187,BC016579,ortholog_one2one
ENSG00000107537,PHYH,ENSMUSG00000026664,Phyh,ortholog_one2one
ENSG00000131981,LGALS3,ENSMUSG00000050335,Lgals3,ortholog_one2one
ENSG00000142065,ZFP14,ENSMUSG00000053985,Zfp14,ortholog_one2one
ENSG00000139324,TMTC3,ENSMUSG00000036676,Tmtc3,ortholog_one2one
ENSG00000073111,MCM2,ENSMUSG00000002870,Mcm2,ortholog_one2one
ENSG00000123810,B9D2,ENSMUSG00000063439,B9d2,ortholog_one2one
ENSG00000269058,CALR3,ENSMUSG00000019732,Calr3,ortholog_one2one
ENSG00000203760,CENPW,ENSMUSG00000075266,Cenpw,ortholog_one2one
ENSG00000149503,INCENP,ENSMUSG00000024660,Incenp,ortholog_one2one
ENSG00000204248,COL11A2,ENSMUSG00000024330,Col11a2,ortholog_one2one
ENSG00000130332,LSM7,ENSMUSG00000035215,Lsm7,ortholog_one2one
ENSG00000079102,RUNX1T1,ENSMUSG00000006586,Runx1t1,ortholog_one2one
ENSG00000105254,TBCB,ENSMUSG00000006095,Tbcb,ortholog_one2one
ENSG00000196793,ZNF239,ENSMUSG00000042097,Zfp239,ortholog_one2one
ENSG00000090615,GOLGA3,ENSMUSG00000029502,Golga3,ortholog_one2one
ENSG00000163918,RFC4,ENSMUSG00000022881,Rfc4,ortholog_one2one
ENSG00000028277,POU2F2,ENSMUSG00000008496,Pou2f2,ortholog_one2one
ENSG00000078124,ACER3,ENSMUSG00000030760,Acer3,ortholog_one2one
ENSG00000082068,WDR70,ENSMUSG00000039828,Wdr70,ortholog_one2one
ENSG00000198873,GRK5,ENSMUSG00000003228,Grk5,ortholog_one2one
ENSG00000129515,SNX6,ENSMUSG00000005656,Snx6,ortholog_one2one
ENSG00000136603,SKIL,ENSMUSG00000027660,Skil,ortholog_one2one
ENSG00000182899,RPL35A,ENSMUSG00000060636,Rpl35a,ortholog_one2one
ENSG00000151704,KCNJ1,ENSMUSG00000041248,Kcnj1,ortholog_one2one
ENSG00000008083,JARID2,ENSMUSG00000038518,Jarid2,ortholog_one2one
ENSG00000149451,ADAM33,ENSMUSG00000027318,Adam33,ortholog_one2one
ENSG00000107518,ATRNL1,ENSMUSG00000054843,Atrnl1,ortholog_one2one
ENSG00000091009,RBM27,ENSMUSG00000024491,Rbm27,ortholog_one2one
ENSG00000168014,C2CD3,ENSMUSG00000047248,C2cd3,ortholog_one2one
ENSG00000112249,ASCC3,ENSMUSG00000038774,Ascc3,ortholog_one2one
ENSG00000204175,GPRIN2,ENSMUSG00000071531,Gprin2,ortholog_one2one
ENSG00000205981,DNAJC19,ENSMUSG00000027679,Dnajc19,ortholog_one2one
ENSG00000008853,RHOBTB2,ENSMUSG00000022075,Rhobtb2,ortholog_one2one
ENSG00000161217,PCYT1A,ENSMUSG00000005615,Pcyt1a,ortholog_one2one
ENSG00000166902,MRPL16,ENSMUSG00000024683,Mrpl16,ortholog_one2one
ENSG00000064651,SLC12A2,ENSMUSG00000024597,Slc12a2,ortholog_one2one
ENSG00000166398,GARRE1,ENSMUSG00000066571,Garre1,ortholog_one2one
ENSG00000110422,HIPK3,ENSMUSG00000027177,Hipk3,ortholog_one2one
ENSG00000186106,ANKRD46,ENSMUSG00000048307,Ankrd46,ortholog_one2one
ENSG00000144566,RAB5A,ENSMUSG00000017831,Rab5a,ortholog_one2one
ENSG00000123353,ORMDL2,ENSMUSG00000025353,Ormdl2,ortholog_one2one
ENSG00000257218,GATC,ENSMUSG00000029536,Gatc,ortholog_one2one
ENSG00000130234,ACE2,ENSMUSG00000015405,Ace2,ortholog_one2one
ENSG00000204954,UQCC6,ENSMUSG00000063320,Uqcc6,ortholog_one2one
ENSG00000160799,CCDC12,ENSMUSG00000019659,Ccdc12,ortholog_one2one
ENSG00000125651,GTF2F1,ENSMUSG00000002658,Gtf2f1,ortholog_one2one
ENSG00000104687,GSR,ENSMUSG00000031584,Gsr,ortholog_one2one
ENSG00000115592,PRKAG3,ENSMUSG00000006542,Prkag3,ortholog_one2one
ENSG00000111678,C12orf57,ENSMUSG00000072772,Grcc10,ortholog_one2one
ENSG00000171467,ZNF318,ENSMUSG00000015597,Zfp318,ortholog_one2one
ENSG00000130985,UBA1,ENSMUSG00000001924,Uba1,ortholog_one2one
ENSG00000163673,DCLK3,ENSMUSG00000032500,Dclk3,ortholog_one2one
ENSG00000127311,HELB,ENSMUSG00000020228,Helb,ortholog_one2one
ENSG00000146242,TPBG,ENSMUSG00000035274,Tpbg,ortholog_one2one
ENSG00000213465,ARL2,ENSMUSG00000024944,Arl2,ortholog_one2one
ENSG00000114395,CYB561D2,ENSMUSG00000037190,Cyb561d2,ortholog_one2one
ENSG00000112081,SRSF3,ENSMUSG00000071172,Srsf3,ortholog_one2one
ENSG00000146021,KLHL3,ENSMUSG00000014164,Klhl3,ortholog_one2one
ENSG00000144681,STAC,ENSMUSG00000032502,Stac,ortholog_one2one
ENSG00000149100,EIF3M,ENSMUSG00000027170,Eif3m,ortholog_one2one
ENSG00000121749,TBC1D15,ENSMUSG00000020130,Tbc1d15,ortholog_one2one
ENSG00000161249,DMKN,ENSMUSG00000060962,Dmkn,ortholog_one2one
ENSG00000214736,TOMM6,ENSMUSG00000033475,Tomm6,ortholog_one2one
ENSG00000164237,CMBL,ENSMUSG00000022235,Cmbl,ortholog_one2one
ENSG00000101349,PAK5,ENSMUSG00000039913,Pak5,ortholog_one2one
ENSG00000040341,STAU2,ENSMUSG00000025920,Stau2,ortholog_one2one
ENSG00000047579,DTNBP1,ENSMUSG00000057531,Dtnbp1,ortholog_one2one
ENSG00000101049,SGK2,ENSMUSG00000017868,Sgk2,ortholog_one2one
ENSG00000171202,TMEM126A,ENSMUSG00000030615,Tmem126a,ortholog_one2one
ENSG00000108561,C1QBP,ENSMUSG00000018446,C1qbp,ortholog_one2one
ENSG00000153551,CMTM7,ENSMUSG00000032436,Cmtm7,ortholog_one2one
ENSG00000005100,DHX33,ENSMUSG00000040620,Dhx33,ortholog_one2one
ENSG00000171368,TPPP,ENSMUSG00000021573,Tppp,ortholog_one2one
ENSG00000165424,ZCCHC24,ENSMUSG00000055538,Zcchc24,ortholog_one2one
ENSG00000148459,PDSS1,ENSMUSG00000026784,Pdss1,ortholog_one2one
ENSG00000146109,ABT1,ENSMUSG00000036376,Abt1,ortholog_one2one
ENSG00000188338,SLC38A3,ENSMUSG00000010064,Slc38a3,ortholog_one2one
ENSG00000096433,ITPR3,ENSMUSG00000042644,Itpr3,ortholog_one2one
ENSG00000167941,SOST,ENSMUSG00000001494,Sost,ortholog_one2one
ENSG00000197043,ANXA6,ENSMUSG00000018340,Anxa6,ortholog_one2one
ENSG00000188716,DUSP29,ENSMUSG00000063821,Dusp29,ortholog_one2one
ENSG00000101134,DOK5,ENSMUSG00000027560,Dok5,ortholog_one2one
ENSG00000125772,GPCPD1,ENSMUSG00000027346,Gpcpd1,ortholog_one2one
ENSG00000138621,PPCDC,ENSMUSG00000063849,Ppcdc,ortholog_one2one
ENSG00000241370,RPP21,ENSMUSG00000024446,Rpp21,ortholog_one2one
ENSG00000278023,RDM1,ENSMUSG00000010362,Rdm1,ortholog_one2one
ENSG00000214694,ARHGEF33,ENSMUSG00000054901,Arhgef33,ortholog_one2one
ENSG00000150990,DHX37,ENSMUSG00000029480,Dhx37,ortholog_one2one
ENSG00000166411,IDH3A,ENSMUSG00000032279,Idh3a,ortholog_one2one
ENSG00000100325,ASCC2,ENSMUSG00000020412,Ascc2,ortholog_one2one
ENSG00000066379,POLR1H,ENSMUSG00000036315,Polr1h,ortholog_one2one
ENSG00000088298,EDEM2,ENSMUSG00000038312,Edem2,ortholog_one2one
ENSG00000139233,LLPH,ENSMUSG00000020224,Llph,ortholog_one2one
ENSG00000185101,ANO9,ENSMUSG00000054662,Ano9,ortholog_one2one
ENSG00000275722,LYZL6,ENSMUSG00000020945,Lyzl6,ortholog_one2one
ENSG00000134107,BHLHE40,ENSMUSG00000030103,Bhlhe40,ortholog_one2one
ENSG00000166863,TAC3,ENSMUSG00000025400,Tac2,ortholog_one2one
ENSG00000163064,EN1,ENSMUSG00000058665,En1,ortholog_one2one
ENSG00000144119,C1QL2,ENSMUSG00000036907,C1ql2,ortholog_one2one
ENSG00000120992,LYPLA1,ENSMUSG00000025903,Lypla1,ortholog_one2one
ENSG00000221955,SLC12A8,ENSMUSG00000035506,Slc12a8,ortholog_one2one
ENSG00000101363,MANBAL,ENSMUSG00000063019,Manbal,ortholog_one2one
ENSG00000104142,VPS18,ENSMUSG00000034216,Vps18,ortholog_one2one
ENSG00000121621,KIF18A,ENSMUSG00000027115,Kif18a,ortholog_one2one
ENSG00000020256,ZFP64,ENSMUSG00000027551,Zfp64,ortholog_one2one
ENSG00000140463,BBS4,ENSMUSG00000025235,Bbs4,ortholog_one2one
ENSG00000170004,CHD3,ENSMUSG00000018474,Chd3,ortholog_one2one
ENSG00000050438,SLC4A8,ENSMUSG00000023032,Slc4a8,ortholog_one2one
ENSG00000196072,BLOC1S2,ENSMUSG00000057506,Bloc1s2,ortholog_one2one
ENSG00000112276,POPDC1,ENSMUSG00000071317,Popdc1,ortholog_one2one
ENSG00000149658,YTHDF1,ENSMUSG00000038848,Ythdf1,ortholog_one2one
ENSG00000182698,RESP18,ENSMUSG00000033061,Resp18,ortholog_one2one
ENSG00000064787,BCAS1,ENSMUSG00000013523,Bcas1,ortholog_one2one
ENSG00000108100,CCNY,ENSMUSG00000024286,Ccny,ortholog_one2one
ENSG00000110700,RPS13,ENSMUSG00000090862,Rps13,ortholog_one2one
ENSG00000115488,NEU2,ENSMUSG00000079434,Neu2,ortholog_one2one
ENSG00000035664,DAPK2,ENSMUSG00000032380,Dapk2,ortholog_one2one
ENSG00000213676,ATF6B,ENSMUSG00000015461,Atf6b,ortholog_one2one
ENSG00000132740,IGHMBP2,ENSMUSG00000024831,Ighmbp2,ortholog_one2one
ENSG00000166145,SPINT1,ENSMUSG00000027315,Spint1,ortholog_one2one
ENSG00000173230,GOLGB1,ENSMUSG00000034243,Golgb1,ortholog_one2one
ENSG00000155846,PPARGC1B,ENSMUSG00000033871,Ppargc1b,ortholog_one2one
ENSG00000171823,FBXL14,ENSMUSG00000030019,Fbxl14,ortholog_one2one
ENSG00000127337,YEATS4,ENSMUSG00000020171,Yeats4,ortholog_one2one
ENSG00000277399,GPR179,ENSMUSG00000070337,Gpr179,ortholog_one2one
ENSG00000274211,SOCS7,ENSMUSG00000038485,Socs7,ortholog_one2one
ENSG00000122861,PLAU,ENSMUSG00000021822,Plau,ortholog_one2one
ENSG00000277363,SRCIN1,ENSMUSG00000038453,Srcin1,ortholog_one2one
ENSG00000120800,UTP20,ENSMUSG00000004356,Utp20,ortholog_one2one
ENSG00000125999,BPIFB1,ENSMUSG00000027485,Bpifb1,ortholog_one2one
ENSG00000164934,DCAF13,ENSMUSG00000022300,Dcaf13,ortholog_one2one
ENSG00000141316,SPACA3,ENSMUSG00000053184,Spaca3,ortholog_one2one
ENSG00000138138,ATAD1,ENSMUSG00000013662,Atad1,ortholog_one2one
ENSG00000277443,MARCKS,ENSMUSG00000069662,Marcks,ortholog_one2one
ENSG00000166908,PIP4K2C,ENSMUSG00000025417,Pip4k2c,ortholog_one2one
ENSG00000204256,BRD2,ENSMUSG00000024335,Brd2,ortholog_one2one
ENSG00000137713,PPP2R1B,ENSMUSG00000032058,Ppp2r1b,ortholog_one2one
ENSG00000129465,RIPK3,ENSMUSG00000022221,Ripk3,ortholog_one2one
ENSG00000249751,ECSCR,ENSMUSG00000073599,Ecscr,ortholog_one2one
ENSG00000170653,ATF7,ENSMUSG00000099083,Atf7,ortholog_one2one
ENSG00000240230,COX19,ENSMUSG00000045438,Cox19,ortholog_one2one
ENSG00000100462,PRMT5,ENSMUSG00000023110,Prmt5,ortholog_one2one
ENSG00000101004,NINL,ENSMUSG00000068115,Ninl,ortholog_one2one
ENSG00000075234,TTC38,ENSMUSG00000035944,Ttc38,ortholog_one2one
ENSG00000073067,CYP2W1,ENSMUSG00000029541,Cyp2w1,ortholog_one2one
ENSG00000172667,ZMAT3,ENSMUSG00000027663,Zmat3,ortholog_one2one
ENSG00000183111,ARHGEF37,ENSMUSG00000045094,Arhgef37,ortholog_one2one
ENSG00000199023,MIR339,ENSMUSG00000065593,Mir339,ortholog_one2one
ENSG00000170312,CDK1,ENSMUSG00000019942,Cdk1,ortholog_one2one
ENSG00000164853,UNCX,ENSMUSG00000029546,Uncx,ortholog_one2one
ENSG00000120094,HOXB1,ENSMUSG00000018973,Hoxb1,ortholog_one2one
ENSG00000173917,HOXB2,ENSMUSG00000075588,Hoxb2,ortholog_one2one
ENSG00000182742,HOXB4,ENSMUSG00000038692,Hoxb4,ortholog_one2one
ENSG00000284038,MIR10A,ENSMUSG00000065519,Mir10a,ortholog_one2one
ENSG00000120075,HOXB5,ENSMUSG00000038700,Hoxb5,ortholog_one2one
ENSG00000260027,HOXB7,ENSMUSG00000038721,Hoxb7,ortholog_one2one
ENSG00000170689,HOXB9,ENSMUSG00000020875,Hoxb9,ortholog_one2one
ENSG00000164091,WDR82,ENSMUSG00000020257,Wdr82,ortholog_one2one
ENSG00000198780,FAM169A,ENSMUSG00000041817,Fam169a,ortholog_one2one
ENSG00000170425,ADORA2B,ENSMUSG00000018500,Adora2b,ortholog_one2one
ENSG00000129245,FXR2,ENSMUSG00000018765,Fxr2,ortholog_one2one
ENSG00000163577,EIF5A2,ENSMUSG00000050192,Eif5a2,ortholog_one2one
ENSG00000101210,EEF1A2,ENSMUSG00000016349,Eef1a2,ortholog_one2one
ENSG00000135097,MSI1,ENSMUSG00000054256,Msi1,ortholog_one2one
ENSG00000175193,PARL,ENSMUSG00000033918,Parl,ortholog_one2one
ENSG00000100380,ST13,ENSMUSG00000022403,St13,ortholog_one2one
ENSG00000180822,PSMG4,ENSMUSG00000071451,Psmg4,ortholog_one2one
ENSG00000124275,MTRR,ENSMUSG00000034617,Mtrr,ortholog_one2one
ENSG00000187240,DYNC2H1,ENSMUSG00000047193,Dync2h1,ortholog_one2one
ENSG00000170265,ZNF282,ENSMUSG00000025821,Zfp282,ortholog_one2one
ENSG00000204267,TAP2,ENSMUSG00000024339,Tap2,ortholog_one2one
ENSG00000197019,SERTAD1,ENSMUSG00000008384,Sertad1,ortholog_one2one
ENSG00000088038,CNOT3,ENSMUSG00000035632,Cnot3,ortholog_one2one
ENSG00000176595,KBTBD11,ENSMUSG00000055675,Kbtbd11,ortholog_one2one
ENSG00000139637,MYG1,ENSMUSG00000001285,Myg1,ortholog_one2one
ENSG00000165119,HNRNPK,ENSMUSG00000021546,Hnrnpk,ortholog_one2one
ENSG00000168754,FAM178B,ENSMUSG00000046337,Fam178b,ortholog_one2one
ENSG00000164733,CTSB,ENSMUSG00000021939,Ctsb,ortholog_one2one
ENSG00000100983,GSS,ENSMUSG00000027610,Gss,ortholog_one2one
ENSG00000163938,GNL3,ENSMUSG00000042354,Gnl3,ortholog_one2one
ENSG00000185306,C12orf56,ENSMUSG00000047642,D930020B18Rik,ortholog_one2one
ENSG00000111266,DUSP16,ENSMUSG00000030203,Dusp16,ortholog_one2one
ENSG00000175792,RUVBL1,ENSMUSG00000030079,Ruvbl1,ortholog_one2one
ENSG00000119688,ABCD4,ENSMUSG00000021240,Abcd4,ortholog_one2one
ENSG00000182446,NPLOC4,ENSMUSG00000039703,Nploc4,ortholog_one2one
ENSG00000189007,ADAT2,ENSMUSG00000019808,Adat2,ortholog_one2one
ENSG00000172469,MANEA,ENSMUSG00000040520,Manea,ortholog_one2one
ENSG00000257093,DENND11,ENSMUSG00000037172,Dennd11,ortholog_one2one
ENSG00000139318,DUSP6,ENSMUSG00000019960,Dusp6,ortholog_one2one
ENSG00000071677,PRLH,ENSMUSG00000090550,Prlh,ortholog_one2one
ENSG00000213654,GPSM3,ENSMUSG00000034786,Gpsm3,ortholog_one2one
ENSG00000215021,PHB2,ENSMUSG00000004264,Phb2,ortholog_one2one
ENSG00000152582,SPEF2,ENSMUSG00000072663,Spef2,ortholog_one2one
ENSG00000204576,PRR3,ENSMUSG00000038500,Prr3,ortholog_one2one
ENSG00000166922,SCG5,ENSMUSG00000023236,Scg5,ortholog_one2one
ENSG00000152430,BOLL,ENSMUSG00000025977,Boll,ortholog_one2one
ENSG00000009844,VTA1,ENSMUSG00000019868,Vta1,ortholog_one2one
ENSG00000107954,NEURL1,ENSMUSG00000006435,Neurl1a,ortholog_one2one
ENSG00000010292,NCAPD2,ENSMUSG00000038252,Ncapd2,ortholog_one2one
ENSG00000165678,GHITM,ENSMUSG00000041028,Ghitm,ortholog_one2one
ENSG00000157020,SEC13,ENSMUSG00000030298,Sec13,ortholog_one2one
ENSG00000134824,FADS2,ENSMUSG00000024665,Fads2,ortholog_one2one
ENSG00000168216,LMBRD1,ENSMUSG00000073725,Lmbrd1,ortholog_one2one
ENSG00000157470,FAM81A,ENSMUSG00000032224,Fam81a,ortholog_one2one
ENSG00000168172,HOOK3,ENSMUSG00000037234,Hook3,ortholog_one2one
ENSG00000101161,PRPF6,ENSMUSG00000002455,Prpf6,ortholog_one2one
ENSG00000105737,GRIK5,ENSMUSG00000003378,Grik5,ortholog_one2one
ENSG00000146067,FAM193B,ENSMUSG00000021495,Fam193b,ortholog_one2one
ENSG00000182325,FBXL6,ENSMUSG00000022559,Fbxl6,ortholog_one2one
ENSG00000198105,ZNF248,ENSMUSG00000030145,Zfp248,ortholog_one2one
ENSG00000104044,OCA2,ENSMUSG00000030450,Oca2,ortholog_one2one
ENSG00000089123,TASP1,ENSMUSG00000039033,Tasp1,ortholog_one2one
ENSG00000180104,EXOC3,ENSMUSG00000034152,Exoc3,ortholog_one2one
ENSG00000105732,ZNF574,ENSMUSG00000045252,Zfp574,ortholog_one2one
ENSG00000169021,UQCRFS1,ENSMUSG00000038462,Uqcrfs1,ortholog_one2one
ENSG00000100902,PSMA6,ENSMUSG00000021024,Psma6,ortholog_one2one
ENSG00000170017,ALCAM,ENSMUSG00000022636,Alcam,ortholog_one2one
ENSG00000178301,AQP11,ENSMUSG00000042797,Aqp11,ortholog_one2one
ENSG00000196655,TRAPPC4,ENSMUSG00000032112,Trappc4,ortholog_one2one
ENSG00000142319,SLC6A3,ENSMUSG00000021609,Slc6a3,ortholog_one2one
ENSG00000136738,STAM,ENSMUSG00000026718,Stam,ortholog_one2one
ENSG00000181026,AEN,ENSMUSG00000030609,Aen,ortholog_one2one
ENSG00000101337,TM9SF4,ENSMUSG00000068040,Tm9sf4,ortholog_one2one
ENSG00000130299,GTPBP3,ENSMUSG00000007610,Gtpbp3,ortholog_one2one
ENSG00000171634,BPTF,ENSMUSG00000040481,Bptf,ortholog_one2one
ENSG00000169410,PTPN9,ENSMUSG00000032290,Ptpn9,ortholog_one2one
ENSG00000111639,MRPL51,ENSMUSG00000030335,Mrpl51,ortholog_one2one
ENSG00000163814,CDCP1,ENSMUSG00000035498,Cdcp1,ortholog_one2one
ENSG00000144481,TRPM8,ENSMUSG00000036251,Trpm8,ortholog_one2one
ENSG00000120438,TCP1,ENSMUSG00000068039,Tcp1,ortholog_one2one
ENSG00000111247,RAD51AP1,ENSMUSG00000030346,Rad51ap1,ortholog_one2one
ENSG00000175697,GPR156,ENSMUSG00000046961,Gpr156,ortholog_one2one
ENSG00000186314,PRELID2,ENSMUSG00000056671,Prelid2,ortholog_one2one
ENSG00000008952,SEC62,ENSMUSG00000027706,Sec62,ortholog_one2one
ENSG00000197893,NRAP,ENSMUSG00000049134,Nrap,ortholog_one2one
ENSG00000182218,HHIPL1,ENSMUSG00000021260,Hhipl1,ortholog_one2one
ENSG00000175416,CLTB,ENSMUSG00000047547,Cltb,ortholog_one2one
ENSG00000064726,BTBD1,ENSMUSG00000025103,Btbd1,ortholog_one2one
ENSG00000197860,SGTB,ENSMUSG00000042743,Sgtb,ortholog_one2one
ENSG00000176358,TAC4,ENSMUSG00000020872,Tac4,ortholog_one2one
ENSG00000144488,ESPNL,ENSMUSG00000049515,Espnl,ortholog_one2one
ENSG00000013275,PSMC4,ENSMUSG00000030603,Psmc4,ortholog_one2one
ENSG00000165795,NDRG2,ENSMUSG00000004558,Ndrg2,ortholog_one2one
ENSG00000048544,MRPS10,ENSMUSG00000034729,Mrps10,ortholog_one2one
ENSG00000144840,RABL3,ENSMUSG00000022827,Rabl3,ortholog_one2one
ENSG00000275832,ARHGAP23,ENSMUSG00000049807,Arhgap23,ortholog_one2one
ENSG00000146143,PRIM2,ENSMUSG00000026134,Prim2,ortholog_one2one
ENSG00000113645,WWC1,ENSMUSG00000018849,Wwc1,ortholog_one2one
ENSG00000184502,GAST,ENSMUSG00000017165,Gast,ortholog_one2one
ENSG00000185798,WDR53,ENSMUSG00000022787,Wdr53,ortholog_one2one
ENSG00000182199,SHMT2,ENSMUSG00000025403,Shmt2,ortholog_one2one
ENSG00000156232,WHAMM,ENSMUSG00000045795,Whamm,ortholog_one2one
ENSG00000165046,LETM2,ENSMUSG00000037363,Letm2,ortholog_one2one
ENSG00000141527,CARD14,ENSMUSG00000013483,Card14,ortholog_one2one
ENSG00000067141,NEO1,ENSMUSG00000032340,Neo1,ortholog_one2one
ENSG00000130311,DDA1,ENSMUSG00000074247,Dda1,ortholog_one2one
ENSG00000051341,POLQ,ENSMUSG00000034206,Polq,ortholog_one2one
ENSG00000149313,AASDHPPT,ENSMUSG00000025894,Aasdhppt,ortholog_one2one
ENSG00000160117,ANKLE1,ENSMUSG00000046295,Ankle1,ortholog_one2one
ENSG00000102181,CD99L2,ENSMUSG00000035776,Cd99l2,ortholog_one2one
ENSG00000172409,CLP1,ENSMUSG00000027079,Clp1,ortholog_one2one
ENSG00000164442,CITED2,ENSMUSG00000039910,Cited2,ortholog_one2one
ENSG00000133401,PDZD2,ENSMUSG00000022197,Pdzd2,ortholog_one2one
ENSG00000180834,MAP6D1,ENSMUSG00000041205,Map6d1,ortholog_one2one
ENSG00000066651,TRMT11,ENSMUSG00000019792,Trmt11,ortholog_one2one
ENSG00000110492,MDK,ENSMUSG00000027239,Mdk,ortholog_one2one
ENSG00000158863,FHIP2B,ENSMUSG00000022095,Fhip2b,ortholog_one2one
ENSG00000065485,PDIA5,ENSMUSG00000022844,Pdia5,ortholog_one2one
ENSG00000108733,PEX12,ENSMUSG00000018733,Pex12,ortholog_one2one
ENSG00000108924,HLF,ENSMUSG00000003949,Hlf,ortholog_one2one
ENSG00000220008,LINGO3,ENSMUSG00000051067,Lingo3,ortholog_one2one
ENSG00000198356,GET3,ENSMUSG00000052456,Get3,ortholog_one2one
ENSG00000188010,MORN2,ENSMUSG00000045257,Morn2,ortholog_one2one
ENSG00000118482,PHF3,ENSMUSG00000048874,Phf3,ortholog_one2one
ENSG00000154767,XPC,ENSMUSG00000030094,Xpc,ortholog_one2one
ENSG00000161082,CELF5,ENSMUSG00000034818,Celf5,ortholog_one2one
ENSG00000064300,NGFR,ENSMUSG00000000120,Ngfr,ortholog_one2one
ENSG00000170445,HARS1,ENSMUSG00000001380,Hars1,ortholog_one2one
ENSG00000163254,CRYGC,ENSMUSG00000025952,Crygc,ortholog_one2one
ENSG00000154957,ZNF18,ENSMUSG00000018347,Zkscan6,ortholog_one2one
ENSG00000044446,PHKA2,ENSMUSG00000031295,Phka2,ortholog_one2one
ENSG00000130653,PNPLA7,ENSMUSG00000036833,Pnpla7,ortholog_one2one
ENSG00000101152,DNAJC5,ENSMUSG00000000826,Dnajc5,ortholog_one2one
ENSG00000147571,CRH,ENSMUSG00000049796,Crh,ortholog_one2one
ENSG00000168582,CRYGA,ENSMUSG00000044429,Cryga,ortholog_one2one
ENSG00000110025,SNX15,ENSMUSG00000024787,Snx15,ortholog_one2one
ENSG00000155115,GTF3C6,ENSMUSG00000019837,Gtf3c6,ortholog_one2one
ENSG00000144407,PTH2R,ENSMUSG00000025946,Pth2r,ortholog_one2one
ENSG00000167525,PROCA1,ENSMUSG00000044122,Proca1,ortholog_one2one
ENSG00000145022,TCTA,ENSMUSG00000039461,Tcta,ortholog_one2one
ENSG00000090339,ICAM1,ENSMUSG00000037405,Icam1,ortholog_one2one
ENSG00000132639,SNAP25,ENSMUSG00000027273,Snap25,ortholog_one2one
ENSG00000044524,EPHA3,ENSMUSG00000052504,Epha3,ortholog_one2one
ENSG00000124493,GRM4,ENSMUSG00000063239,Grm4,ortholog_one2one
ENSG00000172817,CYP7B1,ENSMUSG00000039519,Cyp7b1,ortholog_one2one
ENSG00000131351,HAUS8,ENSMUSG00000035439,Haus8,ortholog_one2one
ENSG00000065361,ERBB3,ENSMUSG00000018166,Erbb3,ortholog_one2one
ENSG00000147799,ARHGAP39,ENSMUSG00000033697,Arhgap39,ortholog_one2one
ENSG00000134809,TIMM10,ENSMUSG00000027076,Timm10,ortholog_one2one
ENSG00000107130,NCS1,ENSMUSG00000062661,Ncs1,ortholog_one2one
ENSG00000141376,BCAS3,ENSMUSG00000059439,Bcas3,ortholog_one2one
ENSG00000135903,PAX3,ENSMUSG00000004872,Pax3,ortholog_one2one
ENSG00000166105,GLB1L3,ENSMUSG00000031966,Glb1l3,ortholog_one2one
ENSG00000039537,C6,ENSMUSG00000022181,C6,ortholog_one2one
ENSG00000119333,DYNC2I2,ENSMUSG00000039715,Dync2i2,ortholog_one2one
ENSG00000104885,DOT1L,ENSMUSG00000061589,Dot1l,ortholog_one2one
ENSG00000147274,RBMX,ENSMUSG00000031134,Rbmx,ortholog_one2one
ENSG00000107021,TBC1D13,ENSMUSG00000039678,Tbc1d13,ortholog_one2one
ENSG00000156959,LHFPL4,ENSMUSG00000042873,Lhfpl4,ortholog_one2one
ENSG00000085872,CHERP,ENSMUSG00000052488,Cherp,ortholog_one2one
ENSG00000132661,NXT1,ENSMUSG00000036992,Nxt1,ortholog_one2one
ENSG00000175928,LRRN1,ENSMUSG00000034648,Lrrn1,ortholog_one2one
ENSG00000149633,KIAA1755,ENSMUSG00000037813,D630003M21Rik,ortholog_one2one
ENSG00000186318,BACE1,ENSMUSG00000032086,Bace1,ortholog_one2one
ENSG00000144893,MED12L,ENSMUSG00000056476,Med12l,ortholog_one2one
ENSG00000196781,TLE1,ENSMUSG00000008305,Tle1,ortholog_one2one
ENSG00000025039,RRAGD,ENSMUSG00000028278,Rragd,ortholog_one2one
ENSG00000173198,CYSLTR1,ENSMUSG00000052821,Cysltr1,ortholog_one2one
ENSG00000181472,ZBTB2,ENSMUSG00000075327,Zbtb2,ortholog_one2one
ENSG00000271303,SRXN1,ENSMUSG00000032802,Srxn1,ortholog_one2one
ENSG00000180340,FZD2,ENSMUSG00000050288,Fzd2,ortholog_one2one
ENSG00000103187,COTL1,ENSMUSG00000031827,Cotl1,ortholog_one2one
ENSG00000140365,COMMD4,ENSMUSG00000032299,Commd4,ortholog_one2one
ENSG00000101040,ZMYND8,ENSMUSG00000039671,Zmynd8,ortholog_one2one
ENSG00000123595,RAB9A,ENSMUSG00000079316,Rab9,ortholog_one2one
ENSG00000112742,TTK,ENSMUSG00000038379,Ttk,ortholog_one2one
ENSG00000101892,ATP1B4,ENSMUSG00000016327,Atp1b4,ortholog_one2one
ENSG00000168589,DYNLRB2,ENSMUSG00000034467,Dynlrb2,ortholog_one2one
ENSG00000174243,DDX23,ENSMUSG00000003360,Ddx23,ortholog_one2one
ENSG00000152580,IGSF10,ENSMUSG00000036334,Igsf10,ortholog_one2one
ENSG00000130827,PLXNA3,ENSMUSG00000031398,Plxna3,ortholog_one2one
ENSG00000103257,SLC7A5,ENSMUSG00000040010,Slc7a5,ortholog_one2one
ENSG00000132017,DCAF15,ENSMUSG00000037103,Dcaf15,ortholog_one2one
ENSG00000084731,KIF3C,ENSMUSG00000020668,Kif3c,ortholog_one2one
ENSG00000130822,PNCK,ENSMUSG00000002012,Pnck,ortholog_one2one
ENSG00000075089,ACTR6,ENSMUSG00000019948,Actr6,ortholog_one2one
ENSG00000248712,DRC12,ENSMUSG00000070306,Ccdc153,ortholog_one2one
ENSG00000198258,UBL5,ENSMUSG00000084786,Ubl5,ortholog_one2one
ENSG00000173193,PARP14,ENSMUSG00000034422,Parp14,ortholog_one2one
ENSG00000076043,REXO2,ENSMUSG00000032026,Rexo2,ortholog_one2one
ENSG00000154188,ANGPT1,ENSMUSG00000022309,Angpt1,ortholog_one2one
ENSG00000147316,MCPH1,ENSMUSG00000039842,Mcph1,ortholog_one2one
ENSG00000144191,CNGA3,ENSMUSG00000026114,Cnga3,ortholog_one2one
ENSG00000146411,SLC2A12,ENSMUSG00000037490,Slc2a12,ortholog_one2one
ENSG00000113966,ARL6,ENSMUSG00000022722,Arl6,ortholog_one2one
ENSG00000130876,SLC7A10,ENSMUSG00000030495,Slc7a10,ortholog_one2one
ENSG00000204392,LSM2,ENSMUSG00000007050,Lsm2,ortholog_one2one
ENSG00000186998,EMID1,ENSMUSG00000034164,Emid1,ortholog_one2one
ENSG00000214447,FAM187A,ENSMUSG00000075510,Fam187a,ortholog_one2one
ENSG00000115317,HTRA2,ENSMUSG00000068329,Htra2,ortholog_one2one
ENSG00000137845,ADAM10,ENSMUSG00000054693,Adam10,ortholog_one2one
ENSG00000133243,BTBD2,ENSMUSG00000003344,Btbd2,ortholog_one2one
ENSG00000213918,DNASE1,ENSMUSG00000005980,Dnase1,ortholog_one2one
ENSG00000133636,NTS,ENSMUSG00000019890,Nts,ortholog_one2one
ENSG00000091317,CMTM6,ENSMUSG00000032434,Cmtm6,ortholog_one2one
ENSG00000111665,CDCA3,ENSMUSG00000023505,Cdca3,ortholog_one2one
ENSG00000284862,CCDC39,ENSMUSG00000027676,Ccdc39,ortholog_one2one
ENSG00000112031,MTRF1L,ENSMUSG00000019774,Mtrf1l,ortholog_one2one
ENSG00000108946,PRKAR1A,ENSMUSG00000020612,Prkar1a,ortholog_one2one
ENSG00000065989,PDE4A,ENSMUSG00000032177,Pde4a,ortholog_one2one
ENSG00000146376,ARHGAP18,ENSMUSG00000039031,Arhgap18,ortholog_one2one
ENSG00000179796,LRRC3B,ENSMUSG00000045201,Lrrc3b,ortholog_one2one
ENSG00000188343,CIBAR1,ENSMUSG00000028218,Cibar1,ortholog_one2one
ENSG00000188827,SLX4,ENSMUSG00000039738,Slx4,ortholog_one2one
ENSG00000173166,RAPH1,ENSMUSG00000026014,Raph1,ortholog_one2one
ENSG00000144649,GASK1A,ENSMUSG00000038233,Gask1a,ortholog_one2one
ENSG00000122966,CIT,ENSMUSG00000029516,Cit,ortholog_one2one
ENSG00000144736,SHQ1,ENSMUSG00000035378,Shq1,ortholog_one2one
ENSG00000069849,ATP1B3,ENSMUSG00000032412,Atp1b3,ortholog_one2one
ENSG00000161914,ZNF653,ENSMUSG00000038895,Zfp653,ortholog_one2one
ENSG00000147576,ADHFE1,ENSMUSG00000025911,Adhfe1,ortholog_one2one
ENSG00000091542,ALKBH5,ENSMUSG00000042650,Alkbh5,ortholog_one2one
ENSG00000271503,CCL5,ENSMUSG00000035042,Ccl5,ortholog_one2one
ENSG00000141837,CACNA1A,ENSMUSG00000034656,Cacna1a,ortholog_one2one
ENSG00000145721,LIX1,ENSMUSG00000047786,Lix1,ortholog_one2one
ENSG00000183773,AIFM3,ENSMUSG00000022763,Aifm3,ortholog_one2one
ENSG00000113593,PPWD1,ENSMUSG00000021713,Ppwd1,ortholog_one2one
ENSG00000070087,PFN2,ENSMUSG00000027805,Pfn2,ortholog_one2one
ENSG00000130830,MPP1,ENSMUSG00000031402,Mpp1,ortholog_one2one
ENSG00000129221,AIPL1,ENSMUSG00000040554,Aipl1,ortholog_one2one
ENSG00000118557,PMFBP1,ENSMUSG00000031727,Pmfbp1,ortholog_one2one
ENSG00000273749,CYFIP1,ENSMUSG00000030447,Cyfip1,ortholog_one2one
ENSG00000114933,INO80D,ENSMUSG00000040865,Ino80d,ortholog_one2one
ENSG00000175054,ATR,ENSMUSG00000032409,Atr,ortholog_one2one
ENSG00000196358,NTNG2,ENSMUSG00000035513,Ntng2,ortholog_one2one
ENSG00000049618,ARID1B,ENSMUSG00000069729,Arid1b,ortholog_one2one
ENSG00000118322,ATP10B,ENSMUSG00000055415,Atp10b,ortholog_one2one
ENSG00000127588,GNG13,ENSMUSG00000025739,Gng13,ortholog_one2one
ENSG00000132031,MATN3,ENSMUSG00000020583,Matn3,ortholog_one2one
ENSG00000149483,TMEM138,ENSMUSG00000024666,Tmem138,ortholog_one2one
ENSG00000205832,C16orf96,ENSMUSG00000022518,4930562C15Rik,ortholog_one2one
ENSG00000140623,SEPTIN12,ENSMUSG00000022542,Septin12,ortholog_one2one
ENSG00000152127,MGAT5,ENSMUSG00000036155,Mgat5,ortholog_one2one
ENSG00000131669,NINJ1,ENSMUSG00000037966,Ninj1,ortholog_one2one
ENSG00000150316,CWC15,ENSMUSG00000004096,Cwc15,ortholog_one2one
ENSG00000130988,RGN,ENSMUSG00000023070,Rgn,ortholog_one2one
ENSG00000168481,LGI3,ENSMUSG00000033595,Lgi3,ortholog_one2one
ENSG00000130508,PXDN,ENSMUSG00000020674,Pxdn,ortholog_one2one
ENSG00000091622,PITPNM3,ENSMUSG00000040543,Pitpnm3,ortholog_one2one
ENSG00000177239,MAN1B1,ENSMUSG00000036646,Man1b1,ortholog_one2one
ENSG00000167470,MIDN,ENSMUSG00000035621,Midn,ortholog_one2one
ENSG00000175538,KCNE3,ENSMUSG00000035165,Kcne3,ortholog_one2one
ENSG00000105173,CCNE1,ENSMUSG00000002068,Ccne1,ortholog_one2one
ENSG00000183309,ZNF623,ENSMUSG00000050846,Zfp623,ortholog_one2one
ENSG00000173825,TIGD3,ENSMUSG00000044390,Tigd3,ortholog_one2one
ENSG00000168484,SFTPC,ENSMUSG00000022097,Sftpc,ortholog_one2one
ENSG00000198920,KIAA0753,ENSMUSG00000020807,4933427D14Rik,ortholog_one2one
ENSG00000113327,GABRG2,ENSMUSG00000020436,Gabrg2,ortholog_one2one
ENSG00000084710,EFR3B,ENSMUSG00000020658,Efr3b,ortholog_one2one
ENSG00000121570,DPPA4,ENSMUSG00000058550,Dppa4,ortholog_one2one
ENSG00000129675,ARHGEF6,ENSMUSG00000031133,Arhgef6,ortholog_one2one
ENSG00000183401,CCDC159,ENSMUSG00000006241,Ccdc159,ortholog_one2one
ENSG00000108590,MED31,ENSMUSG00000020801,Med31,ortholog_one2one
ENSG00000182985,CADM1,ENSMUSG00000032076,Cadm1,ortholog_one2one
ENSG00000134996,OSTF1,ENSMUSG00000024725,Ostf1,ortholog_one2one
ENSG00000256806,C17orf100,ENSMUSG00000053574,4930563E22Rik,ortholog_one2one
ENSG00000042980,ADAM28,ENSMUSG00000014725,Adam28,ortholog_one2one
ENSG00000111906,HDDC2,ENSMUSG00000000295,Hddc2,ortholog_one2one
ENSG00000140943,MBTPS1,ENSMUSG00000031835,Mbtps1,ortholog_one2one
ENSG00000141068,KSR1,ENSMUSG00000018334,Ksr1,ortholog_one2one
ENSG00000139219,COL2A1,ENSMUSG00000022483,Col2a1,ortholog_one2one
ENSG00000181788,SIAH2,ENSMUSG00000036432,Siah2,ortholog_one2one
ENSG00000112242,E2F3,ENSMUSG00000016477,E2f3,ortholog_one2one
ENSG00000141298,SSH2,ENSMUSG00000037926,Ssh2,ortholog_one2one
ENSG00000112357,PEX7,ENSMUSG00000020003,Pex7,ortholog_one2one
ENSG00000197579,TOPORS,ENSMUSG00000036822,Topors,ortholog_one2one
ENSG00000119321,FKBP15,ENSMUSG00000066151,Fkbp15,ortholog_one2one
ENSG00000071967,CYBRD1,ENSMUSG00000027015,Cybrd1,ortholog_one2one
ENSG00000109881,CCDC34,ENSMUSG00000027160,Ccdc34,ortholog_one2one
ENSG00000158373,H2BC5,ENSMUSG00000114279,H2bc14,ortholog_one2one
ENSG00000116017,ARID3A,ENSMUSG00000019564,Arid3a,ortholog_one2one
ENSG00000058262,SEC61A1,ENSMUSG00000030082,Sec61a1,ortholog_one2one
ENSG00000137337,MDC1,ENSMUSG00000061607,Mdc1,ortholog_one2one
ENSG00000135625,EGR4,ENSMUSG00000071341,Egr4,ortholog_one2one
ENSG00000120280,TASL,ENSMUSG00000025058,Tasl,ortholog_one2one
ENSG00000131620,ANO1,ENSMUSG00000031075,Ano1,ortholog_one2one
ENSG00000017483,SLC38A5,ENSMUSG00000031170,Slc38a5,ortholog_one2one
ENSG00000204262,COL5A2,ENSMUSG00000026042,Col5a2,ortholog_one2one
ENSG00000147408,CSGALNACT1,ENSMUSG00000036356,Csgalnact1,ortholog_one2one
ENSG00000179148,ALOXE3,ENSMUSG00000020892,Aloxe3,ortholog_one2one
ENSG00000006194,ZNF263,ENSMUSG00000022529,Zfp263,ortholog_one2one
ENSG00000002745,WNT16,ENSMUSG00000029671,Wnt16,ortholog_one2one
ENSG00000106648,GALNTL5,ENSMUSG00000028938,Galntl5,ortholog_one2one
ENSG00000182557,SPNS3,ENSMUSG00000020798,Spns3,ortholog_one2one
ENSG00000132003,ZSWIM4,ENSMUSG00000035671,Zswim4,ortholog_one2one
ENSG00000021776,AQR,ENSMUSG00000040383,Aqr,ortholog_one2one
ENSG00000139323,POC1B,ENSMUSG00000019952,Poc1b,ortholog_one2one
ENSG00000124635,H2BC11,ENSMUSG00000068854,H2bc21,ortholog_one2one
ENSG00000137267,TUBB2A,ENSMUSG00000058672,Tubb2a,ortholog_one2one
ENSG00000105278,ZFR2,ENSMUSG00000034949,Zfr2,ortholog_one2one
ENSG00000132535,DLG4,ENSMUSG00000020886,Dlg4,ortholog_one2one
ENSG00000091972,CD200,ENSMUSG00000022661,Cd200,ortholog_one2one
ENSG00000147852,VLDLR,ENSMUSG00000024924,Vldlr,ortholog_one2one
ENSG00000164889,SLC4A2,ENSMUSG00000028962,Slc4a2,ortholog_one2one
ENSG00000126267,COX6B1,ENSMUSG00000036751,Cox6b1,ortholog_one2one
ENSG00000172531,PPP1CA,ENSMUSG00000040385,Ppp1ca,ortholog_one2one
ENSG00000113810,SMC4,ENSMUSG00000034349,Smc4,ortholog_one2one
ENSG00000102172,SMS,ENSMUSG00000071708,Sms,ortholog_one2one
ENSG00000182541,LIMK2,ENSMUSG00000020451,Limk2,ortholog_one2one
ENSG00000104957,YJU2B,ENSMUSG00000004994,Yju2b,ortholog_one2one
ENSG00000112855,HARS2,ENSMUSG00000019143,Hars2,ortholog_one2one
ENSG00000204568,MRPS18B,ENSMUSG00000024436,Mrps18b,ortholog_one2one
ENSG00000101945,SUV39H1,ENSMUSG00000039231,Suv39h1,ortholog_one2one
ENSG00000213901,SLC23A3,ENSMUSG00000026205,Slc23a3,ortholog_one2one
ENSG00000136928,GABBR2,ENSMUSG00000039809,Gabbr2,ortholog_one2one
ENSG00000103150,MLYCD,ENSMUSG00000074064,Mlycd,ortholog_one2one
ENSG00000060237,WNK1,ENSMUSG00000045962,Wnk1,ortholog_one2one
ENSG00000147044,CASK,ENSMUSG00000031012,Cask,ortholog_one2one
ENSG00000103254,ANTKMT,ENSMUSG00000057411,Antkmt,ortholog_one2one
ENSG00000099800,TIMM13,ENSMUSG00000020219,Timm13,ortholog_one2one
ENSG00000073734,ABCB11,ENSMUSG00000027048,Abcb11,ortholog_one2one
ENSG00000231500,RPS18,ENSMUSG00000008668,Rps18,ortholog_one2one
ENSG00000054965,FAM168A,ENSMUSG00000029461,Fam168a,ortholog_one2one
ENSG00000176387,HSD11B2,ENSMUSG00000031891,Hsd11b2,ortholog_one2one
ENSG00000128918,ALDH1A2,ENSMUSG00000013584,Aldh1a2,ortholog_one2one
ENSG00000076650,GPATCH1,ENSMUSG00000063808,Gpatch1,ortholog_one2one
ENSG00000196230,TUBB,ENSMUSG00000001525,Tubb5,ortholog_one2one
ENSG00000198363,ASPH,ENSMUSG00000028207,Asph,ortholog_one2one
ENSG00000107290,SETX,ENSMUSG00000043535,Setx,ortholog_one2one
ENSG00000171174,RBKS,ENSMUSG00000029136,Rbks,ortholog_one2one
ENSG00000137343,ATAT1,ENSMUSG00000024426,Atat1,ortholog_one2one
ENSG00000175581,MRPL48,ENSMUSG00000030706,Mrpl48,ortholog_one2one
ENSG00000185338,SOCS1,ENSMUSG00000038037,Socs1,ortholog_one2one
ENSG00000166188,ZNF319,ENSMUSG00000046556,Zfp319,ortholog_one2one
ENSG00000140961,OSGIN1,ENSMUSG00000074063,Osgin1,ortholog_one2one
ENSG00000177663,IL17RA,ENSMUSG00000002897,Il17ra,ortholog_one2one
ENSG00000116016,EPAS1,ENSMUSG00000024140,Epas1,ortholog_one2one
ENSG00000183617,MRPL54,ENSMUSG00000034932,Mrpl54,ortholog_one2one
ENSG00000167625,ZNF526,ENSMUSG00000046541,Zfp526,ortholog_one2one
ENSG00000284797,CIST1,ENSMUSG00000095026,Gm3336,ortholog_one2one
ENSG00000225950,NTF4,ENSMUSG00000074121,Ntf5,ortholog_one2one
ENSG00000161860,SYCE2,ENSMUSG00000003824,Syce2,ortholog_one2one
ENSG00000006007,GDE1,ENSMUSG00000033917,Gde1,ortholog_one2one
ENSG00000149260,CAPN5,ENSMUSG00000035547,Capn5,ortholog_one2one
ENSG00000104129,DNAJC17,ENSMUSG00000034278,Dnajc17,ortholog_one2one
ENSG00000099992,TBC1D10A,ENSMUSG00000034412,Tbc1d10a,ortholog_one2one
ENSG00000131507,NDFIP1,ENSMUSG00000024425,Ndfip1,ortholog_one2one
ENSG00000187764,SEMA4D,ENSMUSG00000021451,Sema4d,ortholog_one2one
ENSG00000105287,PRKD2,ENSMUSG00000041187,Prkd2,ortholog_one2one
ENSG00000082146,STRADB,ENSMUSG00000026027,Stradb,ortholog_one2one
ENSG00000164221,CCDC112,ENSMUSG00000071855,Ccdc112,ortholog_one2one
ENSG00000136522,MRPL47,ENSMUSG00000037531,Mrpl47,ortholog_one2one
ENSG00000183960,KCNH8,ENSMUSG00000035580,Kcnh8,ortholog_one2one
ENSG00000074603,DPP8,ENSMUSG00000032393,Dpp8,ortholog_one2one
ENSG00000286075,SMIM10L3,ENSMUSG00000118332,Smim10l3,ortholog_one2one
ENSG00000005108,THSD7A,ENSMUSG00000032625,Thsd7a,ortholog_one2one
ENSG00000112695,COX7A2,ENSMUSG00000032330,Cox7a2,ortholog_one2one
ENSG00000169570,DTWD2,ENSMUSG00000024505,Dtwd2,ortholog_one2one
ENSG00000134453,RBM17,ENSMUSG00000037197,Rbm17,ortholog_one2one
ENSG00000163960,UBXN7,ENSMUSG00000053774,Ubxn7,ortholog_one2one
ENSG00000028310,BRD9,ENSMUSG00000057649,Brd9,ortholog_one2one
ENSG00000132254,ARFIP2,ENSMUSG00000030881,Arfip2,ortholog_one2one
ENSG00000205111,CDKL4,ENSMUSG00000033966,Cdkl4,ortholog_one2one
ENSG00000079931,MOXD1,ENSMUSG00000020000,Moxd1,ortholog_one2one
ENSG00000145087,STXBP5L,ENSMUSG00000022829,Stxbp5l,ortholog_one2one
ENSG00000183579,ZNRF3,ENSMUSG00000041961,Znrf3,ortholog_one2one
ENSG00000176946,THAP4,ENSMUSG00000026279,Thap4,ortholog_one2one
ENSG00000167371,PRRT2,ENSMUSG00000045114,Prrt2,ortholog_one2one
ENSG00000167552,TUBA1A,ENSMUSG00000072235,Tuba1a,ortholog_one2one
ENSG00000131409,LRRC4B,ENSMUSG00000047085,Lrrc4b,ortholog_one2one
ENSG00000135144,DTX1,ENSMUSG00000029603,Dtx1,ortholog_one2one
ENSG00000176125,UFSP1,ENSMUSG00000051502,Ufsp1,ortholog_one2one
ENSG00000187266,EPOR,ENSMUSG00000006235,Epor,ortholog_one2one
ENSG00000146197,SCUBE3,ENSMUSG00000038677,Scube3,ortholog_one2one
ENSG00000100401,RANGAP1,ENSMUSG00000022391,Rangap1,ortholog_one2one
ENSG00000123243,ITIH5,ENSMUSG00000025780,Itih5,ortholog_one2one
ENSG00000196408,NOXO1,ENSMUSG00000019320,Noxo1,ortholog_one2one
ENSG00000115607,IL18RAP,ENSMUSG00000026068,Il18rap,ortholog_one2one
ENSG00000139112,GABARAPL1,ENSMUSG00000030161,Gabarapl1,ortholog_one2one
ENSG00000124789,NUP153,ENSMUSG00000021374,Nup153,ortholog_one2one
ENSG00000115468,EFHD1,ENSMUSG00000026255,Efhd1,ortholog_one2one
ENSG00000139343,SNRPF,ENSMUSG00000020018,Snrpf,ortholog_one2one
ENSG00000079432,CIC,ENSMUSG00000005442,Cic,ortholog_one2one
ENSG00000110218,PANX1,ENSMUSG00000031934,Panx1,ortholog_one2one
ENSG00000163689,CFAP20DC,ENSMUSG00000021747,Cfap20dc,ortholog_one2one
ENSG00000089234,BRAP,ENSMUSG00000029458,Brap,ortholog_one2one
ENSG00000081189,MEF2C,ENSMUSG00000005583,Mef2c,ortholog_one2one
ENSG00000047578,KATNIP,ENSMUSG00000032743,Katnip,ortholog_one2one
ENSG00000144152,FBLN7,ENSMUSG00000027386,Fbln7,ortholog_one2one
ENSG00000106853,PTGR1,ENSMUSG00000028378,Ptgr1,ortholog_one2one
ENSG00000175348,TMEM9B,ENSMUSG00000031021,Tmem9b,ortholog_one2one
ENSG00000122367,LDB3,ENSMUSG00000021798,Ldb3,ortholog_one2one
ENSG00000084734,GCKR,ENSMUSG00000059434,Gckr,ortholog_one2one
ENSG00000169344,UMOD,ENSMUSG00000030963,Umod,ortholog_one2one
ENSG00000183340,JRKL,ENSMUSG00000079083,Jrkl,ortholog_one2one
ENSG00000163635,ATXN7,ENSMUSG00000021738,Atxn7,ortholog_one2one
ENSG00000167272,POP5,ENSMUSG00000060152,Pop5,ortholog_one2one
ENSG00000168066,SF1,ENSMUSG00000024949,Sf1,ortholog_one2one
ENSG00000007255,TRAPPC6A,ENSMUSG00000002043,Trappc6a,ortholog_one2one
ENSG00000177294,FBXO39,ENSMUSG00000070388,Fbxo39,ortholog_one2one
ENSG00000167858,TEKT1,ENSMUSG00000020799,Tekt1,ortholog_one2one
ENSG00000094916,CBX5,ENSMUSG00000009575,Cbx5,ortholog_one2one
ENSG00000196872,CRACDL,ENSMUSG00000026090,Cracdl,ortholog_one2one
ENSG00000130725,UBE2M,ENSMUSG00000005575,Ube2m,ortholog_one2one
ENSG00000163607,GTPBP8,ENSMUSG00000022668,Gtpbp8,ortholog_one2one
ENSG00000188886,ASTL,ENSMUSG00000050468,Astl,ortholog_one2one
ENSG00000183207,RUVBL2,ENSMUSG00000003868,Ruvbl2,ortholog_one2one
ENSG00000065802,ASB1,ENSMUSG00000026311,Asb1,ortholog_one2one
ENSG00000114115,RBP1,ENSMUSG00000046402,Rbp1,ortholog_one2one
ENSG00000115946,PNO1,ENSMUSG00000020116,Pno1,ortholog_one2one
ENSG00000135457,TFCP2,ENSMUSG00000009733,Tfcp2,ortholog_one2one
ENSG00000164087,POC1A,ENSMUSG00000023345,Poc1a,ortholog_one2one
ENSG00000138136,LBX1,ENSMUSG00000025216,Lbx1,ortholog_one2one
ENSG00000107829,FBXW4,ENSMUSG00000040913,Fbxw4,ortholog_one2one
ENSG00000112561,TFEB,ENSMUSG00000023990,Tfeb,ortholog_one2one
ENSG00000115107,STEAP3,ENSMUSG00000026389,Steap3,ortholog_one2one
ENSG00000137033,IL33,ENSMUSG00000024810,Il33,ortholog_one2one
ENSG00000148677,ANKRD1,ENSMUSG00000024803,Ankrd1,ortholog_one2one
ENSG00000163235,TGFA,ENSMUSG00000029999,Tgfa,ortholog_one2one
ENSG00000199293,SNORA21,ENSMUSG00000064901,Snora21,ortholog_one2one
ENSG00000103546,SLC6A2,ENSMUSG00000055368,Slc6a2,ortholog_one2one
ENSG00000167384,ZNF180,ENSMUSG00000057101,Zfp180,ortholog_one2one
ENSG00000204952,FBXO47,ENSMUSG00000070336,Fbxo47,ortholog_one2one
ENSG00000176160,HSF5,ENSMUSG00000070345,Hsf5,ortholog_one2one
ENSG00000136527,TRA2B,ENSMUSG00000022858,Tra2b,ortholog_one2one
ENSG00000183621,ZNF438,ENSMUSG00000050945,Zfp438,ortholog_one2one
ENSG00000110721,CHKA,ENSMUSG00000024843,Chka,ortholog_one2one
ENSG00000162944,RFTN2,ENSMUSG00000025978,Rftn2,ortholog_one2one
ENSG00000133773,CCDC59,ENSMUSG00000019897,Ccdc59,ortholog_one2one
ENSG00000148187,MRRF,ENSMUSG00000026887,Mrrf,ortholog_one2one
ENSG00000213337,ANKRD39,ENSMUSG00000079610,Ankrd39,ortholog_one2one
ENSG00000089639,GMIP,ENSMUSG00000036246,Gmip,ortholog_one2one
ENSG00000111319,SCNN1A,ENSMUSG00000030340,Scnn1a,ortholog_one2one
ENSG00000131368,MRPS25,ENSMUSG00000014551,Mrps25,ortholog_one2one
ENSG00000115350,POLE4,ENSMUSG00000030042,Pole4,ortholog_one2one
ENSG00000116096,SPR,ENSMUSG00000033735,Spr,ortholog_one2one
ENSG00000177054,ZDHHC13,ENSMUSG00000030471,Zdhhc13,ortholog_one2one
ENSG00000180644,PRF1,ENSMUSG00000037202,Prf1,ortholog_one2one
ENSG00000169031,COL4A3,ENSMUSG00000079465,Col4a3,ortholog_one2one
ENSG00000120049,KCNIP2,ENSMUSG00000025221,Kcnip2,ortholog_one2one
ENSG00000140675,SLC5A2,ENSMUSG00000030781,Slc5a2,ortholog_one2one
ENSG00000075429,CACNG5,ENSMUSG00000040373,Cacng5,ortholog_one2one
ENSG00000065413,ANKRD44,ENSMUSG00000052331,Ankrd44,ortholog_one2one
ENSG00000136866,ZFP37,ENSMUSG00000028389,Zfp37,ortholog_one2one
ENSG00000174939,ASPHD1,ENSMUSG00000046378,Asphd1,ortholog_one2one
ENSG00000166471,TMEM41B,ENSMUSG00000047554,Tmem41b,ortholog_one2one
ENSG00000086065,CHMP5,ENSMUSG00000028419,Chmp5,ortholog_one2one
ENSG00000187244,BCAM,ENSMUSG00000002980,Bcam,ortholog_one2one
ENSG00000114302,PRKAR2A,ENSMUSG00000032601,Prkar2a,ortholog_one2one
ENSG00000174177,CTU2,ENSMUSG00000049482,Ctu2,ortholog_one2one
ENSG00000118363,SPCS2,ENSMUSG00000035227,Spcs2,ortholog_one2one
ENSG00000178662,CSRNP3,ENSMUSG00000044647,Csrnp3,ortholog_one2one
ENSG00000167553,TUBA1C,ENSMUSG00000043091,Tuba1c,ortholog_one2one
ENSG00000165188,RNF183,ENSMUSG00000063851,Rnf183,ortholog_one2one
ENSG00000118690,ARMC2,ENSMUSG00000071324,Armc2,ortholog_one2one
ENSG00000187624,LIAT1,ENSMUSG00000053783,Liat1,ortholog_one2one
ENSG00000076248,UNG,ENSMUSG00000029591,Ung,ortholog_one2one
ENSG00000167311,ART5,ENSMUSG00000070424,Art5,ortholog_one2one
ENSG00000140262,TCF12,ENSMUSG00000032228,Tcf12,ortholog_one2one
ENSG00000116039,ATP6V1B1,ENSMUSG00000006269,Atp6v1b1,ortholog_one2one
ENSG00000106789,CORO2A,ENSMUSG00000028337,Coro2a,ortholog_one2one
ENSG00000178789,CD300LB,ENSMUSG00000063193,Cd300lb,ortholog_one2one
ENSG00000099783,HNRNPM,ENSMUSG00000059208,Hnrnpm,ortholog_one2one
ENSG00000112511,PHF1,ENSMUSG00000024193,Phf1,ortholog_one2one
ENSG00000159184,HOXB13,ENSMUSG00000049604,Hoxb13,ortholog_one2one
ENSG00000170703,TTLL6,ENSMUSG00000038756,Ttll6,ortholog_one2one
ENSG00000114127,XRN1,ENSMUSG00000032410,Xrn1,ortholog_one2one
ENSG00000107077,KDM4C,ENSMUSG00000028397,Kdm4c,ortholog_one2one
ENSG00000166340,TPP1,ENSMUSG00000030894,Tpp1,ortholog_one2one
ENSG00000159224,GIP,ENSMUSG00000014351,Gip,ortholog_one2one
ENSG00000090975,PITPNM2,ENSMUSG00000029406,Pitpnm2,ortholog_one2one
ENSG00000156531,PHF6,ENSMUSG00000025626,Phf6,ortholog_one2one
ENSG00000171132,PRKCE,ENSMUSG00000045038,Prkce,ortholog_one2one
ENSG00000140937,CDH11,ENSMUSG00000031673,Cdh11,ortholog_one2one
ENSG00000131094,C1QL1,ENSMUSG00000045532,C1ql1,ortholog_one2one
ENSG00000115041,KCNIP3,ENSMUSG00000079056,Kcnip3,ortholog_one2one
ENSG00000106128,GHRHR,ENSMUSG00000004654,Ghrhr,ortholog_one2one
ENSG00000111666,CHPT1,ENSMUSG00000060002,Chpt1,ortholog_one2one
ENSG00000180035,ZNF48,ENSMUSG00000045598,Zfp553,ortholog_one2one
ENSG00000171659,GPR34,ENSMUSG00000040229,Gpr34,ortholog_one2one
ENSG00000137154,RPS6,ENSMUSG00000028495,Rps6,ortholog_one2one
ENSG00000167984,NLRC3,ENSMUSG00000049871,Nlrc3,ortholog_one2one
ENSG00000099203,TMED1,ENSMUSG00000032180,Tmed1,ortholog_one2one
ENSG00000089472,HEPH,ENSMUSG00000031209,Heph,ortholog_one2one
ENSG00000148468,FAM171A1,ENSMUSG00000050530,Fam171a1,ortholog_one2one
ENSG00000257335,MGAM,ENSMUSG00000068587,Mgam,ortholog_one2one
ENSG00000155066,PROM2,ENSMUSG00000027376,Prom2,ortholog_one2one
ENSG00000170627,GTSF1,ENSMUSG00000022487,Gtsf1,ortholog_one2one
ENSG00000171798,KNDC1,ENSMUSG00000066129,Kndc1,ortholog_one2one
ENSG00000184857,TMEM186,ENSMUSG00000043140,Tmem186,ortholog_one2one
ENSG00000087258,GNAO1,ENSMUSG00000031748,Gnao1,ortholog_one2one
ENSG00000135482,ZC3H10,ENSMUSG00000039810,Zc3h10,ortholog_one2one
ENSG00000179115,FARSA,ENSMUSG00000003808,Farsa,ortholog_one2one
ENSG00000111775,COX6A1,ENSMUSG00000041697,Cox6a1,ortholog_one2one
ENSG00000139719,VPS33A,ENSMUSG00000029434,Vps33a,ortholog_one2one
ENSG00000114779,ABHD14B,ENSMUSG00000042073,Abhd14b,ortholog_one2one
ENSG00000135018,UBQLN1,ENSMUSG00000005312,Ubqln1,ortholog_one2one
ENSG00000065613,SLK,ENSMUSG00000025060,Slk,ortholog_one2one
ENSG00000127561,SYNGR3,ENSMUSG00000007021,Syngr3,ortholog_one2one
ENSG00000165494,PCF11,ENSMUSG00000041328,Pcf11,ortholog_one2one
ENSG00000140749,IGSF6,ENSMUSG00000035004,Igsf6,ortholog_one2one
ENSG00000007402,CACNA2D2,ENSMUSG00000010066,Cacna2d2,ortholog_one2one
ENSG00000176533,GNG7,ENSMUSG00000048240,Gng7,ortholog_one2one
ENSG00000120265,PCMT1,ENSMUSG00000019795,Pcmt1,ortholog_one2one
ENSG00000186472,PCLO,ENSMUSG00000061601,Pclo,ortholog_one2one
ENSG00000005001,PRSS22,ENSMUSG00000045027,Prss22,ortholog_one2one
ENSG00000130758,MAP3K10,ENSMUSG00000040390,Map3k10,ortholog_one2one
ENSG00000078804,TP53INP2,ENSMUSG00000038375,Trp53inp2,ortholog_one2one
ENSG00000160326,SLC2A6,ENSMUSG00000036067,Slc2a6,ortholog_one2one
ENSG00000085721,RRN3,ENSMUSG00000022682,Rrn3,ortholog_one2one
ENSG00000137393,RNF144B,ENSMUSG00000038068,Rnf144b,ortholog_one2one
ENSG00000157259,GATAD1,ENSMUSG00000007415,Gatad1,ortholog_one2one
ENSG00000111676,ATN1,ENSMUSG00000004263,Atn1,ortholog_one2one
ENSG00000169169,CPT1C,ENSMUSG00000007783,Cpt1c,ortholog_one2one
ENSG00000258366,RTEL1,ENSMUSG00000038685,Rtel1,ortholog_one2one
ENSG00000204394,VARS1,ENSMUSG00000007029,Vars1,ortholog_one2one
ENSG00000135636,DYSF,ENSMUSG00000033788,Dysf,ortholog_one2one
ENSG00000170855,TRIAP1,ENSMUSG00000029535,Triap1,ortholog_one2one
ENSG00000165282,PIGO,ENSMUSG00000028454,Pigo,ortholog_one2one
ENSG00000185664,PMEL,ENSMUSG00000025359,Pmel,ortholog_one2one
ENSG00000184730,APOBR,ENSMUSG00000042759,Apobr,ortholog_one2one
ENSG00000166828,SCNN1G,ENSMUSG00000000216,Scnn1g,ortholog_one2one
ENSG00000148634,HERC4,ENSMUSG00000020064,Herc4,ortholog_one2one
ENSG00000059145,UNKL,ENSMUSG00000015127,Unkl,ortholog_one2one
ENSG00000141096,DPEP3,ENSMUSG00000031898,Dpep3,ortholog_one2one
ENSG00000107104,KANK1,ENSMUSG00000032702,Kank1,ortholog_one2one
ENSG00000111249,CUX2,ENSMUSG00000042589,Cux2,ortholog_one2one
ENSG00000006116,CACNG3,ENSMUSG00000066189,Cacng3,ortholog_one2one
ENSG00000168040,FADD,ENSMUSG00000031077,Fadd,ortholog_one2one
ENSG00000175267,VWA3A,ENSMUSG00000030889,Vwa3a,ortholog_one2one
ENSG00000166387,PPFIBP2,ENSMUSG00000036528,Ppfibp2,ortholog_one2one
ENSG00000135541,AHI1,ENSMUSG00000019986,Ahi1,ortholog_one2one
ENSG00000167397,VKORC1,ENSMUSG00000096145,Vkorc1,ortholog_one2one
ENSG00000140905,GCSH,ENSMUSG00000034424,Gcsh,ortholog_one2one
ENSG00000144746,ARL6IP5,ENSMUSG00000035199,Arl6ip5,ortholog_one2one
ENSG00000100030,MAPK1,ENSMUSG00000063358,Mapk1,ortholog_one2one
ENSG00000139044,B4GALNT3,ENSMUSG00000041372,B4galnt3,ortholog_one2one
ENSG00000085274,MYNN,ENSMUSG00000037730,Mynn,ortholog_one2one
ENSG00000111696,NT5DC3,ENSMUSG00000054027,Nt5dc3,ortholog_one2one
ENSG00000166813,KIF7,ENSMUSG00000050382,Kif7,ortholog_one2one
ENSG00000139168,ZCRB1,ENSMUSG00000022635,Zcrb1,ortholog_one2one
ENSG00000144834,TAGLN3,ENSMUSG00000022658,Tagln3,ortholog_one2one
ENSG00000139209,SLC38A4,ENSMUSG00000022464,Slc38a4,ortholog_one2one
ENSG00000100416,TRMU,ENSMUSG00000022386,Trmu,ortholog_one2one
ENSG00000164082,GRM2,ENSMUSG00000023192,Grm2,ortholog_one2one
ENSG00000113360,DROSHA,ENSMUSG00000022191,Drosha,ortholog_one2one
ENSG00000089597,GANAB,ENSMUSG00000071650,Ganab,ortholog_one2one
ENSG00000130751,NPAS1,ENSMUSG00000001988,Npas1,ortholog_one2one
ENSG00000229937,PRPS1L1,ENSMUSG00000092305,Prps1l1,ortholog_one2one
ENSG00000106410,NOBOX,ENSMUSG00000029736,Nobox,ortholog_one2one
ENSG00000102978,POLR2C,ENSMUSG00000031783,Polr2c,ortholog_one2one
ENSG00000224940,PRRT4,ENSMUSG00000079654,Prrt4,ortholog_one2one
ENSG00000146909,NOM1,ENSMUSG00000001569,Nom1,ortholog_one2one
ENSG00000163872,YEATS2,ENSMUSG00000041215,Yeats2,ortholog_one2one
ENSG00000090447,TFAP4,ENSMUSG00000005718,Tfap4,ortholog_one2one
ENSG00000128607,KLHDC10,ENSMUSG00000029775,Klhdc10,ortholog_one2one
ENSG00000185052,SLC24A3,ENSMUSG00000063873,Slc24a3,ortholog_one2one
ENSG00000140450,ARRDC4,ENSMUSG00000042659,Arrdc4,ortholog_one2one
ENSG00000100299,ARSA,ENSMUSG00000022620,Arsa,ortholog_one2one
ENSG00000091138,SLC26A3,ENSMUSG00000001225,Slc26a3,ortholog_one2one
ENSG00000177889,UBE2N,ENSMUSG00000074781,Ube2n,ortholog_one2one
ENSG00000261609,GAN,ENSMUSG00000052557,Gan,ortholog_one2one
ENSG00000104064,GABPB1,ENSMUSG00000027361,Gabpb1,ortholog_one2one
ENSG00000187569,DPPA3,ENSMUSG00000046323,Dppa3,ortholog_one2one
ENSG00000181938,GINS3,ENSMUSG00000031669,Gins3,ortholog_one2one
ENSG00000182993,C12orf60,ENSMUSG00000047515,BC049715,ortholog_one2one
ENSG00000181894,ZNF329,ENSMUSG00000057894,Zfp329,ortholog_one2one
ENSG00000111229,ARPC3,ENSMUSG00000029465,Arpc3,ortholog_one2one
ENSG00000004779,NDUFAB1,ENSMUSG00000030869,Ndufab1,ortholog_one2one
ENSG00000121413,ZSCAN18,ENSMUSG00000070822,Zscan18,ortholog_one2one
ENSG00000102904,TSNAXIP1,ENSMUSG00000031893,Tsnaxip1,ortholog_one2one
ENSG00000168734,PKIG,ENSMUSG00000035268,Pkig,ortholog_one2one
ENSG00000104805,NUCB1,ENSMUSG00000030824,Nucb1,ortholog_one2one
ENSG00000197885,NKIRAS1,ENSMUSG00000021772,Nkiras1,ortholog_one2one
ENSG00000013375,PGM3,ENSMUSG00000056131,Pgm3,ortholog_one2one
ENSG00000079112,CDH17,ENSMUSG00000028217,Cdh17,ortholog_one2one
ENSG00000134398,ERN2,ENSMUSG00000030866,Ern2,ortholog_one2one
ENSG00000157600,TMEM164,ENSMUSG00000047045,Tmem164,ortholog_one2one
ENSG00000175166,PSMD2,ENSMUSG00000006998,Psmd2,ortholog_one2one
ENSG00000101888,NXT2,ENSMUSG00000042271,Nxt2,ortholog_one2one
ENSG00000146540,CHLSN,ENSMUSG00000053553,Chlsn,ortholog_one2one
ENSG00000196338,NLGN3,ENSMUSG00000031302,Nlgn3,ortholog_one2one
ENSG00000173157,ADAMTS20,ENSMUSG00000022449,Adamts20,ortholog_one2one
ENSG00000069482,GAL,ENSMUSG00000024907,Gal,ortholog_one2one
ENSG00000127083,OMD,ENSMUSG00000048368,Omd,ortholog_one2one
ENSG00000164542,MATCAP2,ENSMUSG00000036411,Matcap2,ortholog_one2one
ENSG00000177156,TALDO1,ENSMUSG00000025503,Taldo1,ortholog_one2one
ENSG00000125814,NAPB,ENSMUSG00000027438,Napb,ortholog_one2one
ENSG00000260916,CCPG1,ENSMUSG00000034563,Ccpg1,ortholog_one2one
ENSG00000123575,FAM199X,ENSMUSG00000042595,Fam199x,ortholog_one2one
ENSG00000133606,MKRN1,ENSMUSG00000029922,Mkrn1,ortholog_one2one
ENSG00000123349,PFDN5,ENSMUSG00000001289,Pfdn5,ortholog_one2one
ENSG00000136878,USP20,ENSMUSG00000026854,Usp20,ortholog_one2one
ENSG00000110711,AIP,ENSMUSG00000024847,Aip,ortholog_one2one
ENSG00000124198,ARFGEF2,ENSMUSG00000074582,Arfgef2,ortholog_one2one
ENSG00000138942,RNF185,ENSMUSG00000020448,Rnf185,ortholog_one2one
ENSG00000145949,MYLK4,ENSMUSG00000044951,Mylk4,ortholog_one2one
ENSG00000149761,NUDT22,ENSMUSG00000037349,Nudt22,ortholog_one2one
ENSG00000140750,ARHGAP17,ENSMUSG00000030766,Arhgap17,ortholog_one2one
ENSG00000107864,CPEB3,ENSMUSG00000039652,Cpeb3,ortholog_one2one
ENSG00000198833,UBE2J1,ENSMUSG00000028277,Ube2j1,ortholog_one2one
ENSG00000068903,SIRT2,ENSMUSG00000015149,Sirt2,ortholog_one2one
ENSG00000009950,MLXIPL,ENSMUSG00000005373,Mlxipl,ortholog_one2one
ENSG00000083312,TNPO1,ENSMUSG00000009470,Tnpo1,ortholog_one2one
ENSG00000110046,ATG2A,ENSMUSG00000024773,Atg2a,ortholog_one2one
ENSG00000122335,SERAC1,ENSMUSG00000015659,Serac1,ortholog_one2one
ENSG00000151131,NOPCHAP1,ENSMUSG00000020255,Nopchap1,ortholog_one2one
ENSG00000164920,OSR2,ENSMUSG00000022330,Osr2,ortholog_one2one
ENSG00000111615,KRR1,ENSMUSG00000063334,Krr1,ortholog_one2one
ENSG00000101365,IDH3B,ENSMUSG00000027406,Idh3b,ortholog_one2one
ENSG00000100147,CCDC134,ENSMUSG00000068114,Ccdc134,ortholog_one2one
ENSG00000166348,USP54,ENSMUSG00000034235,Usp54,ortholog_one2one
ENSG00000138964,PARVG,ENSMUSG00000022439,Parvg,ortholog_one2one
ENSG00000204209,DAXX,ENSMUSG00000002307,Daxx,ortholog_one2one
ENSG00000166743,ACSM1,ENSMUSG00000033533,Acsm1,ortholog_one2one
ENSG00000137494,ANKRD42,ENSMUSG00000041343,Ankrd42,ortholog_one2one
ENSG00000111252,SH2B3,ENSMUSG00000042594,Sh2b3,ortholog_one2one
ENSG00000125848,FLRT3,ENSMUSG00000051379,Flrt3,ortholog_one2one
ENSG00000069943,PIGB,ENSMUSG00000079469,Pigb,ortholog_one2one
ENSG00000149636,DSN1,ENSMUSG00000027635,Dsn1,ortholog_one2one
ENSG00000103089,FA2H,ENSMUSG00000033579,Fa2h,ortholog_one2one
ENSG00000109861,CTSC,ENSMUSG00000030560,Ctsc,ortholog_one2one
ENSG00000169347,GP2,ENSMUSG00000030954,Gp2,ortholog_one2one
ENSG00000078246,TULP3,ENSMUSG00000001521,Tulp3,ortholog_one2one
ENSG00000123496,IL13RA2,ENSMUSG00000031289,Il13ra2,ortholog_one2one
ENSG00000162951,LRRTM1,ENSMUSG00000060780,Lrrtm1,ortholog_one2one
ENSG00000068305,MEF2A,ENSMUSG00000030557,Mef2a,ortholog_one2one
ENSG00000182568,SATB1,ENSMUSG00000023927,Satb1,ortholog_one2one
ENSG00000172005,MAL,ENSMUSG00000027375,Mal,ortholog_one2one
ENSG00000239306,RBM14,ENSMUSG00000006456,Rbm14,ortholog_one2one
ENSG00000186010,NDUFA13,ENSMUSG00000036199,Ndufa13,ortholog_one2one
ENSG00000177700,POLR2L,ENSMUSG00000038489,Polr2l,ortholog_one2one
ENSG00000072080,SPP2,ENSMUSG00000026295,Spp2,ortholog_one2one
ENSG00000183495,EP400,ENSMUSG00000029505,Ep400,ortholog_one2one
ENSG00000167797,CDK2AP2,ENSMUSG00000024856,Cdk2ap2,ortholog_one2one
ENSG00000197321,SVIL,ENSMUSG00000024236,Svil,ortholog_one2one
ENSG00000137513,NARS2,ENSMUSG00000018995,Nars2,ortholog_one2one
ENSG00000130164,LDLR,ENSMUSG00000032193,Ldlr,ortholog_one2one
ENSG00000072682,P4HA2,ENSMUSG00000018906,P4ha2,ortholog_one2one
ENSG00000131634,TMEM204,ENSMUSG00000024168,Tmem204,ortholog_one2one
ENSG00000123411,IKZF4,ENSMUSG00000002578,Ikzf4,ortholog_one2one
ENSG00000107242,PIP5K1B,ENSMUSG00000024867,Pip5k1b,ortholog_one2one
ENSG00000172478,MAB21L4,ENSMUSG00000034159,Mab21l4,ortholog_one2one
ENSG00000188730,VWC2,ENSMUSG00000050830,Vwc2,ortholog_one2one
ENSG00000167208,SNX20,ENSMUSG00000031662,Snx20,ortholog_one2one
ENSG00000093010,COMT,ENSMUSG00000000326,Comt,ortholog_one2one
ENSG00000002746,HECW1,ENSMUSG00000021301,Hecw1,ortholog_one2one
ENSG00000086696,HSD17B2,ENSMUSG00000031844,Hsd17b2,ortholog_one2one
ENSG00000133704,IPO8,ENSMUSG00000040029,Ipo8,ortholog_one2one
ENSG00000127824,TUBA4A,ENSMUSG00000026202,Tuba4a,ortholog_one2one
ENSG00000065491,TBC1D22B,ENSMUSG00000042203,Tbc1d22b,ortholog_one2one
ENSG00000079950,STX7,ENSMUSG00000019998,Stx7,ortholog_one2one
ENSG00000136541,ERMN,ENSMUSG00000026830,Ermn,ortholog_one2one
ENSG00000048471,SNX29,ENSMUSG00000071669,Snx29,ortholog_one2one
ENSG00000154359,LONRF1,ENSMUSG00000039633,Lonrf1,ortholog_one2one
ENSG00000059728,MXD1,ENSMUSG00000001156,Mxd1,ortholog_one2one
ENSG00000214456,PLIN5,ENSMUSG00000011305,Plin5,ortholog_one2one
ENSG00000106305,AIMP2,ENSMUSG00000029610,Aimp2,ortholog_one2one
ENSG00000132155,RAF1,ENSMUSG00000000441,Raf1,ortholog_one2one
ENSG00000149485,FADS1,ENSMUSG00000010663,Fads1,ortholog_one2one
ENSG00000187193,MT1X,ENSMUSG00000031762,Mt2,ortholog_one2one
ENSG00000179776,CDH5,ENSMUSG00000031871,Cdh5,ortholog_one2one
ENSG00000128645,HOXD1,ENSMUSG00000042448,Hoxd1,ortholog_one2one
ENSG00000076108,BAZ2A,ENSMUSG00000040054,Baz2a,ortholog_one2one
ENSG00000104626,ERI1,ENSMUSG00000031527,Eri1,ortholog_one2one
ENSG00000275111,ZNF2,ENSMUSG00000034800,Zfp661,ortholog_one2one
ENSG00000136574,GATA4,ENSMUSG00000021944,Gata4,ortholog_one2one
ENSG00000178385,PLEKHM3,ENSMUSG00000051344,Plekhm3,ortholog_one2one
ENSG00000135631,RAB11FIP5,ENSMUSG00000051343,Rab11fip5,ortholog_one2one
ENSG00000126456,IRF3,ENSMUSG00000003184,Irf3,ortholog_one2one
ENSG00000176953,NFATC2IP,ENSMUSG00000030722,Nfatc2ip,ortholog_one2one
ENSG00000122756,CNTFR,ENSMUSG00000028444,Cntfr,ortholog_one2one
ENSG00000153214,TMEM87B,ENSMUSG00000014353,Tmem87b,ortholog_one2one
ENSG00000120256,LRP11,ENSMUSG00000019796,Lrp11,ortholog_one2one
ENSG00000198650,TAT,ENSMUSG00000001670,Tat,ortholog_one2one
ENSG00000118496,FBXO30,ENSMUSG00000047648,Fbxo30,ortholog_one2one
ENSG00000204310,AGPAT1,ENSMUSG00000034254,Agpat1,ortholog_one2one
ENSG00000030066,NUP160,ENSMUSG00000051329,Nup160,ortholog_one2one
ENSG00000102034,ELF4,ENSMUSG00000031103,Elf4,ortholog_one2one
ENSG00000182551,ADI1,ENSMUSG00000020629,Adi1,ortholog_one2one
ENSG00000182378,PLCXD1,ENSMUSG00000064247,Plcxd1,ortholog_one2one
ENSG00000072364,AFF4,ENSMUSG00000049470,Aff4,ortholog_one2one
ENSG00000158125,XDH,ENSMUSG00000024066,Xdh,ortholog_one2one
ENSG00000067829,IDH3G,ENSMUSG00000002010,Idh3g,ortholog_one2one
ENSG00000187546,AGMO,ENSMUSG00000050103,Agmo,ortholog_one2one
ENSG00000102870,ZNF629,ENSMUSG00000045639,Zfp629,ortholog_one2one
ENSG00000162073,PAQR4,ENSMUSG00000023909,Paqr4,ortholog_one2one
ENSG00000164188,RANBP3L,ENSMUSG00000048424,Ranbp3l,ortholog_one2one
ENSG00000128590,DNAJB9,ENSMUSG00000014905,Dnajb9,ortholog_one2one
ENSG00000099769,IGFALS,ENSMUSG00000046070,Igfals,ortholog_one2one
ENSG00000015520,NPC1L1,ENSMUSG00000020447,Npc1l1,ortholog_one2one
ENSG00000166619,BLCAP,ENSMUSG00000067787,Blcap,ortholog_one2one
ENSG00000130707,ASS1,ENSMUSG00000076441,Ass1,ortholog_one2one
ENSG00000229809,ZNF688,ENSMUSG00000045251,Zfp688,ortholog_one2one
ENSG00000118985,ELL2,ENSMUSG00000001542,Ell2,ortholog_one2one
ENSG00000065615,CYB5R4,ENSMUSG00000032872,Cyb5r4,ortholog_one2one
ENSG00000111752,PHC1,ENSMUSG00000040669,Phc1,ortholog_one2one
ENSG00000182263,FIGN,ENSMUSG00000075324,Fign,ortholog_one2one
ENSG00000070915,SLC12A3,ENSMUSG00000031766,Slc12a3,ortholog_one2one
ENSG00000125835,SNRPB,ENSMUSG00000027404,Snrpb,ortholog_one2one
ENSG00000086200,IPO11,ENSMUSG00000042590,Ipo11,ortholog_one2one
ENSG00000115112,TFCP2L1,ENSMUSG00000026380,Tfcp2l1,ortholog_one2one
ENSG00000147099,HDAC8,ENSMUSG00000067567,Hdac8,ortholog_one2one
ENSG00000146205,ANO7,ENSMUSG00000034107,Ano7,ortholog_one2one
ENSG00000106617,PRKAG2,ENSMUSG00000028944,Prkag2,ortholog_one2one
ENSG00000101298,SNPH,ENSMUSG00000027457,Snph,ortholog_one2one
ENSG00000090924,PLEKHG2,ENSMUSG00000037552,Plekhg2,ortholog_one2one
ENSG00000185033,SEMA4B,ENSMUSG00000030539,Sema4b,ortholog_one2one
ENSG00000241404,EGFL8,ENSMUSG00000015467,Egfl8,ortholog_one2one
ENSG00000197114,ZGPAT,ENSMUSG00000027582,Zgpat,ortholog_one2one
ENSG00000197635,DPP4,ENSMUSG00000035000,Dpp4,ortholog_one2one
ENSG00000113504,SLC12A7,ENSMUSG00000017756,Slc12a7,ortholog_one2one
ENSG00000291237,SOD2,ENSMUSG00000006818,Sod2,ortholog_one2one
ENSG00000163106,HPGDS,ENSMUSG00000029919,Hpgds,ortholog_one2one
ENSG00000205129,CFAP96,ENSMUSG00000071103,Cfap96,ortholog_one2one
ENSG00000086189,DIMT1,ENSMUSG00000021692,Dimt1,ortholog_one2one
ENSG00000204381,LAYN,ENSMUSG00000060594,Layn,ortholog_one2one
ENSG00000067167,TRAM1,ENSMUSG00000025935,Tram1,ortholog_one2one
ENSG00000168874,ATOH8,ENSMUSG00000037621,Atoh8,ortholog_one2one
ENSG00000213780,GTF2H4,ENSMUSG00000001524,Gtf2h4,ortholog_one2one
ENSG00000157703,SVOPL,ENSMUSG00000029830,Svopl,ortholog_one2one
ENSG00000140506,LMAN1L,ENSMUSG00000056271,Lman1l,ortholog_one2one
ENSG00000138768,USO1,ENSMUSG00000029407,Uso1,ortholog_one2one
ENSG00000168906,MAT2A,ENSMUSG00000053907,Mat2a,ortholog_one2one
ENSG00000149308,NPAT,ENSMUSG00000033054,Npat,ortholog_one2one
ENSG00000160862,AZGP1,ENSMUSG00000037053,Azgp1,ortholog_one2one
ENSG00000118046,STK11,ENSMUSG00000003068,Stk11,ortholog_one2one
ENSG00000164985,PSIP1,ENSMUSG00000028484,Psip1,ortholog_one2one
ENSG00000144228,SPOPL,ENSMUSG00000026771,Spopl,ortholog_one2one
ENSG00000172890,NADSYN1,ENSMUSG00000031090,Nadsyn1,ortholog_one2one
ENSG00000167065,DUSP18,ENSMUSG00000047205,Dusp18,ortholog_one2one
ENSG00000133661,SFTPD,ENSMUSG00000021795,Sftpd,ortholog_one2one
ENSG00000103381,CPPED1,ENSMUSG00000065979,Cpped1,ortholog_one2one
ENSG00000104205,SGK3,ENSMUSG00000025915,Sgk3,ortholog_one2one
ENSG00000106331,PAX4,ENSMUSG00000029706,Pax4,ortholog_one2one
ENSG00000116001,TIA1,ENSMUSG00000071337,Tia1,ortholog_one2one
ENSG00000169118,CSNK1G1,ENSMUSG00000032384,Csnk1g1,ortholog_one2one
ENSG00000177058,SLC38A9,ENSMUSG00000047789,Slc38a9,ortholog_one2one
ENSG00000262246,CORO7,ENSMUSG00000039637,Coro7,ortholog_one2one
ENSG00000184343,SRPK3,ENSMUSG00000002007,Srpk3,ortholog_one2one
ENSG00000135341,MAP3K7,ENSMUSG00000028284,Map3k7,ortholog_one2one
ENSG00000062598,ELMO2,ENSMUSG00000017670,Elmo2,ortholog_one2one
ENSG00000214128,TMEM213,ENSMUSG00000029829,Tmem213,ortholog_one2one
ENSG00000089351,GRAMD1A,ENSMUSG00000001248,Gramd1a,ortholog_one2one
ENSG00000122574,WIPF3,ENSMUSG00000086040,Wipf3,ortholog_one2one
ENSG00000138757,G3BP2,ENSMUSG00000029405,G3bp2,ortholog_one2one
ENSG00000240583,AQP1,ENSMUSG00000004655,Aqp1,ortholog_one2one
ENSG00000026025,VIM,ENSMUSG00000026728,Vim,ortholog_one2one
ENSG00000243317,STMP1,ENSMUSG00000073155,Stmp1,ortholog_one2one
ENSG00000005486,RHBDD2,ENSMUSG00000039917,Rhbdd2,ortholog_one2one
ENSG00000139651,ZNF740,ENSMUSG00000046897,Zfp740,ortholog_one2one
ENSG00000152578,GRIA4,ENSMUSG00000025892,Gria4,ortholog_one2one
ENSG00000129317,PUS7L,ENSMUSG00000033356,Pus7l,ortholog_one2one
ENSG00000067177,PHKA1,ENSMUSG00000034055,Phka1,ortholog_one2one
ENSG00000136819,C9orf78,ENSMUSG00000026851,BC005624,ortholog_one2one
ENSG00000143921,ABCG8,ENSMUSG00000024254,Abcg8,ortholog_one2one
ENSG00000130635,COL5A1,ENSMUSG00000026837,Col5a1,ortholog_one2one
ENSG00000198355,PIM3,ENSMUSG00000035828,Pim3,ortholog_one2one
ENSG00000107796,ACTA2,ENSMUSG00000035783,Acta2,ortholog_one2one
ENSG00000100263,RHBDD3,ENSMUSG00000034175,Rhbdd3,ortholog_one2one
ENSG00000138075,ABCG5,ENSMUSG00000040505,Abcg5,ortholog_one2one
ENSG00000166736,HTR3A,ENSMUSG00000032269,Htr3a,ortholog_one2one
ENSG00000187672,ERC2,ENSMUSG00000040640,Erc2,ortholog_one2one
ENSG00000124762,CDKN1A,ENSMUSG00000023067,Cdkn1a,ortholog_one2one
ENSG00000100243,CYB5R3,ENSMUSG00000018042,Cyb5r3,ortholog_one2one
ENSG00000169967,MAP3K2,ENSMUSG00000024383,Map3k2,ortholog_one2one
ENSG00000126254,RBM42,ENSMUSG00000036733,Rbm42,ortholog_one2one
ENSG00000103365,GGA2,ENSMUSG00000030872,Gga2,ortholog_one2one
ENSG00000111145,ELK3,ENSMUSG00000008398,Elk3,ortholog_one2one
ENSG00000177084,POLE,ENSMUSG00000007080,Pole,ortholog_one2one
ENSG00000109743,BST1,ENSMUSG00000029082,Bst1,ortholog_one2one
ENSG00000124664,SPDEF,ENSMUSG00000024215,Spdef,ortholog_one2one
ENSG00000164081,TEX264,ENSMUSG00000040813,Tex264,ortholog_one2one
ENSG00000166012,TAF1D,ENSMUSG00000031939,Taf1d,ortholog_one2one
ENSG00000198961,PJA2,ENSMUSG00000024083,Pja2,ortholog_one2one
ENSG00000131263,RLIM,ENSMUSG00000056537,Rlim,ortholog_one2one
ENSG00000083099,LYRM2,ENSMUSG00000045854,Lyrm2,ortholog_one2one
ENSG00000138629,UBL7,ENSMUSG00000055720,Ubl7,ortholog_one2one
ENSG00000162078,ZG16B,ENSMUSG00000024125,Sbpl,ortholog_one2one
ENSG00000090238,YPEL3,ENSMUSG00000042675,Ypel3,ortholog_one2one
ENSG00000176248,ANAPC2,ENSMUSG00000026965,Anapc2,ortholog_one2one
ENSG00000105887,MTPN,ENSMUSG00000029840,Mtpn,ortholog_one2one
ENSG00000166228,PCBD1,ENSMUSG00000020098,Pcbd1,ortholog_one2one
ENSG00000071889,FAM3A,ENSMUSG00000031399,Fam3a,ortholog_one2one
ENSG00000074317,SNCB,ENSMUSG00000034891,Sncb,ortholog_one2one
ENSG00000135549,PKIB,ENSMUSG00000019876,Pkib,ortholog_one2one
ENSG00000168993,CPLX1,ENSMUSG00000033615,Cplx1,ortholog_one2one
ENSG00000071243,ING3,ENSMUSG00000029670,Ing3,ortholog_one2one
ENSG00000277893,SRD5A2,ENSMUSG00000038541,Srd5a2,ortholog_one2one
ENSG00000243147,MRPL33,ENSMUSG00000106918,Mrpl33,ortholog_one2one
ENSG00000157315,TMED6,ENSMUSG00000031919,Tmed6,ortholog_one2one
ENSG00000164023,SGMS2,ENSMUSG00000050931,Sgms2,ortholog_one2one
ENSG00000174990,CA5A,ENSMUSG00000025317,Car5a,ortholog_one2one
ENSG00000198331,HYLS1,ENSMUSG00000050555,Hyls1,ortholog_one2one
ENSG00000128683,GAD1,ENSMUSG00000070880,Gad1,ortholog_one2one
ENSG00000196437,ZNF569,ENSMUSG00000059975,Zfp74,ortholog_one2one
ENSG00000110060,PUS3,ENSMUSG00000032103,Pus3,ortholog_one2one
ENSG00000186166,CENATAC,ENSMUSG00000043923,Cenatac,ortholog_one2one
ENSG00000106636,YKT6,ENSMUSG00000002741,Ykt6,ortholog_one2one
ENSG00000153066,TXNDC11,ENSMUSG00000022498,Txndc11,ortholog_one2one
ENSG00000138796,HADH,ENSMUSG00000027984,Hadh,ortholog_one2one
ENSG00000083838,ZNF446,ENSMUSG00000033961,Zfp446,ortholog_one2one
ENSG00000100239,PPP6R2,ENSMUSG00000036561,Ppp6r2,ortholog_one2one
ENSG00000171953,ATPAF2,ENSMUSG00000042709,Atpaf2,ortholog_one2one
ENSG00000205213,LGR4,ENSMUSG00000050199,Lgr4,ortholog_one2one
ENSG00000136931,NR5A1,ENSMUSG00000026751,Nr5a1,ortholog_one2one
ENSG00000170260,ZNF212,ENSMUSG00000052763,Zfp212,ortholog_one2one
ENSG00000169228,RAB24,ENSMUSG00000034789,Rab24,ortholog_one2one
ENSG00000178409,BEND3,ENSMUSG00000038214,Bend3,ortholog_one2one
ENSG00000105438,KDELR1,ENSMUSG00000002778,Kdelr1,ortholog_one2one
ENSG00000139291,TMEM19,ENSMUSG00000069520,Tmem19,ortholog_one2one
ENSG00000075975,MKRN2,ENSMUSG00000000439,Mkrn2,ortholog_one2one
ENSG00000183549,ACSM5,ENSMUSG00000030972,Acsm5,ortholog_one2one
ENSG00000173467,AGR3,ENSMUSG00000036231,Agr3,ortholog_one2one
ENSG00000091536,MYO15A,ENSMUSG00000042678,Myo15a,ortholog_one2one
ENSG00000168300,PCMTD1,ENSMUSG00000051285,Pcmtd1,ortholog_one2one
ENSG00000124571,XPO5,ENSMUSG00000067150,Xpo5,ortholog_one2one
ENSG00000171827,ZNF570,ENSMUSG00000037001,Zfp39,ortholog_one2one
ENSG00000163513,TGFBR2,ENSMUSG00000032440,Tgfbr2,ortholog_one2one
ENSG00000136937,NCBP1,ENSMUSG00000028330,Ncbp1,ortholog_one2one
ENSG00000129933,MAU2,ENSMUSG00000031858,Mau2,ortholog_one2one
ENSG00000102241,HTATSF1,ENSMUSG00000067873,Htatsf1,ortholog_one2one
ENSG00000197150,ABCB8,ENSMUSG00000028973,Abcb8,ortholog_one2one
ENSG00000166266,CUL5,ENSMUSG00000032030,Cul5,ortholog_one2one
ENSG00000111261,MANSC1,ENSMUSG00000032718,Mansc1,ortholog_one2one
ENSG00000138669,PRKG2,ENSMUSG00000029334,Prkg2,ortholog_one2one
ENSG00000101246,ARFRP1,ENSMUSG00000038671,Arfrp1,ortholog_one2one
ENSG00000111110,PPM1H,ENSMUSG00000034613,Ppm1h,ortholog_one2one
ENSG00000108061,SHOC2,ENSMUSG00000024976,Shoc2,ortholog_one2one
ENSG00000136518,ACTL6A,ENSMUSG00000027671,Actl6a,ortholog_one2one
ENSG00000131446,MGAT1,ENSMUSG00000020346,Mgat1,ortholog_one2one
ENSG00000179262,RAD23A,ENSMUSG00000003813,Rad23a,ortholog_one2one
ENSG00000183044,ABAT,ENSMUSG00000057880,Abat,ortholog_one2one
ENSG00000215301,DDX3X,ENSMUSG00000000787,Ddx3x,ortholog_one2one
ENSG00000149016,TUT1,ENSMUSG00000071645,Tut1,ortholog_one2one
ENSG00000113492,AGXT2,ENSMUSG00000089678,Agxt2,ortholog_one2one
ENSG00000133884,DPF2,ENSMUSG00000024826,Dpf2,ortholog_one2one
ENSG00000118564,FBXL5,ENSMUSG00000039753,Fbxl5,ortholog_one2one
ENSG00000160959,LRRC14,ENSMUSG00000033728,Lrrc14,ortholog_one2one
ENSG00000126368,NR1D1,ENSMUSG00000020889,Nr1d1,ortholog_one2one
ENSG00000124795,DEK,ENSMUSG00000021377,Dek,ortholog_one2one
ENSG00000198682,PAPSS2,ENSMUSG00000024899,Papss2,ortholog_one2one
ENSG00000108352,RAPGEFL1,ENSMUSG00000038020,Rapgefl1,ortholog_one2one
ENSG00000165643,SOHLH1,ENSMUSG00000059625,Sohlh1,ortholog_one2one
ENSG00000104872,PIH1D1,ENSMUSG00000003423,Pih1d1,ortholog_one2one
ENSG00000121680,PEX16,ENSMUSG00000027222,Pex16,ortholog_one2one
ENSG00000196498,NCOR2,ENSMUSG00000029478,Ncor2,ortholog_one2one
ENSG00000136842,TMOD1,ENSMUSG00000028328,Tmod1,ortholog_one2one
ENSG00000166448,TMEM130,ENSMUSG00000043388,Tmem130,ortholog_one2one
ENSG00000183153,GJD3,ENSMUSG00000047197,Gjd3,ortholog_one2one
ENSG00000162738,VANGL2,ENSMUSG00000026556,Vangl2,ortholog_one2one
ENSG00000107581,EIF3A,ENSMUSG00000024991,Eif3a,ortholog_one2one
ENSG00000204370,SDHD,ENSMUSG00000000171,Sdhd,ortholog_one2one
ENSG00000173889,PHC3,ENSMUSG00000037652,Phc3,ortholog_one2one
ENSG00000122679,RAMP3,ENSMUSG00000041046,Ramp3,ortholog_one2one
ENSG00000118702,GHRH,ENSMUSG00000027643,Ghrh,ortholog_one2one
ENSG00000197496,SLC2A10,ENSMUSG00000027661,Slc2a10,ortholog_one2one
ENSG00000164746,C7orf57,ENSMUSG00000040978,Gm11992,ortholog_one2one
ENSG00000146054,TRIM7,ENSMUSG00000040350,Trim7,ortholog_one2one
ENSG00000154930,ACSS1,ENSMUSG00000027452,Acss1,ortholog_one2one
ENSG00000196821,ILRUN,ENSMUSG00000056692,Ilrun,ortholog_one2one
ENSG00000171219,CDC42BPG,ENSMUSG00000024769,Cdc42bpg,ortholog_one2one
ENSG00000185668,POU3F1,ENSMUSG00000090125,Pou3f1,ortholog_one2one
ENSG00000166289,PLEKHF1,ENSMUSG00000074170,Plekhf1,ortholog_one2one
ENSG00000160993,ALKBH4,ENSMUSG00000039754,Alkbh4,ortholog_one2one
ENSG00000064490,RFXANK,ENSMUSG00000036120,Rfxank,ortholog_one2one
ENSG00000112319,EYA4,ENSMUSG00000010461,Eya4,ortholog_one2one
ENSG00000136830,NIBAN2,ENSMUSG00000026796,Niban2,ortholog_one2one
ENSG00000253368,TRNP1,ENSMUSG00000056596,Trnp1,ortholog_one2one
ENSG00000173992,CCS,ENSMUSG00000034108,Ccs,ortholog_one2one
ENSG00000185418,TARS3,ENSMUSG00000030515,Tars3,ortholog_one2one
ENSG00000165449,SLC16A9,ENSMUSG00000037762,Slc16a9,ortholog_one2one
ENSG00000155926,SLA,ENSMUSG00000022372,Sla,ortholog_one2one
ENSG00000168439,STIP1,ENSMUSG00000024966,Stip1,ortholog_one2one
ENSG00000103449,SALL1,ENSMUSG00000031665,Sall1,ortholog_one2one
ENSG00000177853,ZNF518A,ENSMUSG00000049164,Zfp518a,ortholog_one2one
ENSG00000166847,DCTN5,ENSMUSG00000030868,Dctn5,ortholog_one2one
ENSG00000106336,FBXO24,ENSMUSG00000089984,Fbxo24,ortholog_one2one
ENSG00000196678,ERI2,ENSMUSG00000030929,Eri2,ortholog_one2one
ENSG00000061936,SFSWAP,ENSMUSG00000029439,Sfswap,ortholog_one2one
ENSG00000124253,PCK1,ENSMUSG00000027513,Pck1,ortholog_one2one
ENSG00000136925,TSTD2,ENSMUSG00000035495,Tstd2,ortholog_one2one
ENSG00000115085,ZAP70,ENSMUSG00000026117,Zap70,ortholog_one2one
ENSG00000122787,AKR1D1,ENSMUSG00000038641,Akr1d1,ortholog_one2one
ENSG00000138698,RAP1GDS1,ENSMUSG00000028149,Rap1gds1,ortholog_one2one
ENSG00000086475,SEPHS1,ENSMUSG00000026662,Sephs1,ortholog_one2one
ENSG00000244274,DBNDD2,ENSMUSG00000017734,Dbndd2,ortholog_one2one
ENSG00000135049,AGTPBP1,ENSMUSG00000021557,Agtpbp1,ortholog_one2one
ENSG00000103591,AAGAB,ENSMUSG00000037257,Aagab,ortholog_one2one
ENSG00000114098,ARMC8,ENSMUSG00000032468,Armc8,ortholog_one2one
ENSG00000156475,PPP2R2B,ENSMUSG00000024500,Ppp2r2b,ortholog_one2one
ENSG00000144579,CTDSP1,ENSMUSG00000026176,Ctdsp1,ortholog_one2one
ENSG00000186480,INSIG1,ENSMUSG00000045294,Insig1,ortholog_one2one
ENSG00000147649,MTDH,ENSMUSG00000022255,Mtdh,ortholog_one2one
ENSG00000155980,KIF5A,ENSMUSG00000074657,Kif5a,ortholog_one2one
ENSG00000004948,CALCR,ENSMUSG00000023964,Calcr,ortholog_one2one
ENSG00000103044,HAS3,ENSMUSG00000031910,Has3,ortholog_one2one
ENSG00000137868,STRA6,ENSMUSG00000032327,Stra6,ortholog_one2one
ENSG00000135898,GPR55,ENSMUSG00000049608,Gpr55,ortholog_one2one
ENSG00000111224,PARP11,ENSMUSG00000037997,Parp11,ortholog_one2one
ENSG00000103460,TOX3,ENSMUSG00000043668,Tox3,ortholog_one2one
ENSG00000152463,OLAH,ENSMUSG00000026645,Olah,ortholog_one2one
ENSG00000196562,SULF2,ENSMUSG00000006800,Sulf2,ortholog_one2one
ENSG00000197140,ADAM32,ENSMUSG00000037437,Adam32,ortholog_one2one
ENSG00000173621,LRFN4,ENSMUSG00000045045,Lrfn4,ortholog_one2one
ENSG00000149136,SSRP1,ENSMUSG00000027067,Ssrp1,ortholog_one2one
ENSG00000007001,UPP2,ENSMUSG00000026839,Upp2,ortholog_one2one
ENSG00000149930,TAOK2,ENSMUSG00000059981,Taok2,ortholog_one2one
ENSG00000111196,MAGOHB,ENSMUSG00000030188,Magohb,ortholog_one2one
ENSG00000146453,PNLDC1,ENSMUSG00000073460,Pnldc1,ortholog_one2one
ENSG00000144231,POLR2D,ENSMUSG00000024258,Polr2d,ortholog_one2one
ENSG00000197889,MEIG1,ENSMUSG00000026650,Meig1,ortholog_one2one
ENSG00000072422,RHOBTB1,ENSMUSG00000019944,Rhobtb1,ortholog_one2one
ENSG00000116106,EPHA4,ENSMUSG00000026235,Epha4,ortholog_one2one
ENSG00000177169,ULK1,ENSMUSG00000029512,Ulk1,ortholog_one2one
ENSG00000180347,ITPRID1,ENSMUSG00000037973,Itprid1,ortholog_one2one
ENSG00000137193,PIM1,ENSMUSG00000024014,Pim1,ortholog_one2one
ENSG00000160113,NR2F6,ENSMUSG00000002393,Nr2f6,ortholog_one2one
ENSG00000160410,SHKBP1,ENSMUSG00000089832,Shkbp1,ortholog_one2one
ENSG00000055147,FAM114A2,ENSMUSG00000020523,Fam114a2,ortholog_one2one
ENSG00000088833,NSFL1C,ENSMUSG00000027455,Nsfl1c,ortholog_one2one
ENSG00000091137,SLC26A4,ENSMUSG00000020651,Slc26a4,ortholog_one2one
ENSG00000131149,GSE1,ENSMUSG00000031822,Gse1,ortholog_one2one
ENSG00000070018,LRP6,ENSMUSG00000030201,Lrp6,ortholog_one2one
ENSG00000146192,FGD2,ENSMUSG00000024013,Fgd2,ortholog_one2one
ENSG00000107872,FBXL15,ENSMUSG00000025226,Fbxl15,ortholog_one2one
ENSG00000170145,SIK2,ENSMUSG00000037112,Sik2,ortholog_one2one
ENSG00000164597,COG5,ENSMUSG00000035933,Cog5,ortholog_one2one
ENSG00000108010,GLRX3,ENSMUSG00000031068,Glrx3,ortholog_one2one
ENSG00000166889,PATL1,ENSMUSG00000046139,Patl1,ortholog_one2one
ENSG00000147606,SLC26A7,ENSMUSG00000040569,Slc26a7,ortholog_one2one
ENSG00000112592,TBP,ENSMUSG00000014767,Tbp,ortholog_one2one
ENSG00000186487,MYT1L,ENSMUSG00000061911,Myt1l,ortholog_one2one
ENSG00000247746,USP51,ENSMUSG00000067215,Usp51,ortholog_one2one
ENSG00000122705,CLTA,ENSMUSG00000028478,Clta,ortholog_one2one
ENSG00000083750,RRAGB,ENSMUSG00000041658,Rragb,ortholog_one2one
ENSG00000135205,CCDC146,ENSMUSG00000064280,Ccdc146,ortholog_one2one
ENSG00000166788,SAAL1,ENSMUSG00000006763,Saal1,ortholog_one2one
ENSG00000101306,MYLK2,ENSMUSG00000027470,Mylk2,ortholog_one2one
ENSG00000152457,DCLRE1C,ENSMUSG00000026648,Dclre1c,ortholog_one2one
ENSG00000198931,APRT,ENSMUSG00000006589,Aprt,ortholog_one2one
ENSG00000147140,NONO,ENSMUSG00000031311,Nono,ortholog_one2one
ENSG00000112214,FHL5,ENSMUSG00000028259,Fhl5,ortholog_one2one
ENSG00000160563,MED27,ENSMUSG00000026799,Med27,ortholog_one2one
ENSG00000106397,PLOD3,ENSMUSG00000004846,Plod3,ortholog_one2one
ENSG00000118515,SGK1,ENSMUSG00000019970,Sgk1,ortholog_one2one
ENSG00000139574,NPFF,ENSMUSG00000023052,Npff,ortholog_one2one
ENSG00000172296,SPTLC3,ENSMUSG00000039092,Sptlc3,ortholog_one2one
ENSG00000133703,KRAS,ENSMUSG00000030265,Kras,ortholog_one2one
ENSG00000198707,CEP290,ENSMUSG00000019971,Cep290,ortholog_one2one
ENSG00000165185,KIAA1958,ENSMUSG00000045071,E130308A19Rik,ortholog_one2one
ENSG00000169692,AGPAT2,ENSMUSG00000026922,Agpat2,ortholog_one2one
ENSG00000214087,ARL16,ENSMUSG00000057594,Arl16,ortholog_one2one
ENSG00000188175,HEPACAM2,ENSMUSG00000044156,Hepacam2,ortholog_one2one
ENSG00000160404,TOR2A,ENSMUSG00000009563,Tor2a,ortholog_one2one
ENSG00000166796,LDHC,ENSMUSG00000030851,Ldhc,ortholog_one2one
ENSG00000170381,SEMA3E,ENSMUSG00000063531,Sema3e,ortholog_one2one
ENSG00000050748,MAPK9,ENSMUSG00000020366,Mapk9,ortholog_one2one
ENSG00000198467,TPM2,ENSMUSG00000028464,Tpm2,ortholog_one2one
ENSG00000244405,ETV5,ENSMUSG00000013089,Etv5,ortholog_one2one
ENSG00000151611,MMAA,ENSMUSG00000037022,Mmaa,ortholog_one2one
ENSG00000177082,WDR73,ENSMUSG00000025722,Wdr73,ortholog_one2one
ENSG00000104343,UBE2W,ENSMUSG00000025939,Ube2w,ortholog_one2one
ENSG00000105971,CAV2,ENSMUSG00000000058,Cav2,ortholog_one2one
ENSG00000152954,NRSN1,ENSMUSG00000048978,Nrsn1,ortholog_one2one
ENSG00000164122,ASB5,ENSMUSG00000031519,Asb5,ortholog_one2one
ENSG00000168566,SNRNP48,ENSMUSG00000021431,Snrnp48,ortholog_one2one
ENSG00000005421,PON1,ENSMUSG00000002588,Pon1,ortholog_one2one
ENSG00000189325,BNIP5,ENSMUSG00000048905,Bnip5,ortholog_one2one
ENSG00000145220,LYAR,ENSMUSG00000067367,Lyar,ortholog_one2one
ENSG00000089199,CHGB,ENSMUSG00000027350,Chgb,ortholog_one2one
ENSG00000130382,MLLT1,ENSMUSG00000024212,Mllt1,ortholog_one2one
ENSG00000178105,DDX10,ENSMUSG00000053289,Ddx10,ortholog_one2one
ENSG00000136404,TM6SF1,ENSMUSG00000038623,Tm6sf1,ortholog_one2one
ENSG00000204070,SYS1,ENSMUSG00000045503,Sys1,ortholog_one2one
ENSG00000023330,ALAS1,ENSMUSG00000032786,Alas1,ortholog_one2one
ENSG00000184162,NR2C2AP,ENSMUSG00000071078,Nr2c2ap,ortholog_one2one
ENSG00000065029,ZNF76,ENSMUSG00000024220,Zfp523,ortholog_one2one
ENSG00000185467,KPNA7,ENSMUSG00000038770,Kpna7,ortholog_one2one
ENSG00000036448,MYOM2,ENSMUSG00000031461,Myom2,ortholog_one2one
ENSG00000164073,MFSD8,ENSMUSG00000025759,Mfsd8,ortholog_one2one
ENSG00000184434,LRRC19,ENSMUSG00000049799,Lrrc19,ortholog_one2one
ENSG00000166848,TERF2IP,ENSMUSG00000033430,Terf2ip,ortholog_one2one
ENSG00000124207,CSE1L,ENSMUSG00000002718,Cse1l,ortholog_one2one
ENSG00000008282,SYPL1,ENSMUSG00000020570,Sypl1,ortholog_one2one
ENSG00000113013,HSPA9,ENSMUSG00000024359,Hspa9,ortholog_one2one
ENSG00000167123,CERCAM,ENSMUSG00000039787,Cercam,ortholog_one2one
ENSG00000051180,RAD51,ENSMUSG00000027323,Rad51,ortholog_one2one
ENSG00000161980,POLR3K,ENSMUSG00000038628,Polr3k,ortholog_one2one
ENSG00000105357,MYH14,ENSMUSG00000030739,Myh14,ortholog_one2one
ENSG00000170759,KIF5B,ENSMUSG00000006740,Kif5b,ortholog_one2one
ENSG00000069188,SDK2,ENSMUSG00000041592,Sdk2,ortholog_one2one
ENSG00000167395,ZNF646,ENSMUSG00000049739,Zfp646,ortholog_one2one
ENSG00000175782,SLC35E3,ENSMUSG00000060181,Slc35e3,ortholog_one2one
ENSG00000157741,UBN2,ENSMUSG00000038538,Ubn2,ortholog_one2one
ENSG00000149179,CSTPP1,ENSMUSG00000040591,Cstpp1,ortholog_one2one
ENSG00000062038,CDH3,ENSMUSG00000061048,Cdh3,ortholog_one2one
ENSG00000168952,STXBP6,ENSMUSG00000046314,Stxbp6,ortholog_one2one
ENSG00000118308,IRAG2,ENSMUSG00000030263,Irag2,ortholog_one2one
ENSG00000105855,ITGB8,ENSMUSG00000025321,Itgb8,ortholog_one2one
ENSG00000150551,LYPD1,ENSMUSG00000026344,Lypd1,ortholog_one2one
ENSG00000010282,HHATL,ENSMUSG00000032523,Hhatl,ortholog_one2one
ENSG00000115977,AAK1,ENSMUSG00000057230,Aak1,ortholog_one2one
ENSG00000131652,THOC6,ENSMUSG00000041319,Thoc6,ortholog_one2one
ENSG00000129009,ISLR,ENSMUSG00000037206,Islr,ortholog_one2one
ENSG00000182054,IDH2,ENSMUSG00000030541,Idh2,ortholog_one2one
ENSG00000054967,RELT,ENSMUSG00000008318,Relt,ortholog_one2one
ENSG00000100241,SBF1,ENSMUSG00000036529,Sbf1,ortholog_one2one
ENSG00000146648,EGFR,ENSMUSG00000020122,Egfr,ortholog_one2one
ENSG00000119509,INVS,ENSMUSG00000028344,Invs,ortholog_one2one
ENSG00000115159,GPD2,ENSMUSG00000026827,Gpd2,ortholog_one2one
ENSG00000126778,SIX1,ENSMUSG00000051367,Six1,ortholog_one2one
ENSG00000092098,RNF31,ENSMUSG00000047098,Rnf31,ortholog_one2one
ENSG00000079332,SAR1A,ENSMUSG00000020088,Sar1a,ortholog_one2one
ENSG00000149532,CPSF7,ENSMUSG00000034820,Cpsf7,ortholog_one2one
ENSG00000244005,NFS1,ENSMUSG00000027618,Nfs1,ortholog_one2one
ENSG00000140323,DISP2,ENSMUSG00000040035,Disp2,ortholog_one2one
ENSG00000153774,CFDP1,ENSMUSG00000031954,Cfdp1,ortholog_one2one
ENSG00000148120,AOPEP,ENSMUSG00000021458,Aopep,ortholog_one2one
ENSG00000128951,DUT,ENSMUSG00000027203,Dut,ortholog_one2one
ENSG00000170540,ARL6IP1,ENSMUSG00000030654,Arl6ip1,ortholog_one2one
ENSG00000003056,M6PR,ENSMUSG00000007458,M6pr,ortholog_one2one
ENSG00000125733,TRIP10,ENSMUSG00000019487,Trip10,ortholog_one2one
ENSG00000120915,EPHX2,ENSMUSG00000022040,Ephx2,ortholog_one2one
ENSG00000122873,CISD1,ENSMUSG00000037710,Cisd1,ortholog_one2one
ENSG00000131876,SNRPA1,ENSMUSG00000030512,Snrpa1,ortholog_one2one
ENSG00000154556,SORBS2,ENSMUSG00000031626,Sorbs2,ortholog_one2one
ENSG00000165832,TRUB1,ENSMUSG00000025086,Trub1,ortholog_one2one
ENSG00000143942,CHAC2,ENSMUSG00000020309,Chac2,ortholog_one2one
ENSG00000241106,HLA-DOB,ENSMUSG00000041538,H2-Ob,ortholog_one2one
ENSG00000134987,WDR36,ENSMUSG00000038299,Wdr36,ortholog_one2one
ENSG00000162066,AMDHD2,ENSMUSG00000036820,Amdhd2,ortholog_one2one
ENSG00000169604,ANTXR1,ENSMUSG00000033420,Antxr1,ortholog_one2one
ENSG00000090060,PAPOLA,ENSMUSG00000021111,Papola,ortholog_one2one
ENSG00000148824,MTG1,ENSMUSG00000039018,Mtg1,ortholog_one2one
ENSG00000087586,AURKA,ENSMUSG00000027496,Aurka,ortholog_one2one
ENSG00000204599,TRIM39,ENSMUSG00000045409,Trim39,ortholog_one2one
ENSG00000173156,RHOD,ENSMUSG00000041845,Rhod,ortholog_one2one
ENSG00000182158,CREB3L2,ENSMUSG00000038648,Creb3l2,ortholog_one2one
ENSG00000139644,TMBIM6,ENSMUSG00000023010,Tmbim6,ortholog_one2one
ENSG00000137841,PLCB2,ENSMUSG00000040061,Plcb2,ortholog_one2one
ENSG00000130962,PRRG1,ENSMUSG00000047996,Prrg1,ortholog_one2one
ENSG00000203772,SPRN,ENSMUSG00000045733,Sprn,ortholog_one2one
ENSG00000113761,ZNF346,ENSMUSG00000021481,Zfp346,ortholog_one2one
ENSG00000107614,TRDMT1,ENSMUSG00000026723,Trdmt1,ortholog_one2one
ENSG00000181291,TMEM132E,ENSMUSG00000020701,Tmem132e,ortholog_one2one
ENSG00000105825,TFPI2,ENSMUSG00000029664,Tfpi2,ortholog_one2one
ENSG00000137726,FXYD6,ENSMUSG00000066705,Fxyd6,ortholog_one2one
ENSG00000101928,MOSPD1,ENSMUSG00000023074,Mospd1,ortholog_one2one
ENSG00000173762,CD7,ENSMUSG00000025163,Cd7,ortholog_one2one
ENSG00000102349,KLF8,ENSMUSG00000041649,Klf8,ortholog_one2one
ENSG00000178952,TUFM,ENSMUSG00000073838,Tufm,ortholog_one2one
ENSG00000112234,FBXL4,ENSMUSG00000040410,Fbxl4,ortholog_one2one
ENSG00000105852,PON3,ENSMUSG00000029759,Pon3,ortholog_one2one
ENSG00000126895,AVPR2,ENSMUSG00000031390,Avpr2,ortholog_one2one
ENSG00000213923,CSNK1E,ENSMUSG00000022433,Csnk1e,ortholog_one2one
ENSG00000101997,CCDC22,ENSMUSG00000031143,Ccdc22,ortholog_one2one
ENSG00000175426,PCSK1,ENSMUSG00000021587,Pcsk1,ortholog_one2one
ENSG00000150540,HNMT,ENSMUSG00000026986,Hnmt,ortholog_one2one
ENSG00000091106,NLRC4,ENSMUSG00000039193,Nlrc4,ortholog_one2one
ENSG00000029363,BCLAF1,ENSMUSG00000037608,Bclaf1,ortholog_one2one
ENSG00000148737,TCF7L2,ENSMUSG00000024985,Tcf7l2,ortholog_one2one
ENSG00000169994,MYO7B,ENSMUSG00000024388,Myo7b,ortholog_one2one
ENSG00000106236,NPTX2,ENSMUSG00000059991,Nptx2,ortholog_one2one
ENSG00000120784,ZFP30,ENSMUSG00000047473,Zfp30,ortholog_one2one
ENSG00000169045,HNRNPH1,ENSMUSG00000007850,Hnrnph1,ortholog_one2one
ENSG00000042813,ZPBP,ENSMUSG00000020193,Zpbp,ortholog_one2one
ENSG00000196428,TSC22D2,ENSMUSG00000027806,Tsc22d2,ortholog_one2one
ENSG00000137806,NDUFAF1,ENSMUSG00000027305,Ndufaf1,ortholog_one2one
ENSG00000172382,PRSS27,ENSMUSG00000050762,Prss27,ortholog_one2one
ENSG00000106511,MEOX2,ENSMUSG00000036144,Meox2,ortholog_one2one
ENSG00000099365,STX1B,ENSMUSG00000030806,Stx1b,ortholog_one2one
ENSG00000157927,RADIL,ENSMUSG00000029576,Radil,ortholog_one2one
ENSG00000172534,HCFC1,ENSMUSG00000031386,Hcfc1,ortholog_one2one
ENSG00000104218,CSPP1,ENSMUSG00000056763,Cspp1,ortholog_one2one
ENSG00000172183,ISG20,ENSMUSG00000039236,Isg20,ortholog_one2one
ENSG00000173611,SCAI,ENSMUSG00000035236,Scai,ortholog_one2one
ENSG00000132170,PPARG,ENSMUSG00000000440,Pparg,ortholog_one2one
ENSG00000075618,FSCN1,ENSMUSG00000029581,Fscn1,ortholog_one2one
ENSG00000103671,TRIP4,ENSMUSG00000032386,Trip4,ortholog_one2one
ENSG00000118960,HS1BP3,ENSMUSG00000020605,Hs1bp3,ortholog_one2one
ENSG00000122591,HYCC1,ENSMUSG00000028995,Hycc1,ortholog_one2one
ENSG00000198783,ZNF830,ENSMUSG00000046010,Zfp830,ortholog_one2one
ENSG00000214309,MBLAC1,ENSMUSG00000049285,Mblac1,ortholog_one2one
ENSG00000064393,HIPK2,ENSMUSG00000061436,Hipk2,ortholog_one2one
ENSG00000163600,ICOS,ENSMUSG00000026009,Icos,ortholog_one2one
ENSG00000125618,PAX8,ENSMUSG00000026976,Pax8,ortholog_one2one
ENSG00000137103,TMEM8B,ENSMUSG00000078716,Tmem8b,ortholog_one2one
ENSG00000146674,IGFBP3,ENSMUSG00000020427,Igfbp3,ortholog_one2one
ENSG00000182858,ALG12,ENSMUSG00000035845,Alg12,ortholog_one2one
ENSG00000140299,BNIP2,ENSMUSG00000011958,Bnip2,ortholog_one2one
ENSG00000151332,MBIP,ENSMUSG00000021028,Mbip,ortholog_one2one
ENSG00000012211,PRICKLE3,ENSMUSG00000031145,Prickle3,ortholog_one2one
ENSG00000119411,BSPRY,ENSMUSG00000028392,Bspry,ortholog_one2one
ENSG00000243566,UPK3B,ENSMUSG00000042985,Upk3b,ortholog_one2one
ENSG00000171448,ZBTB26,ENSMUSG00000050714,Zbtb26,ortholog_one2one
ENSG00000196712,NF1,ENSMUSG00000020716,Nf1,ortholog_one2one
ENSG00000106683,LIMK1,ENSMUSG00000029674,Limk1,ortholog_one2one
ENSG00000012232,EXTL3,ENSMUSG00000021978,Extl3,ortholog_one2one
ENSG00000156345,CDK20,ENSMUSG00000021483,Cdk20,ortholog_one2one
ENSG00000176732,PFN4,ENSMUSG00000020639,Pfn4,ortholog_one2one
ENSG00000102401,ARMCX3,ENSMUSG00000049047,Armcx3,ortholog_one2one
ENSG00000140459,CYP11A1,ENSMUSG00000032323,Cyp11a1,ortholog_one2one
ENSG00000244486,SCARF2,ENSMUSG00000012017,Scarf2,ortholog_one2one
ENSG00000126214,KLC1,ENSMUSG00000021288,Klc1,ortholog_one2one
ENSG00000198286,CARD11,ENSMUSG00000036526,Card11,ortholog_one2one
ENSG00000106571,GLI3,ENSMUSG00000021318,Gli3,ortholog_one2one
ENSG00000134138,MEIS2,ENSMUSG00000027210,Meis2,ortholog_one2one
ENSG00000162980,ARL5A,ENSMUSG00000036093,Arl5a,ortholog_one2one
ENSG00000198042,MAK16,ENSMUSG00000031578,Mak16,ortholog_one2one
ENSG00000107281,NPDC1,ENSMUSG00000015094,Npdc1,ortholog_one2one
ENSG00000105664,COMP,ENSMUSG00000031849,Comp,ortholog_one2one
ENSG00000196228,SULT1C3,ENSMUSG00000023943,Sult1c1,ortholog_one2one
ENSG00000184164,CRELD2,ENSMUSG00000023272,Creld2,ortholog_one2one
ENSG00000135929,CYP27A1,ENSMUSG00000026170,Cyp27a1,ortholog_one2one
ENSG00000155097,ATP6V1C1,ENSMUSG00000022295,Atp6v1c1,ortholog_one2one
ENSG00000006625,GGCT,ENSMUSG00000002797,Ggct,ortholog_one2one
ENSG00000070047,PHRF1,ENSMUSG00000038611,Phrf1,ortholog_one2one
ENSG00000056972,TRAF3IP2,ENSMUSG00000019842,Traf3ip2,ortholog_one2one
ENSG00000147118,ZNF182,ENSMUSG00000054737,Zfp182,ortholog_one2one
ENSG00000164877,MICALL2,ENSMUSG00000036718,Micall2,ortholog_one2one
ENSG00000106809,OGN,ENSMUSG00000021390,Ogn,ortholog_one2one
ENSG00000158526,TSR2,ENSMUSG00000025264,Tsr2,ortholog_one2one
ENSG00000182916,TCEAL7,ENSMUSG00000079428,Tceal7,ortholog_one2one
ENSG00000135999,EPC2,ENSMUSG00000069495,Epc2,ortholog_one2one
ENSG00000197859,ADAMTSL2,ENSMUSG00000036040,Adamtsl2,ortholog_one2one
ENSG00000152056,AP1S3,ENSMUSG00000054702,Ap1s3,ortholog_one2one
ENSG00000153310,CYRIB,ENSMUSG00000022378,Cyrib,ortholog_one2one
ENSG00000106278,PTPRZ1,ENSMUSG00000068748,Ptprz1,ortholog_one2one
ENSG00000123405,NFE2,ENSMUSG00000058794,Nfe2,ortholog_one2one
ENSG00000153086,ACMSD,ENSMUSG00000026348,Acmsd,ortholog_one2one
ENSG00000171453,POLR1C,ENSMUSG00000067148,Polr1c,ortholog_one2one
ENSG00000131061,ZNF341,ENSMUSG00000059842,Zfp341,ortholog_one2one
ENSG00000182050,MGAT4C,ENSMUSG00000019888,Mgat4c,ortholog_one2one
ENSG00000074219,TEAD2,ENSMUSG00000030796,Tead2,ortholog_one2one
ENSG00000162063,CCNF,ENSMUSG00000072082,Ccnf,ortholog_one2one
ENSG00000068394,GPKOW,ENSMUSG00000031148,Gpkow,ortholog_one2one
ENSG00000140600,SH3GL3,ENSMUSG00000030638,Sh3gl3,ortholog_one2one
ENSG00000178445,GLDC,ENSMUSG00000024827,Gldc,ortholog_one2one
ENSG00000278505,C17orf78,ENSMUSG00000051452,Gm11437,ortholog_one2one
ENSG00000176896,TCEANC,ENSMUSG00000051224,Tceanc,ortholog_one2one
ENSG00000111605,CPSF6,ENSMUSG00000055531,Cpsf6,ortholog_one2one
ENSG00000138079,SLC3A1,ENSMUSG00000024131,Slc3a1,ortholog_one2one
ENSG00000147100,SLC16A2,ENSMUSG00000033965,Slc16a2,ortholog_one2one
ENSG00000006327,TNFRSF12A,ENSMUSG00000023905,Tnfrsf12a,ortholog_one2one
ENSG00000089050,RBBP9,ENSMUSG00000027428,Rbbp9,ortholog_one2one
ENSG00000182831,HAPSTR1,ENSMUSG00000022507,Hapstr1,ortholog_one2one
ENSG00000140382,HMG20A,ENSMUSG00000032329,Hmg20a,ortholog_one2one
ENSG00000175556,LONRF3,ENSMUSG00000016239,Lonrf3,ortholog_one2one
ENSG00000060491,OGFR,ENSMUSG00000049401,Ogfr,ortholog_one2one
ENSG00000197006,METTL9,ENSMUSG00000030876,Mettl9,ortholog_one2one
ENSG00000023892,DEF6,ENSMUSG00000002257,Def6,ortholog_one2one
ENSG00000197565,COL4A6,ENSMUSG00000031273,Col4a6,ortholog_one2one
ENSG00000140718,FTO,ENSMUSG00000055932,Fto,ortholog_one2one
ENSG00000215305,VPS16,ENSMUSG00000027411,Vps16,ortholog_one2one
ENSG00000137161,CNPY3,ENSMUSG00000023973,Cnpy3,ortholog_one2one
ENSG00000108813,DLX4,ENSMUSG00000020871,Dlx4,ortholog_one2one
ENSG00000164674,SYTL3,ENSMUSG00000041831,Sytl3,ortholog_one2one
ENSG00000163121,NEURL3,ENSMUSG00000047180,Neurl3,ortholog_one2one
ENSG00000204822,MRPL53,ENSMUSG00000030037,Mrpl53,ortholog_one2one
ENSG00000106537,TSPAN13,ENSMUSG00000020577,Tspan13,ortholog_one2one
ENSG00000123612,ACVR1C,ENSMUSG00000026834,Acvr1c,ortholog_one2one
ENSG00000152583,SPARCL1,ENSMUSG00000029309,Sparcl1,ortholog_one2one
ENSG00000164329,TENT2,ENSMUSG00000042167,Tent2,ortholog_one2one
ENSG00000080802,CNOT4,ENSMUSG00000038784,Cnot4,ortholog_one2one
ENSG00000092820,EZR,ENSMUSG00000052397,Ezr,ortholog_one2one
ENSG00000131153,GINS2,ENSMUSG00000031821,Gins2,ortholog_one2one
ENSG00000168795,ZBTB5,ENSMUSG00000049657,Zbtb5,ortholog_one2one
ENSG00000166446,CDYL2,ENSMUSG00000031758,Cdyl2,ortholog_one2one
ENSG00000167106,EEIG1,ENSMUSG00000039157,Eeig1,ortholog_one2one
ENSG00000115568,ZNF142,ENSMUSG00000026135,Zfp142,ortholog_one2one
ENSG00000100038,TOP3B,ENSMUSG00000022779,Top3b,ortholog_one2one
ENSG00000173991,TCAP,ENSMUSG00000007877,Tcap,ortholog_one2one
ENSG00000148288,GBGT1,ENSMUSG00000026829,Gbgt1,ortholog_one2one
ENSG00000141744,PNMT,ENSMUSG00000038216,Pnmt,ortholog_one2one
ENSG00000111254,AKAP3,ENSMUSG00000030344,Akap3,ortholog_one2one
ENSG00000115616,SLC9A2,ENSMUSG00000026062,Slc9a2,ortholog_one2one
ENSG00000161395,PGAP3,ENSMUSG00000038208,Pgap3,ortholog_one2one
ENSG00000096384,HSP90AB1,ENSMUSG00000023944,Hsp90ab1,ortholog_one2one
ENSG00000141101,NOB1,ENSMUSG00000003848,Nob1,ortholog_one2one
ENSG00000140526,ABHD2,ENSMUSG00000039202,Abhd2,ortholog_one2one
ENSG00000166532,RIMKLB,ENSMUSG00000040649,Rimklb,ortholog_one2one
ENSG00000172482,AGXT,ENSMUSG00000026272,Agxt,ortholog_one2one
ENSG00000161405,IKZF3,ENSMUSG00000018168,Ikzf3,ortholog_one2one
ENSG00000103202,NME4,ENSMUSG00000024177,Nme4,ortholog_one2one
ENSG00000171757,LRRC34,ENSMUSG00000027702,Lrrc34,ortholog_one2one
ENSG00000180176,TH,ENSMUSG00000000214,Th,ortholog_one2one
ENSG00000139613,SMARCC2,ENSMUSG00000025369,Smarcc2,ortholog_one2one
ENSG00000166822,TMEM170A,ENSMUSG00000031953,Tmem170,ortholog_one2one
ENSG00000012171,SEMA3B,ENSMUSG00000057969,Sema3b,ortholog_one2one
ENSG00000080503,SMARCA2,ENSMUSG00000024921,Smarca2,ortholog_one2one
ENSG00000205084,TMEM231,ENSMUSG00000031951,Tmem231,ortholog_one2one
ENSG00000165801,ARHGEF40,ENSMUSG00000004562,Arhgef40,ortholog_one2one
ENSG00000131435,PDLIM4,ENSMUSG00000020388,Pdlim4,ortholog_one2one
ENSG00000106638,TBL2,ENSMUSG00000005374,Tbl2,ortholog_one2one
ENSG00000140955,ADAD2,ENSMUSG00000024266,Adad2,ortholog_one2one
ENSG00000122386,ZNF205,ENSMUSG00000062012,Zfp13,ortholog_one2one
ENSG00000186075,ZPBP2,ENSMUSG00000017195,Zpbp2,ortholog_one2one
ENSG00000164588,HCN1,ENSMUSG00000021730,Hcn1,ortholog_one2one
ENSG00000189157,FAM47E,ENSMUSG00000057068,Fam47e,ortholog_one2one
ENSG00000188997,KCTD21,ENSMUSG00000044952,Kctd21,ortholog_one2one
ENSG00000077279,DCX,ENSMUSG00000031285,Dcx,ortholog_one2one
ENSG00000171867,PRNP,ENSMUSG00000079037,Prnp,ortholog_one2one
ENSG00000115602,IL1RL1,ENSMUSG00000026069,Il1rl1,ortholog_one2one
ENSG00000174136,RGMB,ENSMUSG00000048027,Rgmb,ortholog_one2one
ENSG00000100321,SYNGR1,ENSMUSG00000022415,Syngr1,ortholog_one2one
ENSG00000173327,MAP3K11,ENSMUSG00000004054,Map3k11,ortholog_one2one
ENSG00000214194,SMIM30,ENSMUSG00000052419,Smim30,ortholog_one2one
ENSG00000132824,SERINC3,ENSMUSG00000017707,Serinc3,ortholog_one2one
ENSG00000128610,FEZF1,ENSMUSG00000029697,Fezf1,ortholog_one2one
ENSG00000121897,LIAS,ENSMUSG00000029199,Lias,ortholog_one2one
ENSG00000179761,PIPOX,ENSMUSG00000017453,Pipox,ortholog_one2one
ENSG00000197208,SLC22A4,ENSMUSG00000020334,Slc22a4,ortholog_one2one
ENSG00000183569,SERHL2,ENSMUSG00000058586,Serhl,ortholog_one2one
ENSG00000144550,CPNE9,ENSMUSG00000030270,Cpne9,ortholog_one2one
ENSG00000178602,OTOS,ENSMUSG00000044055,Otos,ortholog_one2one
ENSG00000170276,HSPB2,ENSMUSG00000038086,Hspb2,ortholog_one2one
ENSG00000175334,BANF1,ENSMUSG00000024844,Banf1,ortholog_one2one
ENSG00000115598,IL1RL2,ENSMUSG00000070942,Il1rl2,ortholog_one2one
ENSG00000147041,SYTL5,ENSMUSG00000054453,Sytl5,ortholog_one2one
ENSG00000120725,SIL1,ENSMUSG00000024357,Sil1,ortholog_one2one
ENSG00000105821,DNAJC2,ENSMUSG00000029014,Dnajc2,ortholog_one2one
ENSG00000132646,PCNA,ENSMUSG00000027342,Pcna,ortholog_one2one
ENSG00000144369,FAM171B,ENSMUSG00000048388,Fam171b,ortholog_one2one
ENSG00000270765,GAS2L2,ENSMUSG00000020686,Gas2l2,ortholog_one2one
ENSG00000151092,NGLY1,ENSMUSG00000021785,Ngly1,ortholog_one2one
ENSG00000035141,FAM136A,ENSMUSG00000057497,Fam136a,ortholog_one2one
ENSG00000198844,ARHGEF15,ENSMUSG00000052921,Arhgef15,ortholog_one2one
ENSG00000166851,PLK1,ENSMUSG00000030867,Plk1,ortholog_one2one
ENSG00000186297,GABRA5,ENSMUSG00000055078,Gabra5,ortholog_one2one
ENSG00000134575,ACP2,ENSMUSG00000002103,Acp2,ortholog_one2one
ENSG00000144354,CDCA7,ENSMUSG00000055612,Cdca7,ortholog_one2one
ENSG00000125965,GDF5,ENSMUSG00000038259,Gdf5,ortholog_one2one
ENSG00000129988,LBP,ENSMUSG00000016024,Lbp,ortholog_one2one
ENSG00000183690,EFHC2,ENSMUSG00000025038,Efhc2,ortholog_one2one
ENSG00000005700,IBTK,ENSMUSG00000035941,Ibtk,ortholog_one2one
ENSG00000121075,TBX4,ENSMUSG00000000094,Tbx4,ortholog_one2one
ENSG00000164167,LSM6,ENSMUSG00000031683,Lsm6,ortholog_one2one
ENSG00000069535,MAOB,ENSMUSG00000040147,Maob,ortholog_one2one
ENSG00000161057,PSMC2,ENSMUSG00000028932,Psmc2,ortholog_one2one
ENSG00000015532,XYLT2,ENSMUSG00000020868,Xylt2,ortholog_one2one
ENSG00000166068,SPRED1,ENSMUSG00000027351,Spred1,ortholog_one2one
ENSG00000169116,PARM1,ENSMUSG00000034981,Parm1,ortholog_one2one
ENSG00000126602,TRAP1,ENSMUSG00000005981,Trap1,ortholog_one2one
ENSG00000143520,FLG2,ENSMUSG00000049133,Flg2,ortholog_one2one
ENSG00000135245,HILPDA,ENSMUSG00000043421,Hilpda,ortholog_one2one
ENSG00000125834,STK35,ENSMUSG00000037885,Stk35,ortholog_one2one
ENSG00000153993,SEMA3D,ENSMUSG00000040254,Sema3d,ortholog_one2one
ENSG00000198854,KPLCE,ENSMUSG00000090314,Kplce,ortholog_one2one
ENSG00000166734,GOLM2,ENSMUSG00000060227,Golm2,ortholog_one2one
ENSG00000123700,KCNJ2,ENSMUSG00000041695,Kcnj2,ortholog_one2one
ENSG00000100060,MFNG,ENSMUSG00000018169,Mfng,ortholog_one2one
ENSG00000170571,EMB,ENSMUSG00000021728,Emb,ortholog_one2one
ENSG00000101445,PPP1R16B,ENSMUSG00000037754,Ppp1r16b,ortholog_one2one
ENSG00000235568,NFAM1,ENSMUSG00000058099,Nfam1,ortholog_one2one
ENSG00000123636,BAZ2B,ENSMUSG00000026987,Baz2b,ortholog_one2one
ENSG00000239900,ADSL,ENSMUSG00000022407,Adsl,ortholog_one2one
ENSG00000101911,PRPS2,ENSMUSG00000025742,Prps2,ortholog_one2one
ENSG00000131899,LLGL1,ENSMUSG00000020536,Llgl1,ortholog_one2one
ENSG00000047188,YTHDC2,ENSMUSG00000034653,Ythdc2,ortholog_one2one
ENSG00000169851,PCDH7,ENSMUSG00000029108,Pcdh7,ortholog_one2one
ENSG00000084093,REST,ENSMUSG00000029249,Rest,ortholog_one2one
ENSG00000103653,CSK,ENSMUSG00000032312,Csk,ortholog_one2one
ENSG00000150433,TMEM218,ENSMUSG00000032121,Tmem218,ortholog_one2one
ENSG00000101255,TRIB3,ENSMUSG00000032715,Trib3,ortholog_one2one
ENSG00000198276,UCKL1,ENSMUSG00000089917,Uckl1,ortholog_one2one
ENSG00000164675,IQUB,ENSMUSG00000046192,Iqub,ortholog_one2one
ENSG00000171155,C1GALT1C1,ENSMUSG00000048970,C1galt1c1,ortholog_one2one
ENSG00000131171,SH3BGRL,ENSMUSG00000031246,Sh3bgrl,ortholog_one2one
ENSG00000164109,MAD2L1,ENSMUSG00000029910,Mad2l1,ortholog_one2one
ENSG00000123570,RAB9B,ENSMUSG00000043463,Rab9b,ortholog_one2one
ENSG00000011426,ANLN,ENSMUSG00000036777,Anln,ortholog_one2one
ENSG00000114480,GBE1,ENSMUSG00000022707,Gbe1,ortholog_one2one
ENSG00000053254,FOXN3,ENSMUSG00000033713,Foxn3,ortholog_one2one
ENSG00000089169,RPH3A,ENSMUSG00000029608,Rph3a,ortholog_one2one
ENSG00000132622,HSPA12B,ENSMUSG00000074793,Hspa12b,ortholog_one2one
ENSG00000178467,P4HTM,ENSMUSG00000006675,P4htm,ortholog_one2one
ENSG00000168803,MAPDA,ENSMUSG00000027259,Adal,ortholog_one2one
ENSG00000126215,XRCC3,ENSMUSG00000021287,Xrcc3,ortholog_one2one
ENSG00000038532,CLEC16A,ENSMUSG00000068663,Clec16a,ortholog_one2one
ENSG00000167874,TMEM88,ENSMUSG00000045377,Tmem88,ortholog_one2one
ENSG00000203879,GDI1,ENSMUSG00000015291,Gdi1,ortholog_one2one
ENSG00000100395,L3MBTL2,ENSMUSG00000022394,L3mbtl2,ortholog_one2one
ENSG00000137764,MAP2K5,ENSMUSG00000058444,Map2k5,ortholog_one2one
ENSG00000106070,GRB10,ENSMUSG00000020176,Grb10,ortholog_one2one
ENSG00000151093,OXSM,ENSMUSG00000021786,Oxsm,ortholog_one2one
ENSG00000129214,SHBG,ENSMUSG00000005202,Shbg,ortholog_one2one
ENSG00000150764,DIXDC1,ENSMUSG00000032064,Dixdc1,ortholog_one2one
ENSG00000022556,NLRP2,ENSMUSG00000035177,Nlrp2,ortholog_one2one
ENSG00000163754,GYG1,ENSMUSG00000019528,Gyg1,ortholog_one2one
ENSG00000129696,TTI2,ENSMUSG00000031577,Tti2,ortholog_one2one
ENSG00000131650,KREMEN2,ENSMUSG00000040680,Kremen2,ortholog_one2one
ENSG00000122958,VPS26A,ENSMUSG00000020078,Vps26a,ortholog_one2one
ENSG00000100997,ABHD12,ENSMUSG00000032046,Abhd12,ortholog_one2one
ENSG00000117713,ARID1A,ENSMUSG00000007880,Arid1a,ortholog_one2one
ENSG00000178295,GEN1,ENSMUSG00000051235,Gen1,ortholog_one2one
ENSG00000148484,RSU1,ENSMUSG00000026727,Rsu1,ortholog_one2one
ENSG00000142082,SIRT3,ENSMUSG00000025486,Sirt3,ortholog_one2one
ENSG00000170100,ZNF778,ENSMUSG00000067430,Zfp763,ortholog_one2one
ENSG00000095015,MAP3K1,ENSMUSG00000021754,Map3k1,ortholog_one2one
ENSG00000156853,ZNF689,ENSMUSG00000048921,Zfp689,ortholog_one2one
ENSG00000075240,GRAMD4,ENSMUSG00000035900,Gramd4,ortholog_one2one
ENSG00000168101,NUDT16L1,ENSMUSG00000022516,Nudt16l1,ortholog_one2one
ENSG00000138092,CENPO,ENSMUSG00000020652,Cenpo,ortholog_one2one
ENSG00000182179,UBA7,ENSMUSG00000032596,Uba7,ortholog_one2one
ENSG00000148908,RGS10,ENSMUSG00000030844,Rgs10,ortholog_one2one
ENSG00000152556,PFKM,ENSMUSG00000033065,Pfkm,ortholog_one2one
ENSG00000179913,B3GNT3,ENSMUSG00000031803,B3gnt3,ortholog_one2one
ENSG00000140830,TXNL4B,ENSMUSG00000031723,Txnl4b,ortholog_one2one
ENSG00000164591,MYOZ3,ENSMUSG00000049173,Myoz3,ortholog_one2one
ENSG00000126947,ARMCX1,ENSMUSG00000033460,Armcx1,ortholog_one2one
ENSG00000133315,MACROD1,ENSMUSG00000036278,Macrod1,ortholog_one2one
ENSG00000107798,LIPA,ENSMUSG00000024781,Lipa,ortholog_one2one
ENSG00000101265,RASSF2,ENSMUSG00000027339,Rassf2,ortholog_one2one
ENSG00000104894,CD37,ENSMUSG00000030798,Cd37,ortholog_one2one
ENSG00000140632,GLYR1,ENSMUSG00000022536,Glyr1,ortholog_one2one
ENSG00000158552,ZFAND2B,ENSMUSG00000026197,Zfand2b,ortholog_one2one
ENSG00000148935,GAS2,ENSMUSG00000030498,Gas2,ortholog_one2one
ENSG00000000419,DPM1,ENSMUSG00000078919,Dpm1,ortholog_one2one
ENSG00000137171,KLC4,ENSMUSG00000003546,Klc4,ortholog_one2one
ENSG00000158887,MPZ,ENSMUSG00000056569,Mpz,ortholog_one2one
ENSG00000102575,ACP5,ENSMUSG00000001348,Acp5,ortholog_one2one
ENSG00000166508,MCM7,ENSMUSG00000029730,Mcm7,ortholog_one2one
ENSG00000164466,SFXN1,ENSMUSG00000021474,Sfxn1,ortholog_one2one
ENSG00000161973,CCDC42,ENSMUSG00000045915,Ccdc42,ortholog_one2one
ENSG00000172465,TCEAL1,ENSMUSG00000049536,Tceal1,ortholog_one2one
ENSG00000196419,XRCC6,ENSMUSG00000022471,Xrcc6,ortholog_one2one
ENSG00000177370,TIMM22,ENSMUSG00000020843,Timm22,ortholog_one2one
ENSG00000187824,TMEM220,ENSMUSG00000050270,Tmem220,ortholog_one2one
ENSG00000157502,PWWP3B,ENSMUSG00000042515,Pwwp3b,ortholog_one2one
ENSG00000132670,PTPRA,ENSMUSG00000027303,Ptpra,ortholog_one2one
ENSG00000269190,FBXO17,ENSMUSG00000030598,Fbxo17,ortholog_one2one
ENSG00000168490,PHYHIP,ENSMUSG00000003469,Phyhip,ortholog_one2one
ENSG00000196924,FLNA,ENSMUSG00000031328,Flna,ortholog_one2one
ENSG00000108381,ASPA,ENSMUSG00000020774,Aspa,ortholog_one2one
ENSG00000075340,ADD2,ENSMUSG00000030000,Add2,ortholog_one2one
ENSG00000149716,LTO1,ENSMUSG00000031072,LTO1,ortholog_one2one
ENSG00000215695,RSC1A1,ENSMUSG00000078515,Ddi2,ortholog_one2one
ENSG00000126353,CCR7,ENSMUSG00000037944,Ccr7,ortholog_one2one
ENSG00000169641,LUZP1,ENSMUSG00000001089,Luzp1,ortholog_one2one
ENSG00000164930,FZD6,ENSMUSG00000022297,Fzd6,ortholog_one2one
ENSG00000145868,FBXO38,ENSMUSG00000042211,Fbxo38,ortholog_one2one
ENSG00000153814,JAZF1,ENSMUSG00000063568,Jazf1,ortholog_one2one
ENSG00000165804,ZNF219,ENSMUSG00000049295,Zfp219,ortholog_one2one
ENSG00000130724,CHMP2A,ENSMUSG00000033916,Chmp2a,ortholog_one2one
ENSG00000213420,GPC2,ENSMUSG00000029510,Gpc2,ortholog_one2one
ENSG00000146904,EPHA1,ENSMUSG00000029859,Epha1,ortholog_one2one
ENSG00000090054,SPTLC1,ENSMUSG00000021468,Sptlc1,ortholog_one2one
ENSG00000166197,NOLC1,ENSMUSG00000015176,Nolc1,ortholog_one2one
ENSG00000161267,BDH1,ENSMUSG00000046598,Bdh1,ortholog_one2one
ENSG00000157212,PAXIP1,ENSMUSG00000002221,Paxip1,ortholog_one2one
ENSG00000198198,SZT2,ENSMUSG00000033253,Szt2,ortholog_one2one
ENSG00000080815,PSEN1,ENSMUSG00000019969,Psen1,ortholog_one2one
ENSG00000153822,KCNJ16,ENSMUSG00000051497,Kcnj16,ortholog_one2one
ENSG00000140332,TLE3,ENSMUSG00000032280,Tle3,ortholog_one2one
ENSG00000185105,MYADML2,ENSMUSG00000025141,Myadml2,ortholog_one2one
ENSG00000006047,YBX2,ENSMUSG00000018554,Ybx2,ortholog_one2one
ENSG00000164742,ADCY1,ENSMUSG00000020431,Adcy1,ortholog_one2one
ENSG00000007080,CCDC124,ENSMUSG00000007721,Ccdc124,ortholog_one2one
ENSG00000151640,DPYSL4,ENSMUSG00000025478,Dpysl4,ortholog_one2one
ENSG00000006740,ARHGAP44,ENSMUSG00000033389,Arhgap44,ortholog_one2one
ENSG00000106346,USP42,ENSMUSG00000051306,Usp42,ortholog_one2one
ENSG00000127585,FBXL16,ENSMUSG00000025738,Fbxl16,ortholog_one2one
ENSG00000176386,CDC26,ENSMUSG00000066149,Cdc26,ortholog_one2one
ENSG00000181029,TRAPPC5,ENSMUSG00000040236,Trappc5,ortholog_one2one
ENSG00000140990,NDUFB10,ENSMUSG00000040048,Ndufb10,ortholog_one2one
ENSG00000123143,PKN1,ENSMUSG00000057672,Pkn1,ortholog_one2one
ENSG00000074319,TSG101,ENSMUSG00000014402,Tsg101,ortholog_one2one
ENSG00000084774,CAD,ENSMUSG00000013629,Cad,ortholog_one2one
ENSG00000167964,RAB26,ENSMUSG00000079657,Rab26,ortholog_one2one
ENSG00000158220,ESYT3,ENSMUSG00000037681,Esyt3,ortholog_one2one
ENSG00000105939,ZC3HAV1,ENSMUSG00000029826,Zc3hav1,ortholog_one2one
ENSG00000160293,VAV2,ENSMUSG00000009621,Vav2,ortholog_one2one
ENSG00000099250,NRP1,ENSMUSG00000025810,Nrp1,ortholog_one2one
ENSG00000106330,MOSPD3,ENSMUSG00000037221,Mospd3,ortholog_one2one
ENSG00000188157,AGRN,ENSMUSG00000041936,Agrn,ortholog_one2one
ENSG00000126603,GLIS2,ENSMUSG00000014303,Glis2,ortholog_one2one
ENSG00000140835,CHST4,ENSMUSG00000035930,Chst4,ortholog_one2one
ENSG00000196353,CPNE4,ENSMUSG00000032564,Cpne4,ortholog_one2one
ENSG00000158792,SPATA2L,ENSMUSG00000033594,Spata2l,ortholog_one2one
ENSG00000008516,MMP25,ENSMUSG00000023903,Mmp25,ortholog_one2one
ENSG00000135362,PRR5L,ENSMUSG00000032841,Prr5l,ortholog_one2one
ENSG00000155561,NUP205,ENSMUSG00000038759,Nup205,ortholog_one2one
ENSG00000258839,MC1R,ENSMUSG00000074037,Mc1r,ortholog_one2one
ENSG00000070444,MNT,ENSMUSG00000000282,Mnt,ortholog_one2one
ENSG00000241852,C8orf58,ENSMUSG00000044551,9930012K11Rik,ortholog_one2one
ENSG00000135740,SLC9A5,ENSMUSG00000014786,Slc9a5,ortholog_one2one
ENSG00000145901,TNIP1,ENSMUSG00000020400,Tnip1,ortholog_one2one
ENSG00000091947,TMEM101,ENSMUSG00000020921,Tmem101,ortholog_one2one
ENSG00000105671,DDX49,ENSMUSG00000057788,Ddx49,ortholog_one2one
ENSG00000136710,VMA22,ENSMUSG00000042111,Ccdc115,ortholog_one2one
ENSG00000205710,C17orf107,ENSMUSG00000087279,4930544D05Rik,ortholog_one2one
ENSG00000007237,GAS7,ENSMUSG00000033066,Gas7,ortholog_one2one
ENSG00000054983,GALC,ENSMUSG00000021003,Galc,ortholog_one2one
ENSG00000115425,PECR,ENSMUSG00000026189,Pecr,ortholog_one2one
ENSG00000103061,SLC7A6OS,ENSMUSG00000033106,Slc7a6os,ortholog_one2one
ENSG00000115457,IGFBP2,ENSMUSG00000039323,Igfbp2,ortholog_one2one
ENSG00000104219,ZDHHC2,ENSMUSG00000039470,Zdhhc2,ortholog_one2one
ENSG00000141098,GFOD2,ENSMUSG00000013150,Gfod2,ortholog_one2one
ENSG00000155368,DBI,ENSMUSG00000026385,Dbi,ortholog_one2one
ENSG00000015592,STMN4,ENSMUSG00000022044,Stmn4,ortholog_one2one
ENSG00000106992,AK1,ENSMUSG00000026817,Ak1,ortholog_one2one
ENSG00000198663,C6orf89,ENSMUSG00000052712,BC004004,ortholog_one2one
ENSG00000142484,TM4SF5,ENSMUSG00000018919,Tm4sf5,ortholog_one2one
ENSG00000129654,FOXJ1,ENSMUSG00000034227,Foxj1,ortholog_one2one
ENSG00000144791,LIMD1,ENSMUSG00000025239,Limd1,ortholog_one2one
ENSG00000163453,IGFBP7,ENSMUSG00000036256,Igfbp7,ortholog_one2one
ENSG00000276293,PIP4K2B,ENSMUSG00000018547,Pip4k2b,ortholog_one2one
ENSG00000138039,LHCGR,ENSMUSG00000024107,Lhcgr,ortholog_one2one
ENSG00000160953,PWWP3A,ENSMUSG00000020156,Pwwp3a,ortholog_one2one
ENSG00000128422,KRT17,ENSMUSG00000035557,Krt17,ortholog_one2one
ENSG00000172113,NME6,ENSMUSG00000032478,Nme6,ortholog_one2one
ENSG00000138785,INTS12,ENSMUSG00000028016,Ints12,ortholog_one2one
ENSG00000167513,CDT1,ENSMUSG00000006585,Cdt1,ortholog_one2one
ENSG00000213424,KRT222,ENSMUSG00000035849,Krt222,ortholog_one2one
ENSG00000134001,EIF2S1,ENSMUSG00000021116,Eif2s1,ortholog_one2one
ENSG00000115661,STK16,ENSMUSG00000026201,Stk16,ortholog_one2one
ENSG00000174996,KLC2,ENSMUSG00000024862,Klc2,ortholog_one2one
ENSG00000141505,ASGR1,ENSMUSG00000020884,Asgr1,ortholog_one2one
ENSG00000103067,ESRP2,ENSMUSG00000084128,Esrp2,ortholog_one2one
ENSG00000106591,MRPL32,ENSMUSG00000015672,Mrpl32,ortholog_one2one
ENSG00000155660,PDIA4,ENSMUSG00000025823,Pdia4,ortholog_one2one
ENSG00000147789,ZNF7,ENSMUSG00000033669,Zfp7,ortholog_one2one
ENSG00000100596,SPTLC2,ENSMUSG00000021036,Sptlc2,ortholog_one2one
ENSG00000025708,TYMP,ENSMUSG00000022615,Tymp,ortholog_one2one
ENSG00000165192,ASB11,ENSMUSG00000031382,Asb11,ortholog_one2one
ENSG00000105053,VRK3,ENSMUSG00000002205,Vrk3,ortholog_one2one
ENSG00000106688,SLC1A1,ENSMUSG00000024935,Slc1a1,ortholog_one2one
ENSG00000127124,HIVEP3,ENSMUSG00000028634,Hivep3,ortholog_one2one
ENSG00000179542,SLITRK4,ENSMUSG00000046699,Slitrk4,ortholog_one2one
ENSG00000115904,SOS1,ENSMUSG00000024241,Sos1,ortholog_one2one
ENSG00000185883,ATP6V0C,ENSMUSG00000024121,Atp6v0c,ortholog_one2one
ENSG00000198689,SLC9A6,ENSMUSG00000060681,Slc9a6,ortholog_one2one
ENSG00000044012,GUCA2B,ENSMUSG00000032978,Guca2b,ortholog_one2one
ENSG00000153162,BMP6,ENSMUSG00000039004,Bmp6,ortholog_one2one
ENSG00000075213,SEMA3A,ENSMUSG00000028883,Sema3a,ortholog_one2one
ENSG00000145014,TMEM44,ENSMUSG00000022537,Tmem44,ortholog_one2one
ENSG00000003249,DBNDD1,ENSMUSG00000031970,Dbndd1,ortholog_one2one
ENSG00000198876,DCAF12,ENSMUSG00000028436,Dcaf12,ortholog_one2one
ENSG00000135821,GLUL,ENSMUSG00000026473,Glul,ortholog_one2one
ENSG00000085511,MAP3K4,ENSMUSG00000014426,Map3k4,ortholog_one2one
ENSG00000107679,PLEKHA1,ENSMUSG00000040268,Plekha1,ortholog_one2one
ENSG00000056586,RC3H2,ENSMUSG00000075376,Rc3h2,ortholog_one2one
ENSG00000137573,SULF1,ENSMUSG00000016918,Sulf1,ortholog_one2one
ENSG00000121446,RGSL1,ENSMUSG00000042641,Rgsl1,ortholog_one2one
ENSG00000140876,NUDT7,ENSMUSG00000031767,Nudt7,ortholog_one2one
ENSG00000181220,ZNF746,ENSMUSG00000057691,Zfp746,ortholog_one2one
ENSG00000157426,AASDH,ENSMUSG00000055923,Aasdh,ortholog_one2one
ENSG00000154978,VOPP1,ENSMUSG00000037788,Vopp1,ortholog_one2one
ENSG00000152404,CWF19L2,ENSMUSG00000025898,Cwf19l2,ortholog_one2one
ENSG00000095485,CWF19L1,ENSMUSG00000025200,Cwf19l1,ortholog_one2one
ENSG00000039068,CDH1,ENSMUSG00000000303,Cdh1,ortholog_one2one
ENSG00000115963,RND3,ENSMUSG00000017144,Rnd3,ortholog_one2one
ENSG00000198829,SUCNR1,ENSMUSG00000027762,Sucnr1,ortholog_one2one
ENSG00000131724,IL13RA1,ENSMUSG00000017057,Il13ra1,ortholog_one2one
ENSG00000141551,CSNK1D,ENSMUSG00000025162,Csnk1d,ortholog_one2one
ENSG00000137817,PARP6,ENSMUSG00000025237,Parp6,ortholog_one2one
ENSG00000119986,AVPI1,ENSMUSG00000018821,Avpi1,ortholog_one2one
ENSG00000089006,SNX5,ENSMUSG00000027423,Snx5,ortholog_one2one
ENSG00000136231,IGF2BP3,ENSMUSG00000029814,Igf2bp3,ortholog_one2one
ENSG00000158022,TRIM63,ENSMUSG00000028834,Trim63,ortholog_one2one
ENSG00000165702,GFI1B,ENSMUSG00000026815,Gfi1b,ortholog_one2one
ENSG00000128242,GAL3ST1,ENSMUSG00000049721,Gal3st1,ortholog_one2one
ENSG00000168758,SEMA4C,ENSMUSG00000026121,Sema4c,ortholog_one2one
ENSG00000142684,ZNF593,ENSMUSG00000028840,Zfp593,ortholog_one2one
ENSG00000168306,ACOX2,ENSMUSG00000021751,Acox2,ortholog_one2one
ENSG00000107672,NSMCE4A,ENSMUSG00000040331,Nsmce4a,ortholog_one2one
ENSG00000189043,NDUFA4,ENSMUSG00000029632,Ndufa4,ortholog_one2one
ENSG00000183317,EPHA10,ENSMUSG00000028876,Epha10,ortholog_one2one
ENSG00000184517,ZFP1,ENSMUSG00000055835,Zfp1,ortholog_one2one
ENSG00000102125,TAFAZZIN,ENSMUSG00000009995,Tafazzin,ortholog_one2one
ENSG00000167419,LPO,ENSMUSG00000009356,Lpo,ortholog_one2one
ENSG00000164548,TRA2A,ENSMUSG00000029817,Tra2a,ortholog_one2one
ENSG00000149922,TBX6,ENSMUSG00000030699,Tbx6,ortholog_one2one
ENSG00000101052,IFT52,ENSMUSG00000017858,Ift52,ortholog_one2one
ENSG00000197982,C1orf122,ENSMUSG00000078570,1110065P20Rik,ortholog_one2one
ENSG00000260456,C16orf95,ENSMUSG00000031809,1700018B08Rik,ortholog_one2one
ENSG00000125378,BMP4,ENSMUSG00000021835,Bmp4,ortholog_one2one
ENSG00000033122,LRRC7,ENSMUSG00000028176,Lrrc7,ortholog_one2one
ENSG00000177354,C10orf71,ENSMUSG00000071540,3425401B19Rik,ortholog_one2one
ENSG00000101347,SAMHD1,ENSMUSG00000027639,Samhd1,ortholog_one2one
ENSG00000181409,AATK,ENSMUSG00000025375,Aatk,ortholog_one2one
ENSG00000129158,SERGEF,ENSMUSG00000030839,Sergef,ortholog_one2one
ENSG00000118900,UBN1,ENSMUSG00000039473,Ubn1,ortholog_one2one
ENSG00000128567,PODXL,ENSMUSG00000025608,Podxl,ortholog_one2one
ENSG00000139926,FRMD6,ENSMUSG00000048285,Frmd6,ortholog_one2one
ENSG00000127527,EPS15L1,ENSMUSG00000006276,Eps15l1,ortholog_one2one
ENSG00000186976,EFCAB6,ENSMUSG00000022441,Efcab6,ortholog_one2one
ENSG00000131095,GFAP,ENSMUSG00000020932,Gfap,ortholog_one2one
ENSG00000109625,CPZ,ENSMUSG00000036596,Cpz,ortholog_one2one
ENSG00000184489,PTP4A3,ENSMUSG00000059895,Ptp4a3,ortholog_one2one
ENSG00000148541,FAM13C,ENSMUSG00000043259,Fam13c,ortholog_one2one
ENSG00000170537,TMC7,ENSMUSG00000042246,Tmc7,ortholog_one2one
ENSG00000239264,TXNDC5,ENSMUSG00000038991,Txndc5,ortholog_one2one
ENSG00000134207,SYT6,ENSMUSG00000027849,Syt6,ortholog_one2one
ENSG00000100266,PACSIN2,ENSMUSG00000016664,Pacsin2,ortholog_one2one
ENSG00000146955,RAB19,ENSMUSG00000029923,Rab19,ortholog_one2one
ENSG00000122557,HERPUD2,ENSMUSG00000008429,Herpud2,ortholog_one2one
ENSG00000137168,PPIL1,ENSMUSG00000024007,Ppil1,ortholog_one2one
ENSG00000046647,GEMIN8,ENSMUSG00000040621,Gemin8,ortholog_one2one
ENSG00000111961,SASH1,ENSMUSG00000015305,Sash1,ortholog_one2one
ENSG00000007545,CRAMP1,ENSMUSG00000038002,Cramp1,ortholog_one2one
ENSG00000175634,RPS6KB2,ENSMUSG00000024830,Rps6kb2,ortholog_one2one
ENSG00000013563,DNASE1L1,ENSMUSG00000019088,Dnase1l1,ortholog_one2one
ENSG00000213123,DYNLT2B,ENSMUSG00000014075,Dynlt2b,ortholog_one2one
ENSG00000055957,ITIH1,ENSMUSG00000006529,Itih1,ortholog_one2one
ENSG00000106299,WASL,ENSMUSG00000029684,Wasl,ortholog_one2one
ENSG00000125841,NRSN2,ENSMUSG00000059361,Nrsn2,ortholog_one2one
ENSG00000125686,MED1,ENSMUSG00000018160,Med1,ortholog_one2one
ENSG00000112335,SNX3,ENSMUSG00000019804,Snx3,ortholog_one2one
ENSG00000103966,EHD4,ENSMUSG00000027293,Ehd4,ortholog_one2one
ENSG00000006634,DBF4,ENSMUSG00000002297,Dbf4,ortholog_one2one
ENSG00000133740,E2F5,ENSMUSG00000027552,E2f5,ortholog_one2one
ENSG00000148218,ALAD,ENSMUSG00000028393,Alad,ortholog_one2one
ENSG00000100991,TRPC4AP,ENSMUSG00000038324,Trpc4ap,ortholog_one2one
ENSG00000137312,FLOT1,ENSMUSG00000059714,Flot1,ortholog_one2one
ENSG00000182612,TSPAN10,ENSMUSG00000039691,Tspan10,ortholog_one2one
ENSG00000132554,RGS22,ENSMUSG00000037627,Rgs22,ortholog_one2one
ENSG00000173714,WFIKKN2,ENSMUSG00000044177,Wfikkn2,ortholog_one2one
ENSG00000170836,PPM1D,ENSMUSG00000020525,Ppm1d,ortholog_one2one
ENSG00000089682,RBM41,ENSMUSG00000031433,Rbm41,ortholog_one2one
ENSG00000114796,KLHL24,ENSMUSG00000062901,Klhl24,ortholog_one2one
ENSG00000177030,DEAF1,ENSMUSG00000058886,Deaf1,ortholog_one2one
ENSG00000106144,CASP2,ENSMUSG00000029863,Casp2,ortholog_one2one
ENSG00000167880,EVPL,ENSMUSG00000034282,Evpl,ortholog_one2one
ENSG00000102312,PORCN,ENSMUSG00000031169,Porcn,ortholog_one2one
ENSG00000157992,KRTCAP3,ENSMUSG00000029149,Krtcap3,ortholog_one2one
ENSG00000155256,ZFYVE27,ENSMUSG00000018820,Zfyve27,ortholog_one2one
ENSG00000164897,TMUB1,ENSMUSG00000028958,Tmub1,ortholog_one2one
ENSG00000018189,RUFY3,ENSMUSG00000029291,Rufy3,ortholog_one2one
ENSG00000136381,IREB2,ENSMUSG00000032293,Ireb2,ortholog_one2one
ENSG00000102103,PQBP1,ENSMUSG00000031157,Pqbp1,ortholog_one2one
ENSG00000106615,RHEB,ENSMUSG00000028945,Rheb,ortholog_one2one
ENSG00000220205,VAMP2,ENSMUSG00000020894,Vamp2,ortholog_one2one
ENSG00000158050,DUSP2,ENSMUSG00000027368,Dusp2,ortholog_one2one
ENSG00000149262,INTS4,ENSMUSG00000025133,Ints4,ortholog_one2one
ENSG00000063761,ADCK1,ENSMUSG00000021044,Adck1,ortholog_one2one
ENSG00000176731,RBIS,ENSMUSG00000078784,Rbis,ortholog_one2one
ENSG00000153574,RPIA,ENSMUSG00000053604,Rpia,ortholog_one2one
ENSG00000126562,WNK4,ENSMUSG00000035112,Wnk4,ortholog_one2one
ENSG00000106268,NUDT1,ENSMUSG00000036639,Nudt1,ortholog_one2one
ENSG00000186260,MRTFB,ENSMUSG00000009569,Mrtfb,ortholog_one2one
ENSG00000114956,DGUOK,ENSMUSG00000014554,Dguok,ortholog_one2one
ENSG00000151466,SCLT1,ENSMUSG00000059834,Sclt1,ortholog_one2one
ENSG00000166415,WDR72,ENSMUSG00000044976,Wdr72,ortholog_one2one
ENSG00000128602,SMO,ENSMUSG00000001761,Smo,ortholog_one2one
ENSG00000172794,RAB37,ENSMUSG00000020732,Rab37,ortholog_one2one
ENSG00000081320,STK17B,ENSMUSG00000026094,Stk17b,ortholog_one2one
ENSG00000131323,TRAF3,ENSMUSG00000021277,Traf3,ortholog_one2one
ENSG00000000003,TSPAN6,ENSMUSG00000067377,Tspan6,ortholog_one2one
ENSG00000170264,FAM161A,ENSMUSG00000049811,Fam161a,ortholog_one2one
ENSG00000104517,UBR5,ENSMUSG00000037487,Ubr5,ortholog_one2one
ENSG00000173267,SNCG,ENSMUSG00000023064,Sncg,ortholog_one2one
ENSG00000122585,NPY,ENSMUSG00000029819,Npy,ortholog_one2one
ENSG00000085265,FCN1,ENSMUSG00000026835,Fcnb,ortholog_one2one
ENSG00000196549,MME,ENSMUSG00000027820,Mme,ortholog_one2one
ENSG00000127914,AKAP9,ENSMUSG00000040407,Akap9,ortholog_one2one
ENSG00000185477,GPRIN3,ENSMUSG00000045441,Gprin3,ortholog_one2one
ENSG00000138376,BARD1,ENSMUSG00000026196,Bard1,ortholog_one2one
ENSG00000171307,ZDHHC16,ENSMUSG00000025157,Zdhhc16,ortholog_one2one
ENSG00000138795,LEF1,ENSMUSG00000027985,Lef1,ortholog_one2one
ENSG00000081386,ZNF510,ENSMUSG00000055102,Zfp819,ortholog_one2one
ENSG00000184254,ALDH1A3,ENSMUSG00000015134,Aldh1a3,ortholog_one2one
ENSG00000086504,MRPL28,ENSMUSG00000024181,Mrpl28,ortholog_one2one
ENSG00000130713,EXOSC2,ENSMUSG00000039356,Exosc2,ortholog_one2one
ENSG00000121058,COIL,ENSMUSG00000033983,Coil,ortholog_one2one
ENSG00000166432,ZMAT1,ENSMUSG00000052676,Zmat1,ortholog_one2one
ENSG00000100600,LGMN,ENSMUSG00000021190,Lgmn,ortholog_one2one
ENSG00000184640,SEPTIN9,ENSMUSG00000059248,Septin9,ortholog_one2one
ENSG00000078814,MYH7B,ENSMUSG00000074652,Myh7b,ortholog_one2one
ENSG00000025423,HSD17B6,ENSMUSG00000025396,Hsd17b6,ortholog_one2one
ENSG00000133131,MORC4,ENSMUSG00000031434,Morc4,ortholog_one2one
ENSG00000140297,GCNT3,ENSMUSG00000032226,Gcnt3,ortholog_one2one
ENSG00000109182,CWH43,ENSMUSG00000029154,Cwh43,ortholog_one2one
ENSG00000154269,ENPP3,ENSMUSG00000019989,Enpp3,ortholog_one2one
ENSG00000106367,AP1S1,ENSMUSG00000004849,Ap1s1,ortholog_one2one
ENSG00000125827,TMX4,ENSMUSG00000034723,Tmx4,ortholog_one2one
ENSG00000103855,CD276,ENSMUSG00000035914,Cd276,ortholog_one2one
ENSG00000127580,WDR24,ENSMUSG00000025737,Wdr24,ortholog_one2one
ENSG00000198157,HMGN5,ENSMUSG00000031245,Hmgn5,ortholog_one2one
ENSG00000143845,ETNK2,ENSMUSG00000070644,Etnk2,ortholog_one2one
ENSG00000125844,RRBP1,ENSMUSG00000027422,Rrbp1,ortholog_one2one
ENSG00000104866,PPP1R37,ENSMUSG00000051403,Ppp1r37,ortholog_one2one
ENSG00000127928,GNGT1,ENSMUSG00000029663,Gngt1,ortholog_one2one
ENSG00000145996,CDKAL1,ENSMUSG00000006191,Cdkal1,ortholog_one2one
ENSG00000086991,NOX4,ENSMUSG00000030562,Nox4,ortholog_one2one
ENSG00000103024,NME3,ENSMUSG00000073435,Nme3,ortholog_one2one
ENSG00000118640,VAMP8,ENSMUSG00000050732,Vamp8,ortholog_one2one
ENSG00000100316,RPL3,ENSMUSG00000060036,Rpl3,ortholog_one2one
ENSG00000106244,PDAP1,ENSMUSG00000029623,Pdap1,ortholog_one2one
ENSG00000157933,SKI,ENSMUSG00000029050,Ski,ortholog_one2one
ENSG00000115163,CENPA,ENSMUSG00000029177,Cenpa,ortholog_one2one
ENSG00000143839,REN,ENSMUSG00000070645,Ren1,ortholog_one2one
ENSG00000106266,SNX8,ENSMUSG00000029560,Snx8,ortholog_one2one
ENSG00000177981,ASB8,ENSMUSG00000048175,Asb8,ortholog_one2one
ENSG00000103489,XYLT1,ENSMUSG00000030657,Xylt1,ortholog_one2one
ENSG00000124370,MCEE,ENSMUSG00000033429,Mcee,ortholog_one2one
ENSG00000136856,SLC2A8,ENSMUSG00000026791,Slc2a8,ortholog_one2one
ENSG00000112118,MCM3,ENSMUSG00000041859,Mcm3,ortholog_one2one
ENSG00000163864,NMNAT3,ENSMUSG00000032456,Nmnat3,ortholog_one2one
ENSG00000116824,CD2,ENSMUSG00000027863,Cd2,ortholog_one2one
ENSG00000164252,AGGF1,ENSMUSG00000021681,Aggf1,ortholog_one2one
ENSG00000196503,ARL9,ENSMUSG00000063820,Arl9,ortholog_one2one
ENSG00000087274,ADD1,ENSMUSG00000029106,Add1,ortholog_one2one
ENSG00000177301,KCNA2,ENSMUSG00000040724,Kcna2,ortholog_one2one
ENSG00000103154,NECAB2,ENSMUSG00000031837,Necab2,ortholog_one2one
ENSG00000147251,DOCK11,ENSMUSG00000031093,Dock11,ortholog_one2one
ENSG00000115392,FANCL,ENSMUSG00000004018,Fancl,ortholog_one2one
ENSG00000103502,CDIPT,ENSMUSG00000030682,Cdipt,ortholog_one2one
ENSG00000049541,RFC2,ENSMUSG00000023104,Rfc2,ortholog_one2one
ENSG00000163909,HEYL,ENSMUSG00000032744,Heyl,ortholog_one2one
ENSG00000126934,MAP2K2,ENSMUSG00000035027,Map2k2,ortholog_one2one
ENSG00000156869,FRRS1,ENSMUSG00000033386,Frrs1,ortholog_one2one
ENSG00000113649,TCERG1,ENSMUSG00000024498,Tcerg1,ortholog_one2one
ENSG00000120798,NR2C1,ENSMUSG00000005897,Nr2c1,ortholog_one2one
ENSG00000144668,ITGA9,ENSMUSG00000039115,Itga9,ortholog_one2one
ENSG00000162460,TMEM82,ENSMUSG00000043085,Tmem82,ortholog_one2one
ENSG00000140538,NTRK3,ENSMUSG00000059146,Ntrk3,ortholog_one2one
ENSG00000116191,RALGPS2,ENSMUSG00000026594,Ralgps2,ortholog_one2one
ENSG00000141985,SH3GL1,ENSMUSG00000003200,Sh3gl1,ortholog_one2one
ENSG00000101126,ADNP,ENSMUSG00000051149,Adnp,ortholog_one2one
ENSG00000184144,CNTN2,ENSMUSG00000053024,Cntn2,ortholog_one2one
ENSG00000127564,PKMYT1,ENSMUSG00000023908,Pkmyt1,ortholog_one2one
ENSG00000129534,MIS18BP1,ENSMUSG00000047534,Mis18bp1,ortholog_one2one
ENSG00000181523,SGSH,ENSMUSG00000005043,Sgsh,ortholog_one2one
ENSG00000188706,ZDHHC9,ENSMUSG00000036985,Zdhhc9,ortholog_one2one
ENSG00000149679,CABLES2,ENSMUSG00000038990,Cables2,ortholog_one2one
ENSG00000112531,QKI,ENSMUSG00000062078,Qki,ortholog_one2one
ENSG00000161958,FGF11,ENSMUSG00000042826,Fgf11,ortholog_one2one
ENSG00000088888,MAVS,ENSMUSG00000037523,Mavs,ortholog_one2one
ENSG00000135046,ANXA1,ENSMUSG00000024659,Anxa1,ortholog_one2one
ENSG00000131746,TNS4,ENSMUSG00000017607,Tns4,ortholog_one2one
ENSG00000039987,BEST2,ENSMUSG00000052819,Best2,ortholog_one2one
ENSG00000125968,ID1,ENSMUSG00000042745,Id1,ortholog_one2one
ENSG00000071537,SEL1L,ENSMUSG00000020964,Sel1l,ortholog_one2one
ENSG00000108375,RNF43,ENSMUSG00000034177,Rnf43,ortholog_one2one
ENSG00000124160,NCOA5,ENSMUSG00000039804,Ncoa5,ortholog_one2one
ENSG00000100311,PDGFB,ENSMUSG00000000489,Pdgfb,ortholog_one2one
ENSG00000105696,TMEM59L,ENSMUSG00000035964,Tmem59l,ortholog_one2one
ENSG00000149926,TLCD3B,ENSMUSG00000058966,Tlcd3b,ortholog_one2one
ENSG00000100028,SNRPD3,ENSMUSG00000020180,Snrpd3,ortholog_one2one
ENSG00000103978,TMEM87A,ENSMUSG00000033808,Tmem87a,ortholog_one2one
ENSG00000005884,ITGA3,ENSMUSG00000001507,Itga3,ortholog_one2one
ENSG00000109832,DDX25,ENSMUSG00000032101,Ddx25,ortholog_one2one
ENSG00000169592,INO80E,ENSMUSG00000030689,Ino80e,ortholog_one2one
ENSG00000183891,TTC32,ENSMUSG00000066637,Ttc32,ortholog_one2one
ENSG00000100300,TSPO,ENSMUSG00000041736,Tspo,ortholog_one2one
ENSG00000243667,DNAAF10,ENSMUSG00000078970,Dnaaf10,ortholog_one2one
ENSG00000175221,MED16,ENSMUSG00000013833,Med16,ortholog_one2one
ENSG00000167588,GPD1,ENSMUSG00000023019,Gpd1,ortholog_one2one
ENSG00000180900,SCRIB,ENSMUSG00000022568,Scrib,ortholog_one2one
ENSG00000127022,CANX,ENSMUSG00000020368,Canx,ortholog_one2one
ENSG00000185985,SLITRK2,ENSMUSG00000036790,Slitrk2,ortholog_one2one
ENSG00000001629,ANKIB1,ENSMUSG00000040351,Ankib1,ortholog_one2one
ENSG00000157131,C8A,ENSMUSG00000035031,C8a,ortholog_one2one
ENSG00000229453,SPINK8,ENSMUSG00000050074,Spink8,ortholog_one2one
ENSG00000147255,IGSF1,ENSMUSG00000031111,Igsf1,ortholog_one2one
ENSG00000153107,ANAPC1,ENSMUSG00000014355,Anapc1,ortholog_one2one
ENSG00000042088,TDP1,ENSMUSG00000021177,Tdp1,ortholog_one2one
ENSG00000090020,SLC9A1,ENSMUSG00000028854,Slc9a1,ortholog_one2one
ENSG00000120253,NUP43,ENSMUSG00000040034,Nup43,ortholog_one2one
ENSG00000106341,PPP1R17,ENSMUSG00000002930,Ppp1r17,ortholog_one2one
ENSG00000100294,MCAT,ENSMUSG00000048755,Mcat,ortholog_one2one
ENSG00000188026,RILPL1,ENSMUSG00000029392,Rilpl1,ortholog_one2one
ENSG00000050344,NFE2L3,ENSMUSG00000029832,Nfe2l3,ortholog_one2one
ENSG00000149564,ESAM,ENSMUSG00000001946,Esam,ortholog_one2one
ENSG00000198089,SFI1,ENSMUSG00000023764,Sfi1,ortholog_one2one
ENSG00000141522,ARHGDIA,ENSMUSG00000025132,Arhgdia,ortholog_one2one
ENSG00000103316,CRYM,ENSMUSG00000030905,Crym,ortholog_one2one
ENSG00000159251,ACTC1,ENSMUSG00000068614,Actc1,ortholog_one2one
ENSG00000114126,TFDP2,ENSMUSG00000032411,Tfdp2,ortholog_one2one
ENSG00000089220,PEBP1,ENSMUSG00000047104,Pbp2,ortholog_one2one
ENSG00000110048,OSBP,ENSMUSG00000024687,Osbp,ortholog_one2one
ENSG00000107317,PTGDS,ENSMUSG00000015090,Ptgds,ortholog_one2one
ENSG00000249853,HS3ST5,ENSMUSG00000044499,Hs3st5,ortholog_one2one
ENSG00000105926,PALS2,ENSMUSG00000038388,Pals2,ortholog_one2one
ENSG00000139567,ACVRL1,ENSMUSG00000000530,Acvrl1,ortholog_one2one
ENSG00000143851,PTPN7,ENSMUSG00000031506,Ptpn7,ortholog_one2one
ENSG00000130347,RTN4IP1,ENSMUSG00000019864,Rtn4ip1,ortholog_one2one
ENSG00000127586,CHTF18,ENSMUSG00000019214,Chtf18,ortholog_one2one
ENSG00000151729,SLC25A4,ENSMUSG00000031633,Slc25a4,ortholog_one2one
ENSG00000197798,FAM118B,ENSMUSG00000050471,Fam118b,ortholog_one2one
ENSG00000158691,ZSCAN12,ENSMUSG00000036721,Zscan12,ortholog_one2one
ENSG00000062524,LTK,ENSMUSG00000027297,Ltk,ortholog_one2one
ENSG00000110876,SELPLG,ENSMUSG00000048163,Selplg,ortholog_one2one
ENSG00000137411,VARS2,ENSMUSG00000038838,Vars2,ortholog_one2one
ENSG00000061794,MRPS35,ENSMUSG00000040112,Mrps35,ortholog_one2one
ENSG00000145287,PLAC8,ENSMUSG00000029322,Plac8,ortholog_one2one
ENSG00000198887,SMC5,ENSMUSG00000024943,Smc5,ortholog_one2one
ENSG00000122884,P4HA1,ENSMUSG00000019916,P4ha1,ortholog_one2one
ENSG00000130811,EIF3G,ENSMUSG00000070319,Eif3g,ortholog_one2one
ENSG00000114904,NEK4,ENSMUSG00000021918,Nek4,ortholog_one2one
ENSG00000125398,SOX9,ENSMUSG00000000567,Sox9,ortholog_one2one
ENSG00000275023,MLLT6,ENSMUSG00000038437,Mllt6,ortholog_one2one
ENSG00000178381,ZFAND2A,ENSMUSG00000053581,Zfand2a,ortholog_one2one
ENSG00000271601,LIX1L,ENSMUSG00000049288,Lix1l,ortholog_one2one
ENSG00000091583,APOH,ENSMUSG00000000049,Apoh,ortholog_one2one
ENSG00000165156,ZHX1,ENSMUSG00000022361,Zhx1,ortholog_one2one
ENSG00000123080,CDKN2C,ENSMUSG00000028551,Cdkn2c,ortholog_one2one
ENSG00000163795,ZNF513,ENSMUSG00000043059,Zfp513,ortholog_one2one
ENSG00000145365,TIFA,ENSMUSG00000046688,Tifa,ortholog_one2one
ENSG00000205309,NT5M,ENSMUSG00000032615,Nt5m,ortholog_one2one
ENSG00000164117,FBXO8,ENSMUSG00000038206,Fbxo8,ortholog_one2one
ENSG00000104522,GFUS,ENSMUSG00000022570,Gfus,ortholog_one2one
ENSG00000108798,ABI3,ENSMUSG00000018381,Abi3,ortholog_one2one
ENSG00000198919,DZIP3,ENSMUSG00000064061,Dzip3,ortholog_one2one
ENSG00000272031,ANKRD34A,ENSMUSG00000049097,Ankrd34a,ortholog_one2one
ENSG00000143162,CREG1,ENSMUSG00000040713,Creg1,ortholog_one2one
ENSG00000028203,VEZT,ENSMUSG00000036099,Vezt,ortholog_one2one
ENSG00000079616,KIF22,ENSMUSG00000030677,Kif22,ortholog_one2one
ENSG00000198492,YTHDF2,ENSMUSG00000040025,Ythdf2,ortholog_one2one
ENSG00000143153,ATP1B1,ENSMUSG00000026576,Atp1b1,ortholog_one2one
ENSG00000170779,CDCA4,ENSMUSG00000047832,Cdca4,ortholog_one2one
ENSG00000100485,SOS2,ENSMUSG00000034801,Sos2,ortholog_one2one
ENSG00000184205,TSPYL2,ENSMUSG00000041096,Tspyl2,ortholog_one2one
ENSG00000174080,CTSF,ENSMUSG00000083282,Ctsf,ortholog_one2one
ENSG00000126545,CSN1S1,ENSMUSG00000070702,Csn1s1,ortholog_one2one
ENSG00000136754,ABI1,ENSMUSG00000058835,Abi1,ortholog_one2one
ENSG00000070366,SMG6,ENSMUSG00000038290,Smg6,ortholog_one2one
ENSG00000147364,FBXO25,ENSMUSG00000038365,Fbxo25,ortholog_one2one
ENSG00000122643,NT5C3A,ENSMUSG00000029780,Nt5c3,ortholog_one2one
ENSG00000050555,LAMC3,ENSMUSG00000026840,Lamc3,ortholog_one2one
ENSG00000113407,TARS1,ENSMUSG00000022241,Tars1,ortholog_one2one
ENSG00000166233,ARIH1,ENSMUSG00000025234,Arih1,ortholog_one2one
ENSG00000171488,LRRC8C,ENSMUSG00000054720,Lrrc8c,ortholog_one2one
ENSG00000134258,VTCN1,ENSMUSG00000051076,Vtcn1,ortholog_one2one
ENSG00000101882,NKAP,ENSMUSG00000016409,Nkap,ortholog_one2one
ENSG00000161996,WDR90,ENSMUSG00000073434,Wdr90,ortholog_one2one
ENSG00000117069,ST6GALNAC5,ENSMUSG00000039037,St6galnac5,ortholog_one2one
ENSG00000178605,GTPBP6,ENSMUSG00000033434,Gtpbp6,ortholog_one2one
ENSG00000166750,SLFN5,ENSMUSG00000054404,Slfn5,ortholog_one2one
ENSG00000129187,DCTD,ENSMUSG00000031562,Dctd,ortholog_one2one
ENSG00000074755,ZZEF1,ENSMUSG00000055670,Zzef1,ortholog_one2one
ENSG00000130958,SLC35D2,ENSMUSG00000033114,Slc35d2,ortholog_one2one
ENSG00000185055,EFCAB10,ENSMUSG00000020562,Efcab10,ortholog_one2one
ENSG00000094841,UPRT,ENSMUSG00000073016,Uprt,ortholog_one2one
ENSG00000169047,IRS1,ENSMUSG00000055980,Irs1,ortholog_one2one
ENSG00000180535,BHLHA15,ENSMUSG00000052271,Bhlha15,ortholog_one2one
ENSG00000164715,LMTK2,ENSMUSG00000038970,Lmtk2,ortholog_one2one
ENSG00000100614,PPM1A,ENSMUSG00000021096,Ppm1a,ortholog_one2one
ENSG00000132000,PODNL1,ENSMUSG00000012889,Podnl1,ortholog_one2one
ENSG00000069869,NEDD4,ENSMUSG00000032216,Nedd4,ortholog_one2one
ENSG00000213719,CLIC1,ENSMUSG00000007041,Clic1,ortholog_one2one
ENSG00000063438,AHRR,ENSMUSG00000021575,Ahrr,ortholog_one2one
ENSG00000123297,TSFM,ENSMUSG00000040521,Tsfm,ortholog_one2one
ENSG00000129353,SLC44A2,ENSMUSG00000057193,Slc44a2,ortholog_one2one
ENSG00000106443,PHF14,ENSMUSG00000029629,Phf14,ortholog_one2one
ENSG00000167182,SP2,ENSMUSG00000018678,Sp2,ortholog_one2one
ENSG00000182934,SRPRA,ENSMUSG00000032042,Srpra,ortholog_one2one
ENSG00000182872,RBM10,ENSMUSG00000031060,Rbm10,ortholog_one2one
ENSG00000164078,MST1R,ENSMUSG00000032584,Mst1r,ortholog_one2one
ENSG00000196150,ZNF250,ENSMUSG00000054967,Zfp647,ortholog_one2one
ENSG00000019582,CD74,ENSMUSG00000024610,Cd74,ortholog_one2one
ENSG00000183615,FAM167B,ENSMUSG00000050493,Fam167b,ortholog_one2one
ENSG00000107295,SH3GL2,ENSMUSG00000028488,Sh3gl2,ortholog_one2one
ENSG00000116661,FBXO2,ENSMUSG00000041556,Fbxo2,ortholog_one2one
ENSG00000120068,HOXB8,ENSMUSG00000056648,Hoxb8,ortholog_one2one
ENSG00000109466,KLHL2,ENSMUSG00000031605,Klhl2,ortholog_one2one
ENSG00000132141,CCT6B,ENSMUSG00000020698,Cct6b,ortholog_one2one
ENSG00000130714,POMT1,ENSMUSG00000039254,Pomt1,ortholog_one2one
ENSG00000122644,ARL4A,ENSMUSG00000047446,Arl4a,ortholog_one2one
ENSG00000187730,GABRD,ENSMUSG00000029054,Gabrd,ortholog_one2one
ENSG00000198742,SMURF1,ENSMUSG00000038780,Smurf1,ortholog_one2one
ENSG00000110841,PPFIBP1,ENSMUSG00000016487,Ppfibp1,ortholog_one2one
ENSG00000205765,RIMOC1,ENSMUSG00000041935,Rimoc1,ortholog_one2one
ENSG00000055044,NOP58,ENSMUSG00000026020,Nop58,ortholog_one2one
ENSG00000189367,KIAA0408,ENSMUSG00000004360,9330159F19Rik,ortholog_one2one
ENSG00000103260,METRN,ENSMUSG00000002274,Metrn,ortholog_one2one
ENSG00000166199,ALKBH3,ENSMUSG00000040174,Alkbh3,ortholog_one2one
ENSG00000145916,RMND5B,ENSMUSG00000001054,Rmnd5b,ortholog_one2one
ENSG00000162367,TAL1,ENSMUSG00000028717,Tal1,ortholog_one2one
ENSG00000166482,MFAP4,ENSMUSG00000042436,Mfap4,ortholog_one2one
ENSG00000091831,ESR1,ENSMUSG00000019768,Esr1,ortholog_one2one
ENSG00000221983,UBA52,ENSMUSG00000090137,Uba52,ortholog_one2one
ENSG00000143365,RORC,ENSMUSG00000028150,Rorc,ortholog_one2one
ENSG00000167186,COQ7,ENSMUSG00000030652,Coq7,ortholog_one2one
ENSG00000082996,RNF13,ENSMUSG00000036503,Rnf13,ortholog_one2one
ENSG00000173805,HAP1,ENSMUSG00000006930,Hap1,ortholog_one2one
ENSG00000170786,SDR16C5,ENSMUSG00000028236,Sdr16c5,ortholog_one2one
ENSG00000120899,PTK2B,ENSMUSG00000059456,Ptk2b,ortholog_one2one
ENSG00000103035,PSMD7,ENSMUSG00000039067,Psmd7,ortholog_one2one
ENSG00000161921,CXCL16,ENSMUSG00000018920,Cxcl16,ortholog_one2one
ENSG00000214022,REPIN1,ENSMUSG00000052751,Repin1,ortholog_one2one
ENSG00000161920,MED11,ENSMUSG00000018923,Med11,ortholog_one2one
ENSG00000112473,SLC39A7,ENSMUSG00000024327,Slc39a7,ortholog_one2one
ENSG00000155011,DKK2,ENSMUSG00000028031,Dkk2,ortholog_one2one
ENSG00000167131,DNAAF19,ENSMUSG00000020930,Ccdc103,ortholog_one2one
ENSG00000167005,NUDT21,ENSMUSG00000031754,Nudt21,ortholog_one2one
ENSG00000132321,IQCA1,ENSMUSG00000026301,Iqca1,ortholog_one2one
ENSG00000006453,BAIAP2L1,ENSMUSG00000038859,Baiap2l1,ortholog_one2one
ENSG00000127419,TMEM175,ENSMUSG00000013495,Tmem175,ortholog_one2one
ENSG00000162409,PRKAA2,ENSMUSG00000028518,Prkaa2,ortholog_one2one
ENSG00000006695,COX10,ENSMUSG00000042148,Cox10,ortholog_one2one
ENSG00000196586,MYO6,ENSMUSG00000033577,Myo6,ortholog_one2one
ENSG00000132603,NIP7,ENSMUSG00000031917,Nip7,ortholog_one2one
ENSG00000152315,KCNK13,ENSMUSG00000045404,Kcnk13,ortholog_one2one
ENSG00000072415,PALS1,ENSMUSG00000021112,Pals1,ortholog_one2one
ENSG00000009724,MASP2,ENSMUSG00000028979,Masp2,ortholog_one2one
ENSG00000122257,RBBP6,ENSMUSG00000030779,Rbbp6,ortholog_one2one
ENSG00000020577,SAMD4A,ENSMUSG00000021838,Samd4,ortholog_one2one
ENSG00000007171,NOS2,ENSMUSG00000020826,Nos2,ortholog_one2one
ENSG00000122512,PMS2,ENSMUSG00000079109,Pms2,ortholog_one2one
ENSG00000116690,PRG4,ENSMUSG00000006014,Prg4,ortholog_one2one
ENSG00000188760,TMEM198,ENSMUSG00000051703,Tmem198,ortholog_one2one
ENSG00000123989,CHPF,ENSMUSG00000032997,Chpf,ortholog_one2one
ENSG00000131943,C19orf12,ENSMUSG00000054676,1600014C10Rik,ortholog_one2one
ENSG00000211460,TSN,ENSMUSG00000026374,Tsn,ortholog_one2one
ENSG00000183856,IQGAP3,ENSMUSG00000028068,Iqgap3,ortholog_one2one
ENSG00000176454,LPCAT4,ENSMUSG00000027134,Lpcat4,ortholog_one2one
ENSG00000164403,SHROOM1,ENSMUSG00000018387,Shroom1,ortholog_one2one
ENSG00000186469,GNG2,ENSMUSG00000043004,Gng2,ortholog_one2one
ENSG00000138741,TRPC3,ENSMUSG00000027716,Trpc3,ortholog_one2one
ENSG00000119402,FBXW2,ENSMUSG00000035949,Fbxw2,ortholog_one2one
ENSG00000168887,C2orf68,ENSMUSG00000058706,0610030E20Rik,ortholog_one2one
ENSG00000086848,ALG9,ENSMUSG00000032059,Alg9,ortholog_one2one
ENSG00000151929,BAG3,ENSMUSG00000030847,Bag3,ortholog_one2one
ENSG00000125107,CNOT1,ENSMUSG00000036550,Cnot1,ortholog_one2one
ENSG00000140543,DET1,ENSMUSG00000030610,Det1,ortholog_one2one
ENSG00000171863,RPS7,ENSMUSG00000061477,Rps7,ortholog_one2one
ENSG00000204179,PTPN20,ENSMUSG00000021940,Ptpn20,ortholog_one2one
ENSG00000066185,ZMYND12,ENSMUSG00000070806,Zmynd12,ortholog_one2one
ENSG00000139990,DCAF5,ENSMUSG00000049106,Dcaf5,ortholog_one2one
ENSG00000163534,FCRL1,ENSMUSG00000059994,Fcrl1,ortholog_one2one
ENSG00000154262,ABCA6,ENSMUSG00000044749,Abca6,ortholog_one2one
ENSG00000140398,NEIL1,ENSMUSG00000032298,Neil1,ortholog_one2one
ENSG00000147050,KDM6A,ENSMUSG00000037369,Kdm6a,ortholog_one2one
ENSG00000145388,METTL14,ENSMUSG00000028114,Mettl14,ortholog_one2one
ENSG00000196923,PDLIM7,ENSMUSG00000021493,Pdlim7,ortholog_one2one
ENSG00000143514,TP53BP2,ENSMUSG00000026510,Trp53bp2,ortholog_one2one
ENSG00000183576,SETD3,ENSMUSG00000056770,Setd3,ortholog_one2one
ENSG00000164342,TLR3,ENSMUSG00000031639,Tlr3,ortholog_one2one
ENSG00000118816,CCNI,ENSMUSG00000063015,Ccni,ortholog_one2one
ENSG00000149591,TAGLN,ENSMUSG00000032085,Tagln,ortholog_one2one
ENSG00000163053,SLC16A14,ENSMUSG00000026220,Slc16a14,ortholog_one2one
ENSG00000085449,WDFY1,ENSMUSG00000073643,Wdfy1,ortholog_one2one
ENSG00000158315,RHBDL2,ENSMUSG00000043333,Rhbdl2,ortholog_one2one
ENSG00000131482,G6PC1,ENSMUSG00000078650,G6pc1,ortholog_one2one
ENSG00000142599,RERE,ENSMUSG00000039852,Rere,ortholog_one2one
ENSG00000180979,LRRC57,ENSMUSG00000027286,Lrrc57,ortholog_one2one
ENSG00000172059,KLF11,ENSMUSG00000020653,Klf11,ortholog_one2one
ENSG00000176658,MYO1D,ENSMUSG00000035441,Myo1d,ortholog_one2one
ENSG00000178750,STX19,ENSMUSG00000047854,Stx19,ortholog_one2one
ENSG00000168769,TET2,ENSMUSG00000040943,Tet2,ortholog_one2one
ENSG00000107105,ELAVL2,ENSMUSG00000008489,Elavl2,ortholog_one2one
ENSG00000143882,ATP6V1C2,ENSMUSG00000020566,Atp6v1c2,ortholog_one2one
ENSG00000168297,PXK,ENSMUSG00000033885,Pxk,ortholog_one2one
ENSG00000106077,ABHD11,ENSMUSG00000040532,Abhd11,ortholog_one2one
ENSG00000189221,MAOA,ENSMUSG00000025037,Maoa,ortholog_one2one
ENSG00000109339,MAPK10,ENSMUSG00000046709,Mapk10,ortholog_one2one
ENSG00000120509,PDZD11,ENSMUSG00000015668,Pdzd11,ortholog_one2one
ENSG00000162728,KCNJ9,ENSMUSG00000038026,Kcnj9,ortholog_one2one
ENSG00000100852,ARHGAP5,ENSMUSG00000035133,Arhgap5,ortholog_one2one
ENSG00000105974,CAV1,ENSMUSG00000007655,Cav1,ortholog_one2one
ENSG00000116882,HAO2,ENSMUSG00000027870,Hao2,ortholog_one2one
ENSG00000088205,DDX18,ENSMUSG00000001674,Ddx18,ortholog_one2one
ENSG00000138134,STAMBPL1,ENSMUSG00000024776,Stambpl1,ortholog_one2one
ENSG00000062582,MRPS24,ENSMUSG00000020477,Mrps24,ortholog_one2one
ENSG00000004059,ARF5,ENSMUSG00000020440,Arf5,ortholog_one2one
ENSG00000151413,NUBPL,ENSMUSG00000035142,Nubpl,ortholog_one2one
ENSG00000106701,FSD1L,ENSMUSG00000054752,Fsd1l,ortholog_one2one
ENSG00000046651,OFD1,ENSMUSG00000040586,Ofd1,ortholog_one2one
ENSG00000069956,MAPK6,ENSMUSG00000042688,Mapk6,ortholog_one2one
ENSG00000168591,TMUB2,ENSMUSG00000034757,Tmub2,ortholog_one2one
ENSG00000166166,TRMT61A,ENSMUSG00000060950,Trmt61a,ortholog_one2one
ENSG00000167094,TTC16,ENSMUSG00000039021,Ttc16,ortholog_one2one
ENSG00000152779,SLC16A12,ENSMUSG00000009378,Slc16a12,ortholog_one2one
ENSG00000028528,SNX1,ENSMUSG00000032382,Snx1,ortholog_one2one
ENSG00000156381,ANKRD9,ENSMUSG00000037904,Ankrd9,ortholog_one2one
ENSG00000144120,TMEM177,ENSMUSG00000036975,Tmem177,ortholog_one2one
ENSG00000137073,UBAP2,ENSMUSG00000028433,Ubap2,ortholog_one2one
ENSG00000174326,SLC16A11,ENSMUSG00000040938,Slc16a11,ortholog_one2one
ENSG00000172954,LCLAT1,ENSMUSG00000054469,Lclat1,ortholog_one2one
ENSG00000181192,DHTKD1,ENSMUSG00000025815,Dhtkd1,ortholog_one2one
ENSG00000165457,FOLR2,ENSMUSG00000032725,Folr2,ortholog_one2one
ENSG00000165379,LRFN5,ENSMUSG00000035653,Lrfn5,ortholog_one2one
ENSG00000184708,EIF4ENIF1,ENSMUSG00000020454,Eif4enif1,ortholog_one2one
ENSG00000175866,BAIAP2,ENSMUSG00000025372,Baiap2,ortholog_one2one
ENSG00000178096,BOLA1,ENSMUSG00000015943,Bola1,ortholog_one2one
ENSG00000166165,CKB,ENSMUSG00000001270,Ckb,ortholog_one2one
ENSG00000102109,PCSK1N,ENSMUSG00000039278,Pcsk1n,ortholog_one2one
ENSG00000204438,GPANK1,ENSMUSG00000092417,Gpank1,ortholog_one2one
ENSG00000013619,MAMLD1,ENSMUSG00000059401,Mamld1,ortholog_one2one
ENSG00000173212,MAB21L3,ENSMUSG00000044313,Mab21l3,ortholog_one2one
ENSG00000102054,RBBP7,ENSMUSG00000031353,Rbbp7,ortholog_one2one
ENSG00000143473,KCNH1,ENSMUSG00000058248,Kcnh1,ortholog_one2one
ENSG00000129460,NGDN,ENSMUSG00000022204,Ngdn,ortholog_one2one
ENSG00000113391,ARB2A,ENSMUSG00000064138,Arb2a,ortholog_one2one
ENSG00000102858,MGRN1,ENSMUSG00000022517,Mgrn1,ortholog_one2one
ENSG00000082258,CCNT2,ENSMUSG00000026349,Ccnt2,ortholog_one2one
ENSG00000075131,TIPIN,ENSMUSG00000032397,Tipin,ortholog_one2one
ENSG00000146576,INTS15,ENSMUSG00000039244,Ints15,ortholog_one2one
ENSG00000110713,NUP98,ENSMUSG00000063550,Nup98,ortholog_one2one
ENSG00000092020,PPP2R3C,ENSMUSG00000021022,Ppp2r3c,ortholog_one2one
ENSG00000187257,RSBN1L,ENSMUSG00000039968,Rsbn1l,ortholog_one2one
ENSG00000105695,MAG,ENSMUSG00000036634,Mag,ortholog_one2one
ENSG00000118004,COLEC11,ENSMUSG00000036655,Colec11,ortholog_one2one
ENSG00000231925,TAPBP,ENSMUSG00000024308,Tapbp,ortholog_one2one
ENSG00000106355,LSM5,ENSMUSG00000091625,Lsm5,ortholog_one2one
ENSG00000128849,CGNL1,ENSMUSG00000032232,Cgnl1,ortholog_one2one
ENSG00000113070,HBEGF,ENSMUSG00000024486,Hbegf,ortholog_one2one
ENSG00000173915,ATP5MK,ENSMUSG00000071528,Atp5mk,ortholog_one2one
ENSG00000169230,PRELID1,ENSMUSG00000021486,Prelid1,ortholog_one2one
ENSG00000174502,SLC26A9,ENSMUSG00000042268,Slc26a9,ortholog_one2one
ENSG00000269335,IKBKG,ENSMUSG00000004221,Ikbkg,ortholog_one2one
ENSG00000048052,HDAC9,ENSMUSG00000004698,Hdac9,ortholog_one2one
ENSG00000152700,SAR1B,ENSMUSG00000020386,Sar1b,ortholog_one2one
ENSG00000050628,PTGER3,ENSMUSG00000040016,Ptger3,ortholog_one2one
ENSG00000140044,JDP2,ENSMUSG00000034271,Jdp2,ortholog_one2one
ENSG00000134452,FBH1,ENSMUSG00000058594,Fbh1,ortholog_one2one
ENSG00000159445,THEM4,ENSMUSG00000028145,Them4,ortholog_one2one
ENSG00000087301,TXNDC16,ENSMUSG00000021830,Txndc16,ortholog_one2one
ENSG00000065609,SNAP91,ENSMUSG00000033419,Snap91,ortholog_one2one
ENSG00000159588,CCDC17,ENSMUSG00000034035,Ccdc17,ortholog_one2one
ENSG00000167565,SERTAD3,ENSMUSG00000055200,Sertad3,ortholog_one2one
ENSG00000090554,FLT3LG,ENSMUSG00000110206,Flt3l,ortholog_one2one
ENSG00000144644,GADL1,ENSMUSG00000056880,Gadl1,ortholog_one2one
ENSG00000026751,SLAMF7,ENSMUSG00000038179,Slamf7,ortholog_one2one
ENSG00000113430,IRX4,ENSMUSG00000021604,Irx4,ortholog_one2one
ENSG00000161202,DVL3,ENSMUSG00000003233,Dvl3,ortholog_one2one
ENSG00000132581,SDF2,ENSMUSG00000002064,Sdf2,ortholog_one2one
ENSG00000145861,C1QTNF2,ENSMUSG00000046491,C1qtnf2,ortholog_one2one
ENSG00000092094,OSGEP,ENSMUSG00000006289,Osgep,ortholog_one2one
ENSG00000113552,GNPDA1,ENSMUSG00000052102,Gnpda1,ortholog_one2one
ENSG00000126860,EVI2A,ENSMUSG00000078771,Evi2a,ortholog_one2one
ENSG00000134532,SOX5,ENSMUSG00000041540,Sox5,ortholog_one2one
ENSG00000168411,RFWD3,ENSMUSG00000033596,Rfwd3,ortholog_one2one
ENSG00000065325,GLP2R,ENSMUSG00000049928,Glp2r,ortholog_one2one
ENSG00000169679,BUB1,ENSMUSG00000027379,Bub1,ortholog_one2one
ENSG00000137941,TTLL7,ENSMUSG00000036745,Ttll7,ortholog_one2one
ENSG00000185070,FLRT2,ENSMUSG00000047414,Flrt2,ortholog_one2one
ENSG00000100823,APEX1,ENSMUSG00000035960,Apex1,ortholog_one2one
ENSG00000161940,BCL6B,ENSMUSG00000000317,Bcl6b,ortholog_one2one
ENSG00000103037,SETD6,ENSMUSG00000031671,Setd6,ortholog_one2one
ENSG00000198146,ZNF770,ENSMUSG00000040321,Zfp770,ortholog_one2one
ENSG00000147573,TRIM55,ENSMUSG00000060913,Trim55,ortholog_one2one
ENSG00000141519,CCDC40,ENSMUSG00000039963,Ccdc40,ortholog_one2one
ENSG00000167515,TRAPPC2L,ENSMUSG00000015013,Trappc2l,ortholog_one2one
ENSG00000076356,PLXNA2,ENSMUSG00000026640,Plxna2,ortholog_one2one
ENSG00000124299,PEPD,ENSMUSG00000063931,Pepd,ortholog_one2one
ENSG00000134982,APC,ENSMUSG00000005871,Apc,ortholog_one2one
ENSG00000163527,STT3B,ENSMUSG00000032437,Stt3b,ortholog_one2one
ENSG00000154975,CA10,ENSMUSG00000056158,Car10,ortholog_one2one
ENSG00000106399,RPA3,ENSMUSG00000012483,Rpa3,ortholog_one2one
ENSG00000113140,SPARC,ENSMUSG00000018593,Sparc,ortholog_one2one
ENSG00000106624,AEBP1,ENSMUSG00000020473,Aebp1,ortholog_one2one
ENSG00000165078,CPA6,ENSMUSG00000042501,Cpa6,ortholog_one2one
ENSG00000165168,CYBB,ENSMUSG00000015340,Cybb,ortholog_one2one
ENSG00000102383,ZDHHC15,ENSMUSG00000033906,Zdhhc15,ortholog_one2one
ENSG00000170323,FABP4,ENSMUSG00000062515,Fabp4,ortholog_one2one
ENSG00000154451,GBP5,ENSMUSG00000105504,Gbp5,ortholog_one2one
ENSG00000183655,KLHL25,ENSMUSG00000055652,Klhl25,ortholog_one2one
ENSG00000104365,IKBKB,ENSMUSG00000031537,Ikbkb,ortholog_one2one
ENSG00000102934,PLLP,ENSMUSG00000031775,Pllp,ortholog_one2one
ENSG00000167723,TRPV3,ENSMUSG00000043029,Trpv3,ortholog_one2one
ENSG00000153406,NMRAL1,ENSMUSG00000063445,Nmral1,ortholog_one2one
ENSG00000102003,SYP,ENSMUSG00000031144,Syp,ortholog_one2one
ENSG00000168907,PLA2G4F,ENSMUSG00000046971,Pla2g4f,ortholog_one2one
ENSG00000153904,DDAH1,ENSMUSG00000028194,Ddah1,ortholog_one2one
ENSG00000136824,SMC2,ENSMUSG00000028312,Smc2,ortholog_one2one
ENSG00000122145,TBX22,ENSMUSG00000031241,Tbx22,ortholog_one2one
ENSG00000078304,PPP2R5C,ENSMUSG00000017843,Ppp2r5c,ortholog_one2one
ENSG00000179902,CFAP276,ENSMUSG00000027886,Cfap276,ortholog_one2one
ENSG00000185825,BCAP31,ENSMUSG00000002015,Bcap31,ortholog_one2one
ENSG00000107669,ATE1,ENSMUSG00000030850,Ate1,ortholog_one2one
ENSG00000143614,GATAD2B,ENSMUSG00000042390,Gatad2b,ortholog_one2one
ENSG00000135250,SRPK2,ENSMUSG00000062604,Srpk2,ortholog_one2one
ENSG00000118971,CCND2,ENSMUSG00000000184,Ccnd2,ortholog_one2one
ENSG00000074071,MRPS34,ENSMUSG00000038880,Mrps34,ortholog_one2one
ENSG00000184697,CLDN6,ENSMUSG00000023906,Cldn6,ortholog_one2one
ENSG00000110931,CAMKK2,ENSMUSG00000029471,Camkk2,ortholog_one2one
ENSG00000171241,SHCBP1,ENSMUSG00000022322,Shcbp1,ortholog_one2one
ENSG00000163492,CCDC141,ENSMUSG00000044033,Ccdc141,ortholog_one2one
ENSG00000225968,ELFN1,ENSMUSG00000048988,Elfn1,ortholog_one2one
ENSG00000118855,MFSD1,ENSMUSG00000027775,Mfsd1,ortholog_one2one
ENSG00000075142,SRI,ENSMUSG00000003161,Sri,ortholog_one2one
ENSG00000163485,ADORA1,ENSMUSG00000042429,Adora1,ortholog_one2one
ENSG00000115368,WDR75,ENSMUSG00000025995,Wdr75,ortholog_one2one
ENSG00000140465,CYP1A1,ENSMUSG00000032315,Cyp1a1,ortholog_one2one
ENSG00000132688,NES,ENSMUSG00000004891,Nes,ortholog_one2one
ENSG00000161011,SQSTM1,ENSMUSG00000015837,Sqstm1,ortholog_one2one
ENSG00000143110,C1orf162,ENSMUSG00000074342,I830077J02Rik,ortholog_one2one
ENSG00000188603,CLN3,ENSMUSG00000030720,Cln3,ortholog_one2one
ENSG00000189319,FAM53B,ENSMUSG00000030956,Fam53b,ortholog_one2one
ENSG00000273706,LHX1,ENSMUSG00000018698,Lhx1,ortholog_one2one
ENSG00000155659,VSIG4,ENSMUSG00000044206,Vsig4,ortholog_one2one
ENSG00000198892,SHISA4,ENSMUSG00000041889,Shisa4,ortholog_one2one
ENSG00000055950,MRPL43,ENSMUSG00000025208,Mrpl43,ortholog_one2one
ENSG00000133027,PEMT,ENSMUSG00000000301,Pemt,ortholog_one2one
ENSG00000020129,NCDN,ENSMUSG00000028833,Ncdn,ortholog_one2one
ENSG00000126804,ZBTB1,ENSMUSG00000033454,Zbtb1,ortholog_one2one
ENSG00000104936,DMPK,ENSMUSG00000030409,Dmpk,ortholog_one2one
ENSG00000138592,USP8,ENSMUSG00000027363,Usp8,ortholog_one2one
ENSG00000241258,CRCP,ENSMUSG00000025532,Crcp,ortholog_one2one
ENSG00000089775,ZBTB25,ENSMUSG00000056459,Zbtb25,ortholog_one2one
ENSG00000023318,ERP44,ENSMUSG00000028343,Erp44,ortholog_one2one
ENSG00000114520,SNX4,ENSMUSG00000022808,Snx4,ortholog_one2one
ENSG00000169895,SYAP1,ENSMUSG00000031357,Syap1,ortholog_one2one
ENSG00000164916,FOXK1,ENSMUSG00000056493,Foxk1,ortholog_one2one
ENSG00000143183,TMCO1,ENSMUSG00000052428,Tmco1,ortholog_one2one
ENSG00000152284,TCF7L1,ENSMUSG00000055799,Tcf7l1,ortholog_one2one
ENSG00000095627,TDRD1,ENSMUSG00000025081,Tdrd1,ortholog_one2one
ENSG00000106028,SSBP1,ENSMUSG00000029911,Ssbp1,ortholog_one2one
ENSG00000185024,BRF1,ENSMUSG00000011158,Brf1,ortholog_one2one
ENSG00000169733,RFNG,ENSMUSG00000025158,Rfng,ortholog_one2one
ENSG00000113721,PDGFRB,ENSMUSG00000024620,Pdgfrb,ortholog_one2one
ENSG00000011422,PLAUR,ENSMUSG00000046223,Plaur,ortholog_one2one
ENSG00000107371,EXOSC3,ENSMUSG00000028322,Exosc3,ortholog_one2one
ENSG00000151892,GFRA1,ENSMUSG00000025089,Gfra1,ortholog_one2one
ENSG00000068784,SRBD1,ENSMUSG00000024135,Srbd1,ortholog_one2one
ENSG00000084073,ZMPSTE24,ENSMUSG00000043207,Zmpste24,ortholog_one2one
ENSG00000135063,ENTREP1,ENSMUSG00000071604,Entrep1,ortholog_one2one
ENSG00000104524,PYCR3,ENSMUSG00000022571,Pycr3,ortholog_one2one
ENSG00000133028,SCO1,ENSMUSG00000069844,Sco1,ortholog_one2one
ENSG00000089820,ARHGAP4,ENSMUSG00000031389,Arhgap4,ortholog_one2one
ENSG00000163491,NEK10,ENSMUSG00000042567,Nek10,ortholog_one2one
ENSG00000095209,TMEM38B,ENSMUSG00000028420,Tmem38b,ortholog_one2one
ENSG00000162961,DPY30,ENSMUSG00000024067,Dpy30,ortholog_one2one
ENSG00000163431,LMOD1,ENSMUSG00000048096,Lmod1,ortholog_one2one
ENSG00000047249,ATP6V1H,ENSMUSG00000033793,Atp6v1h,ortholog_one2one
ENSG00000185862,EVI2B,ENSMUSG00000093938,Evi2b,ortholog_one2one
ENSG00000177807,KCNJ10,ENSMUSG00000044708,Kcnj10,ortholog_one2one
ENSG00000171431,KRT20,ENSMUSG00000035775,Krt20,ortholog_one2one
ENSG00000106785,TRIM14,ENSMUSG00000039853,Trim14,ortholog_one2one
ENSG00000180787,ZFP3,ENSMUSG00000043602,Zfp3,ortholog_one2one
ENSG00000049089,COL9A2,ENSMUSG00000028626,Col9a2,ortholog_one2one
ENSG00000131477,RAMP2,ENSMUSG00000001240,Ramp2,ortholog_one2one
ENSG00000107821,KAZALD1,ENSMUSG00000025213,Kazald1,ortholog_one2one
ENSG00000151665,PIGF,ENSMUSG00000024145,Pigf,ortholog_one2one
ENSG00000130165,ELOF1,ENSMUSG00000013822,Elof1,ortholog_one2one
ENSG00000174944,P2RY14,ENSMUSG00000036381,P2ry14,ortholog_one2one
ENSG00000107551,RASSF4,ENSMUSG00000042129,Rassf4,ortholog_one2one
ENSG00000095380,NANS,ENSMUSG00000028334,Nans,ortholog_one2one
ENSG00000088538,DOCK3,ENSMUSG00000039716,Dock3,ortholog_one2one
ENSG00000110756,HPS5,ENSMUSG00000014418,Hps5,ortholog_one2one
ENSG00000119878,CRIPT,ENSMUSG00000024146,Cript,ortholog_one2one
ENSG00000130204,TOMM40,ENSMUSG00000002984,Tomm40,ortholog_one2one
ENSG00000166529,ZSCAN21,ENSMUSG00000037017,Zscan21,ortholog_one2one
ENSG00000169599,NFU1,ENSMUSG00000029993,Nfu1,ortholog_one2one
ENSG00000275410,HNF1B,ENSMUSG00000020679,Hnf1b,ortholog_one2one
ENSG00000066923,STAG3,ENSMUSG00000036928,Stag3,ortholog_one2one
ENSG00000138496,PARP9,ENSMUSG00000022906,Parp9,ortholog_one2one
ENSG00000138185,ENTPD1,ENSMUSG00000048120,Entpd1,ortholog_one2one
ENSG00000132359,RAP1GAP2,ENSMUSG00000038807,Rap1gap2,ortholog_one2one
ENSG00000120341,SEC16B,ENSMUSG00000026589,Sec16b,ortholog_one2one
ENSG00000184887,BTBD6,ENSMUSG00000002803,Btbd6,ortholog_one2one
ENSG00000160951,PTGER1,ENSMUSG00000019464,Ptger1,ortholog_one2one
ENSG00000130734,ATG4D,ENSMUSG00000002820,Atg4d,ortholog_one2one
ENSG00000133961,NUMB,ENSMUSG00000021224,Numb,ortholog_one2one
ENSG00000171643,S100Z,ENSMUSG00000021679,S100z,ortholog_one2one
ENSG00000101986,ABCD1,ENSMUSG00000031378,Abcd1,ortholog_one2one
ENSG00000172244,C5orf34,ENSMUSG00000062822,4833420G17Rik,ortholog_one2one
ENSG00000165568,AKR1E2,ENSMUSG00000045410,Akr1e1,ortholog_one2one
ENSG00000157510,AFAP1L1,ENSMUSG00000033032,Afap1l1,ortholog_one2one
ENSG00000023171,GRAMD1B,ENSMUSG00000040111,Gramd1b,ortholog_one2one
ENSG00000067445,TRO,ENSMUSG00000025272,Tro,ortholog_one2one
ENSG00000108306,FBXL20,ENSMUSG00000020883,Fbxl20,ortholog_one2one
ENSG00000151575,TEX9,ENSMUSG00000090626,Tex9,ortholog_one2one
ENSG00000129990,SYT5,ENSMUSG00000004961,Syt5,ortholog_one2one
ENSG00000153044,CENPH,ENSMUSG00000045273,Cenph,ortholog_one2one
ENSG00000138587,MNS1,ENSMUSG00000032221,Mns1,ortholog_one2one
ENSG00000012822,CALCOCO1,ENSMUSG00000023055,Calcoco1,ortholog_one2one
ENSG00000253304,TMEM200B,ENSMUSG00000070720,Tmem200b,ortholog_one2one
ENSG00000166819,PLIN1,ENSMUSG00000030546,Plin1,ortholog_one2one
ENSG00000171992,SYNPO,ENSMUSG00000043079,Synpo,ortholog_one2one
ENSG00000180098,TRNAU1AP,ENSMUSG00000028898,Trnau1ap,ortholog_one2one
ENSG00000166167,BTRC,ENSMUSG00000025217,Btrc,ortholog_one2one
ENSG00000132846,ZBED3,ENSMUSG00000041995,Zbed3,ortholog_one2one
ENSG00000160570,DEDD2,ENSMUSG00000054499,Dedd2,ortholog_one2one
ENSG00000159784,FAM131B,ENSMUSG00000029861,Fam131b,ortholog_one2one
ENSG00000113594,LIFR,ENSMUSG00000054263,Lifr,ortholog_one2one
ENSG00000073861,TBX21,ENSMUSG00000001444,Tbx21,ortholog_one2one
ENSG00000198929,NOS1AP,ENSMUSG00000038473,Nos1ap,ortholog_one2one
ENSG00000161653,NAGS,ENSMUSG00000048217,Nags,ortholog_one2one
ENSG00000169251,NMD3,ENSMUSG00000027787,Nmd3,ortholog_one2one
ENSG00000128011,LRFN1,ENSMUSG00000030600,Lrfn1,ortholog_one2one
ENSG00000125648,SLC25A23,ENSMUSG00000046329,Slc25a23,ortholog_one2one
ENSG00000183742,MACC1,ENSMUSG00000041886,Macc1,ortholog_one2one
ENSG00000276231,PIK3R6,ENSMUSG00000046207,Pik3r6,ortholog_one2one
ENSG00000134193,REG4,ENSMUSG00000027876,Reg4,ortholog_one2one
ENSG00000115540,MOB4,ENSMUSG00000025979,Mob4,ortholog_one2one
ENSG00000134183,GNAT2,ENSMUSG00000009108,Gnat2,ortholog_one2one
ENSG00000050327,ARHGEF5,ENSMUSG00000033542,Arhgef5,ortholog_one2one
ENSG00000062725,APPBP2,ENSMUSG00000018481,Appbp2,ortholog_one2one
ENSG00000186994,KANK3,ENSMUSG00000042099,Kank3,ortholog_one2one
ENSG00000221914,PPP2R2A,ENSMUSG00000022052,Ppp2r2a,ortholog_one2one
ENSG00000198478,SH3BGRL2,ENSMUSG00000032261,Sh3bgrl2,ortholog_one2one
ENSG00000112339,HBS1L,ENSMUSG00000019977,Hbs1l,ortholog_one2one
ENSG00000162772,ATF3,ENSMUSG00000026628,Atf3,ortholog_one2one
ENSG00000156521,TYSND1,ENSMUSG00000020087,Tysnd1,ortholog_one2one
ENSG00000062194,GPBP1,ENSMUSG00000032745,Gpbp1,ortholog_one2one
ENSG00000156510,HKDC1,ENSMUSG00000020080,Hkdc1,ortholog_one2one
ENSG00000141040,ZNF287,ENSMUSG00000005267,Zfp287,ortholog_one2one
ENSG00000185518,SV2B,ENSMUSG00000053025,Sv2b,ortholog_one2one
ENSG00000142677,IL22RA1,ENSMUSG00000037157,Il22ra1,ortholog_one2one
ENSG00000179133,C10orf67,ENSMUSG00000026734,4921504E06Rik,ortholog_one2one
ENSG00000158457,TSPAN33,ENSMUSG00000001763,Tspan33,ortholog_one2one
ENSG00000260314,MRC1,ENSMUSG00000026712,Mrc1,ortholog_one2one
ENSG00000197106,SLC6A17,ENSMUSG00000027894,Slc6a17,ortholog_one2one
ENSG00000161647,MPP3,ENSMUSG00000052373,Mpp3,ortholog_one2one
ENSG00000042429,MED17,ENSMUSG00000031935,Med17,ortholog_one2one
ENSG00000213064,SFT2D2,ENSMUSG00000040848,Sft2d2,ortholog_one2one
ENSG00000106605,BLVRA,ENSMUSG00000001999,Blvra,ortholog_one2one
ENSG00000122224,LY9,ENSMUSG00000004707,Ly9,ortholog_one2one
ENSG00000035681,NSMAF,ENSMUSG00000028245,Nsmaf,ortholog_one2one
ENSG00000159322,ADPGK,ENSMUSG00000025236,Adpgk,ortholog_one2one
ENSG00000128482,RNF112,ENSMUSG00000010086,Rnf112,ortholog_one2one
ENSG00000132394,EEFSEC,ENSMUSG00000033216,Eefsec,ortholog_one2one
ENSG00000186591,UBE2H,ENSMUSG00000039159,Ube2h,ortholog_one2one
ENSG00000105409,ATP1A3,ENSMUSG00000040907,Atp1a3,ortholog_one2one
ENSG00000185787,MORF4L1,ENSMUSG00000062270,Morf4l1,ortholog_one2one
ENSG00000138448,ITGAV,ENSMUSG00000027087,Itgav,ortholog_one2one
ENSG00000143603,KCNN3,ENSMUSG00000000794,Kcnn3,ortholog_one2one
ENSG00000087365,SF3B2,ENSMUSG00000024853,Sf3b2,ortholog_one2one
ENSG00000147155,EBP,ENSMUSG00000031168,Ebp,ortholog_one2one
ENSG00000099282,TSPAN15,ENSMUSG00000037031,Tspan15,ortholog_one2one
ENSG00000169255,B3GALNT1,ENSMUSG00000043300,B3galnt1,ortholog_one2one
ENSG00000106123,EPHB6,ENSMUSG00000029869,Ephb6,ortholog_one2one
ENSG00000118729,CASQ2,ENSMUSG00000027861,Casq2,ortholog_one2one
ENSG00000198223,CSF2RA,ENSMUSG00000059326,Csf2ra,ortholog_one2one
ENSG00000117601,SERPINC1,ENSMUSG00000026715,Serpinc1,ortholog_one2one
ENSG00000005102,MEOX1,ENSMUSG00000001493,Meox1,ortholog_one2one
ENSG00000184831,APOO,ENSMUSG00000079508,Apoo,ortholog_one2one
ENSG00000109089,CDR2L,ENSMUSG00000050910,Cdr2l,ortholog_one2one
ENSG00000141560,FN3KRP,ENSMUSG00000039253,Fn3krp,ortholog_one2one
ENSG00000248485,PCP4L1,ENSMUSG00000038370,Pcp4l1,ortholog_one2one
ENSG00000157911,PEX10,ENSMUSG00000029047,Pex10,ortholog_one2one
ENSG00000165061,ZMAT4,ENSMUSG00000037492,Zmat4,ortholog_one2one
ENSG00000167363,FN3K,ENSMUSG00000025175,Fn3k,ortholog_one2one
ENSG00000013588,GPRC5A,ENSMUSG00000046733,Gprc5a,ortholog_one2one
ENSG00000117560,FASLG,ENSMUSG00000000817,Fasl,ortholog_one2one
ENSG00000131558,EXOC4,ENSMUSG00000029763,Exoc4,ortholog_one2one
ENSG00000180879,SSR4,ENSMUSG00000002014,Ssr4,ortholog_one2one
ENSG00000152465,NMT2,ENSMUSG00000026643,Nmt2,ortholog_one2one
ENSG00000010818,HIVEP2,ENSMUSG00000015501,Hivep2,ortholog_one2one
ENSG00000021852,C8B,ENSMUSG00000029656,C8b,ortholog_one2one
ENSG00000139218,SCAF11,ENSMUSG00000033228,Scaf11,ortholog_one2one
ENSG00000155189,AGPAT5,ENSMUSG00000031467,Agpat5,ortholog_one2one
ENSG00000132510,KDM6B,ENSMUSG00000018476,Kdm6b,ortholog_one2one
ENSG00000049249,TNFRSF9,ENSMUSG00000028965,Tnfrsf9,ortholog_one2one
ENSG00000233927,RPS28,ENSMUSG00000067288,Rps28,ortholog_one2one
ENSG00000137571,SLCO5A1,ENSMUSG00000025938,Slco5a1,ortholog_one2one
ENSG00000155906,RMND1,ENSMUSG00000019763,Rmnd1,ortholog_one2one
ENSG00000147383,NSDHL,ENSMUSG00000031349,Nsdhl,ortholog_one2one
ENSG00000171051,FPR1,ENSMUSG00000045551,Fpr1,ortholog_one2one
ENSG00000005007,UPF1,ENSMUSG00000058301,Upf1,ortholog_one2one
ENSG00000124523,SIRT5,ENSMUSG00000054021,Sirt5,ortholog_one2one
ENSG00000139180,NDUFA9,ENSMUSG00000000399,Ndufa9,ortholog_one2one
ENSG00000198915,RASGEF1A,ENSMUSG00000030134,Rasgef1a,ortholog_one2one
ENSG00000164754,RAD21,ENSMUSG00000022314,Rad21,ortholog_one2one
ENSG00000136449,MYCBPAP,ENSMUSG00000039110,Mycbpap,ortholog_one2one
ENSG00000105929,ATP6V0A4,ENSMUSG00000038600,Atp6v0a4,ortholog_one2one
ENSG00000105376,ICAM5,ENSMUSG00000032174,Icam5,ortholog_one2one
ENSG00000130956,HABP4,ENSMUSG00000021476,Habp4,ortholog_one2one
ENSG00000162426,SLC45A1,ENSMUSG00000039838,Slc45a1,ortholog_one2one
ENSG00000095637,SORBS1,ENSMUSG00000025006,Sorbs1,ortholog_one2one
ENSG00000126767,ELK1,ENSMUSG00000009406,Elk1,ortholog_one2one
ENSG00000127129,EDN2,ENSMUSG00000028635,Edn2,ortholog_one2one
ENSG00000131469,RPL27,ENSMUSG00000063316,Rpl27,ortholog_one2one
ENSG00000136908,DPM2,ENSMUSG00000026810,Dpm2,ortholog_one2one
ENSG00000096092,TMEM14A,ENSMUSG00000025933,Tmem14a,ortholog_one2one
ENSG00000117362,APH1A,ENSMUSG00000015750,Aph1a,ortholog_one2one
ENSG00000137857,DUOX1,ENSMUSG00000033268,Duox1,ortholog_one2one
ENSG00000174547,MRPL11,ENSMUSG00000024902,Mrpl11,ortholog_one2one
ENSG00000139537,CCDC65,ENSMUSG00000003354,Ccdc65,ortholog_one2one
ENSG00000112640,PPP2R5D,ENSMUSG00000059409,Ppp2r5d,ortholog_one2one
ENSG00000101955,SRPX,ENSMUSG00000090084,Srpx,ortholog_one2one
ENSG00000196363,WDR5,ENSMUSG00000026917,Wdr5,ortholog_one2one
ENSG00000239672,NME1,ENSMUSG00000037601,Nme1,ortholog_one2one
ENSG00000174437,ATP2A2,ENSMUSG00000029467,Atp2a2,ortholog_one2one
ENSG00000066382,MPPED2,ENSMUSG00000016386,Mpped2,ortholog_one2one
ENSG00000119778,ATAD2B,ENSMUSG00000052812,Atad2b,ortholog_one2one
ENSG00000187037,GPR141,ENSMUSG00000053101,Gpr141,ortholog_one2one
ENSG00000102024,PLS3,ENSMUSG00000016382,Pls3,ortholog_one2one
ENSG00000162391,FAM151A,ENSMUSG00000034871,Fam151a,ortholog_one2one
ENSG00000071564,TCF3,ENSMUSG00000020167,Tcf3,ortholog_one2one
ENSG00000188404,SELL,ENSMUSG00000026581,Sell,ortholog_one2one
ENSG00000146918,NCAPG2,ENSMUSG00000042029,Ncapg2,ortholog_one2one
ENSG00000178966,RMI1,ENSMUSG00000035367,Rmi1,ortholog_one2one
ENSG00000147416,ATP6V1B2,ENSMUSG00000006273,Atp6v1b2,ortholog_one2one
ENSG00000154146,NRGN,ENSMUSG00000053310,Nrgn,ortholog_one2one
ENSG00000108298,RPL19,ENSMUSG00000017404,Rpl19,ortholog_one2one
ENSG00000143653,SCCPDH,ENSMUSG00000038936,Sccpdh,ortholog_one2one
ENSG00000137760,ALKBH8,ENSMUSG00000025899,Alkbh8,ortholog_one2one
ENSG00000148334,PTGES2,ENSMUSG00000026820,Ptges2,ortholog_one2one
ENSG00000135900,MRPL44,ENSMUSG00000026248,Mrpl44,ortholog_one2one
ENSG00000153012,LGI2,ENSMUSG00000039252,Lgi2,ortholog_one2one
ENSG00000135439,AGAP2,ENSMUSG00000025422,Agap2,ortholog_one2one
ENSG00000135972,MRPS9,ENSMUSG00000060679,Mrps9,ortholog_one2one
ENSG00000150627,WDR17,ENSMUSG00000039375,Wdr17,ortholog_one2one
ENSG00000157106,SMG1,ENSMUSG00000030655,Smg1,ortholog_one2one
ENSG00000147642,SYBU,ENSMUSG00000022340,Sybu,ortholog_one2one
ENSG00000177105,RHOG,ENSMUSG00000073982,Rhog,ortholog_one2one
ENSG00000142675,CNKSR1,ENSMUSG00000028841,Cnksr1,ortholog_one2one
ENSG00000184557,SOCS3,ENSMUSG00000053113,Socs3,ortholog_one2one
ENSG00000186665,C17orf58,ENSMUSG00000078607,1810010H24Rik,ortholog_one2one
ENSG00000139631,CSAD,ENSMUSG00000023044,Csad,ortholog_one2one
ENSG00000174231,PRPF8,ENSMUSG00000020850,Prpf8,ortholog_one2one
ENSG00000113758,DBN1,ENSMUSG00000034675,Dbn1,ortholog_one2one
ENSG00000100767,PAPLN,ENSMUSG00000021223,Papln,ortholog_one2one
ENSG00000080345,RIF1,ENSMUSG00000036202,Rif1,ortholog_one2one
ENSG00000140557,ST8SIA2,ENSMUSG00000025789,St8sia2,ortholog_one2one
ENSG00000138802,SEC24B,ENSMUSG00000001052,Sec24b,ortholog_one2one
ENSG00000130595,TNNT3,ENSMUSG00000061723,Tnnt3,ortholog_one2one
ENSG00000137843,PAK6,ENSMUSG00000074923,Pak6,ortholog_one2one
ENSG00000068001,HYAL2,ENSMUSG00000010047,Hyal2,ortholog_one2one
ENSG00000147872,PLIN2,ENSMUSG00000028494,Plin2,ortholog_one2one
ENSG00000073578,SDHA,ENSMUSG00000021577,Sdha,ortholog_one2one
ENSG00000069329,VPS35,ENSMUSG00000031696,Vps35,ortholog_one2one
ENSG00000121542,SEC22A,ENSMUSG00000034473,Sec22a,ortholog_one2one
ENSG00000117090,SLAMF1,ENSMUSG00000015316,Slamf1,ortholog_one2one
ENSG00000187735,TCEA1,ENSMUSG00000033813,Tcea1,ortholog_one2one
ENSG00000137965,IFI44,ENSMUSG00000028037,Ifi44,ortholog_one2one
ENSG00000165548,TMEM63C,ENSMUSG00000034145,Tmem63c,ortholog_one2one
ENSG00000181885,CLDN7,ENSMUSG00000018569,Cldn7,ortholog_one2one
ENSG00000163539,CLASP2,ENSMUSG00000033392,Clasp2,ortholog_one2one
ENSG00000117174,ZNHIT6,ENSMUSG00000074182,Znhit6,ortholog_one2one
ENSG00000140254,DUOXA1,ENSMUSG00000027224,Duoxa1,ortholog_one2one
ENSG00000162551,ALPL,ENSMUSG00000028766,Alpl,ortholog_one2one
ENSG00000100889,PCK2,ENSMUSG00000040618,Pck2,ortholog_one2one
ENSG00000107263,RAPGEF1,ENSMUSG00000039844,Rapgef1,ortholog_one2one
ENSG00000121005,CRISPLD1,ENSMUSG00000025776,Crispld1,ortholog_one2one
ENSG00000165704,HPRT1,ENSMUSG00000025630,Hprt1,ortholog_one2one
ENSG00000174652,ZNF266,ENSMUSG00000060510,Zfp266,ortholog_one2one
ENSG00000256525,POLG2,ENSMUSG00000020718,Polg2,ortholog_one2one
ENSG00000140848,CPNE2,ENSMUSG00000034361,Cpne2,ortholog_one2one
ENSG00000143340,FAM163A,ENSMUSG00000015484,Fam163a,ortholog_one2one
ENSG00000154511,DIPK1A,ENSMUSG00000029270,Dipk1a,ortholog_one2one
ENSG00000114978,MOB1A,ENSMUSG00000043131,Mob1a,ortholog_one2one
ENSG00000143195,ILDR2,ENSMUSG00000040612,Ildr2,ortholog_one2one
ENSG00000258315,BACC1,ENSMUSG00000020831,Bacc1,ortholog_one2one
ENSG00000240857,RDH14,ENSMUSG00000020621,Rdh14,ortholog_one2one
ENSG00000152944,MED21,ENSMUSG00000030291,Med21,ortholog_one2one
ENSG00000135317,SNX14,ENSMUSG00000032422,Snx14,ortholog_one2one
ENSG00000143971,ETAA1,ENSMUSG00000016984,Etaa1,ortholog_one2one
ENSG00000158987,RAPGEF6,ENSMUSG00000037533,Rapgef6,ortholog_one2one
ENSG00000196505,GDAP2,ENSMUSG00000027865,Gdap2,ortholog_one2one
ENSG00000177303,CASKIN2,ENSMUSG00000034471,Caskin2,ortholog_one2one
ENSG00000198554,WDHD1,ENSMUSG00000037572,Wdhd1,ortholog_one2one
ENSG00000104825,NFKBIB,ENSMUSG00000030595,Nfkbib,ortholog_one2one
ENSG00000198522,GPN1,ENSMUSG00000064037,Gpn1,ortholog_one2one
ENSG00000075415,SLC25A3,ENSMUSG00000061904,Slc25a3,ortholog_one2one
ENSG00000128585,MKLN1,ENSMUSG00000025609,Mkln1,ortholog_one2one
ENSG00000023287,RB1CC1,ENSMUSG00000025907,Rb1cc1,ortholog_one2one
ENSG00000188786,MTF1,ENSMUSG00000028890,Mtf1,ortholog_one2one
ENSG00000012124,CD22,ENSMUSG00000030577,Cd22,ortholog_one2one
ENSG00000184860,SDR42E1,ENSMUSG00000034308,Sdr42e1,ortholog_one2one
ENSG00000196581,AJAP1,ENSMUSG00000039546,Ajap1,ortholog_one2one
ENSG00000189067,LITAF,ENSMUSG00000022500,Litaf,ortholog_one2one
ENSG00000106686,SPATA6L,ENSMUSG00000064202,Spata6l,ortholog_one2one
ENSG00000171033,PKIA,ENSMUSG00000027499,Pkia,ortholog_one2one
ENSG00000102226,USP11,ENSMUSG00000031066,Usp11,ortholog_one2one
ENSG00000168434,COG7,ENSMUSG00000034951,Cog7,ortholog_one2one
ENSG00000104213,PDGFRL,ENSMUSG00000031595,Pdgfrl,ortholog_one2one
ENSG00000136874,STX17,ENSMUSG00000061455,Stx17,ortholog_one2one
ENSG00000104267,CA2,ENSMUSG00000027562,Car2,ortholog_one2one
ENSG00000198265,HELZ,ENSMUSG00000020721,Helz,ortholog_one2one
ENSG00000106665,CLIP2,ENSMUSG00000063146,Clip2,ortholog_one2one
ENSG00000121022,COPS5,ENSMUSG00000025917,Cops5,ortholog_one2one
ENSG00000134247,PTGFRN,ENSMUSG00000027864,Ptgfrn,ortholog_one2one
ENSG00000198856,OSTC,ENSMUSG00000041084,Ostc,ortholog_one2one
ENSG00000162642,C1orf52,ENSMUSG00000036873,2410004B18Rik,ortholog_one2one
ENSG00000178537,SLC25A20,ENSMUSG00000032602,Slc25a20,ortholog_one2one
ENSG00000162676,GFI1,ENSMUSG00000029275,Gfi1,ortholog_one2one
ENSG00000239779,WBP1,ENSMUSG00000030035,Wbp1,ortholog_one2one
ENSG00000092036,HAUS4,ENSMUSG00000022177,Haus4,ortholog_one2one
ENSG00000138780,GSTCD,ENSMUSG00000028018,Gstcd,ortholog_one2one
ENSG00000104432,IL7,ENSMUSG00000040329,Il7,ortholog_one2one
ENSG00000122140,MRPS2,ENSMUSG00000035772,Mrps2,ortholog_one2one
ENSG00000163428,LRRC58,ENSMUSG00000034158,Lrrc58,ortholog_one2one
ENSG00000196465,MYL6B,ENSMUSG00000039824,Myl6b,ortholog_one2one
ENSG00000117425,PTCH2,ENSMUSG00000028681,Ptch2,ortholog_one2one
ENSG00000080819,CPOX,ENSMUSG00000022742,Cpox,ortholog_one2one
ENSG00000160446,ZDHHC12,ENSMUSG00000015335,Zdhhc12,ortholog_one2one
ENSG00000129422,MTUS1,ENSMUSG00000045636,Mtus1,ortholog_one2one
ENSG00000147166,ITGB1BP2,ENSMUSG00000031312,Itgb1bp2,ortholog_one2one
ENSG00000102962,CCL22,ENSMUSG00000031779,Ccl22,ortholog_one2one
ENSG00000134686,PHC2,ENSMUSG00000028796,Phc2,ortholog_one2one
ENSG00000134419,RPS15A,ENSMUSG00000008683,Rps15a,ortholog_one2one
ENSG00000198399,ITSN2,ENSMUSG00000020640,Itsn2,ortholog_one2one
ENSG00000172995,ARPP21,ENSMUSG00000032503,Arpp21,ortholog_one2one
ENSG00000104852,SNRNP70,ENSMUSG00000063511,Snrnp70,ortholog_one2one
ENSG00000147010,SH3KBP1,ENSMUSG00000040990,Sh3kbp1,ortholog_one2one
ENSG00000198000,NOL8,ENSMUSG00000021392,Nol8,ortholog_one2one
ENSG00000151247,EIF4E,ENSMUSG00000028156,Eif4e,ortholog_one2one
ENSG00000181264,TLCD5,ENSMUSG00000048503,Tlcd5,ortholog_one2one
ENSG00000136213,CHST12,ENSMUSG00000036599,Chst12,ortholog_one2one
ENSG00000188883,KLRG2,ENSMUSG00000071537,Klrg2,ortholog_one2one
ENSG00000148925,BTBD10,ENSMUSG00000038187,Btbd10,ortholog_one2one
ENSG00000262814,MRPL12,ENSMUSG00000039640,Mrpl12,ortholog_one2one
ENSG00000136250,AOAH,ENSMUSG00000021322,Aoah,ortholog_one2one
ENSG00000162687,KCNT2,ENSMUSG00000052726,Kcnt2,ortholog_one2one
ENSG00000133687,TMTC1,ENSMUSG00000030306,Tmtc1,ortholog_one2one
ENSG00000173826,KCNH6,ENSMUSG00000001901,Kcnh6,ortholog_one2one
ENSG00000090863,GLG1,ENSMUSG00000003316,Glg1,ortholog_one2one
ENSG00000161558,TMEM143,ENSMUSG00000002781,Tmem143,ortholog_one2one
ENSG00000113658,SMAD5,ENSMUSG00000021540,Smad5,ortholog_one2one
ENSG00000071127,WDR1,ENSMUSG00000005103,Wdr1,ortholog_one2one
ENSG00000167536,DHRS13,ENSMUSG00000020834,Dhrs13,ortholog_one2one
ENSG00000112685,EXOC2,ENSMUSG00000021357,Exoc2,ortholog_one2one
ENSG00000109103,UNC119,ENSMUSG00000002058,Unc119,ortholog_one2one
ENSG00000183160,TMEM119,ENSMUSG00000054675,Tmem119,ortholog_one2one
ENSG00000177706,FAM20C,ENSMUSG00000025854,Fam20c,ortholog_one2one
ENSG00000186185,KIF18B,ENSMUSG00000051378,Kif18b,ortholog_one2one
ENSG00000115875,SRSF7,ENSMUSG00000024097,Srsf7,ortholog_one2one
ENSG00000139714,MORN3,ENSMUSG00000029477,Morn3,ortholog_one2one
ENSG00000105072,C19orf44,ENSMUSG00000052794,1700030K09Rik,ortholog_one2one
ENSG00000033170,FUT8,ENSMUSG00000021065,Fut8,ortholog_one2one
ENSG00000168067,MAP4K2,ENSMUSG00000024948,Map4k2,ortholog_one2one
ENSG00000162931,TRIM17,ENSMUSG00000036964,Trim17,ortholog_one2one
ENSG00000185122,HSF1,ENSMUSG00000022556,Hsf1,ortholog_one2one
ENSG00000049130,KITLG,ENSMUSG00000019966,Kitl,ortholog_one2one
ENSG00000151726,ACSL1,ENSMUSG00000018796,Acsl1,ortholog_one2one
ENSG00000136840,ST6GALNAC4,ENSMUSG00000079442,St6galnac4,ortholog_one2one
ENSG00000185324,CDK10,ENSMUSG00000033862,Cdk10,ortholog_one2one
ENSG00000161654,LSM12,ENSMUSG00000020922,Lsm12,ortholog_one2one
ENSG00000203985,LDLRAD1,ENSMUSG00000070877,Ldlrad1,ortholog_one2one
ENSG00000124459,ZNF45,ENSMUSG00000074282,Zfp94,ortholog_one2one
ENSG00000108592,FTSJ3,ENSMUSG00000020706,Ftsj3,ortholog_one2one
ENSG00000086061,DNAJA1,ENSMUSG00000028410,Dnaja1,ortholog_one2one
ENSG00000141756,FKBP10,ENSMUSG00000001555,Fkbp10,ortholog_one2one
ENSG00000118733,OLFM3,ENSMUSG00000027965,Olfm3,ortholog_one2one
ENSG00000106113,CRHR2,ENSMUSG00000003476,Crhr2,ortholog_one2one
ENSG00000018510,AGPS,ENSMUSG00000042410,Agps,ortholog_one2one
ENSG00000158008,EXTL1,ENSMUSG00000028838,Extl1,ortholog_one2one
ENSG00000103375,AQP8,ENSMUSG00000030762,Aqp8,ortholog_one2one
ENSG00000137145,DENND4C,ENSMUSG00000038024,Dennd4c,ortholog_one2one
ENSG00000136999,CCN3,ENSMUSG00000037362,Ccn3,ortholog_one2one
ENSG00000140274,DUOXA2,ENSMUSG00000027225,Duoxa2,ortholog_one2one
ENSG00000186529,CYP4F3,ENSMUSG00000003484,Cyp4f18,ortholog_one2one
ENSG00000158869,FCER1G,ENSMUSG00000058715,Fcer1g,ortholog_one2one
ENSG00000172840,PDP2,ENSMUSG00000048371,Pdp2,ortholog_one2one
ENSG00000174226,SNX31,ENSMUSG00000013611,Snx31,ortholog_one2one
ENSG00000166946,CCNDBP1,ENSMUSG00000023572,Ccndbp1,ortholog_one2one
ENSG00000197147,LRRC8B,ENSMUSG00000070639,Lrrc8b,ortholog_one2one
ENSG00000111716,LDHB,ENSMUSG00000030246,Ldhb,ortholog_one2one
ENSG00000196449,YRDC,ENSMUSG00000028889,Yrdc,ortholog_one2one
ENSG00000125675,GRIA3,ENSMUSG00000001986,Gria3,ortholog_one2one
ENSG00000104763,ASAH1,ENSMUSG00000031591,Asah1,ortholog_one2one
ENSG00000090565,RAB11FIP3,ENSMUSG00000037098,Rab11fip3,ortholog_one2one
ENSG00000160678,S100A1,ENSMUSG00000044080,S100a1,ortholog_one2one
ENSG00000173914,RBM4B,ENSMUSG00000033760,Rbm4b,ortholog_one2one
ENSG00000136935,GOLGA1,ENSMUSG00000026754,Golga1,ortholog_one2one
ENSG00000166037,CEP57,ENSMUSG00000031922,Cep57,ortholog_one2one
ENSG00000134594,RAB33A,ENSMUSG00000031104,Rab33a,ortholog_one2one
ENSG00000123562,MORF4L2,ENSMUSG00000031422,Morf4l2,ortholog_one2one
ENSG00000115539,PDCL3,ENSMUSG00000026078,Pdcl3,ortholog_one2one
ENSG00000141562,NARF,ENSMUSG00000000056,Narf,ortholog_one2one
ENSG00000105894,PTN,ENSMUSG00000029838,Ptn,ortholog_one2one
ENSG00000126777,KTN1,ENSMUSG00000021843,Ktn1,ortholog_one2one
ENSG00000096088,PGC,ENSMUSG00000023987,Pgc,ortholog_one2one
ENSG00000121152,NCAPH,ENSMUSG00000034906,Ncaph,ortholog_one2one
ENSG00000130787,HIP1R,ENSMUSG00000000915,Hip1r,ortholog_one2one
ENSG00000172775,PSME3IP1,ENSMUSG00000031774,Psme3ip1,ortholog_one2one
ENSG00000128989,ARPP19,ENSMUSG00000007656,Arpp19,ortholog_one2one
ENSG00000112033,PPARD,ENSMUSG00000002250,Ppard,ortholog_one2one
ENSG00000104823,ECH1,ENSMUSG00000053898,Ech1,ortholog_one2one
ENSG00000146802,TMEM168,ENSMUSG00000029569,Tmem168,ortholog_one2one
ENSG00000113328,CCNG1,ENSMUSG00000020326,Ccng1,ortholog_one2one
ENSG00000128829,EIF2AK4,ENSMUSG00000005102,Eif2ak4,ortholog_one2one
ENSG00000107186,MPDZ,ENSMUSG00000028402,Mpdz,ortholog_one2one
ENSG00000134363,FST,ENSMUSG00000021765,Fst,ortholog_one2one
ENSG00000135387,CAPRIN1,ENSMUSG00000027184,Caprin1,ortholog_one2one
ENSG00000090674,MCOLN1,ENSMUSG00000004567,Mcoln1,ortholog_one2one
ENSG00000170296,GABARAP,ENSMUSG00000018567,Gabarap,ortholog_one2one
ENSG00000177879,AP3S1,ENSMUSG00000024480,Ap3s1,ortholog_one2one
ENSG00000143382,ADAMTSL4,ENSMUSG00000015850,Adamtsl4,ortholog_one2one
ENSG00000122507,BBS9,ENSMUSG00000035919,Bbs9,ortholog_one2one
ENSG00000102225,CDK16,ENSMUSG00000031065,Cdk16,ortholog_one2one
ENSG00000157500,APPL1,ENSMUSG00000040760,Appl1,ortholog_one2one
ENSG00000076382,SPAG5,ENSMUSG00000002055,Spag5,ortholog_one2one
ENSG00000168938,PPIC,ENSMUSG00000024538,Ppic,ortholog_one2one
ENSG00000181751,MACIR,ENSMUSG00000044768,Macir,ortholog_one2one
ENSG00000110955,ATP5F1B,ENSMUSG00000025393,Atp5f1b,ortholog_one2one
ENSG00000113643,RARS1,ENSMUSG00000018848,Rars1,ortholog_one2one
ENSG00000146426,TIAM2,ENSMUSG00000023800,Tiam2,ortholog_one2one
ENSG00000105221,AKT2,ENSMUSG00000004056,Akt2,ortholog_one2one
ENSG00000162695,SLC30A7,ENSMUSG00000054414,Slc30a7,ortholog_one2one
ENSG00000067221,STOML1,ENSMUSG00000032333,Stoml1,ortholog_one2one
ENSG00000158089,GALNT14,ENSMUSG00000024064,Galnt14,ortholog_one2one
ENSG00000134240,HMGCS2,ENSMUSG00000027875,Hmgcs2,ortholog_one2one
ENSG00000127325,BEST3,ENSMUSG00000020169,Best3,ortholog_one2one
ENSG00000174669,SLC29A2,ENSMUSG00000024891,Slc29a2,ortholog_one2one
ENSG00000163785,RYK,ENSMUSG00000032547,Ryk,ortholog_one2one
ENSG00000109066,TMEM104,ENSMUSG00000045980,Tmem104,ortholog_one2one
ENSG00000196660,SLC30A10,ENSMUSG00000026614,Slc30a10,ortholog_one2one
ENSG00000136425,CIB2,ENSMUSG00000037493,Cib2,ortholog_one2one
ENSG00000213047,DENND1B,ENSMUSG00000056268,Dennd1b,ortholog_one2one
ENSG00000135404,CD63,ENSMUSG00000025351,Cd63,ortholog_one2one
ENSG00000057019,DCBLD2,ENSMUSG00000035107,Dcbld2,ortholog_one2one
ENSG00000129255,MPDU1,ENSMUSG00000018761,Mpdu1,ortholog_one2one
ENSG00000181991,MRPS11,ENSMUSG00000030611,Mrps11,ortholog_one2one
ENSG00000151715,TMEM45B,ENSMUSG00000041737,Tmem45b,ortholog_one2one
ENSG00000140320,BAHD1,ENSMUSG00000040007,Bahd1,ortholog_one2one
ENSG00000084693,AGBL5,ENSMUSG00000029165,Agbl5,ortholog_one2one
ENSG00000144713,RPL32,ENSMUSG00000057841,Rpl32,ortholog_one2one
ENSG00000143067,ZNF697,ENSMUSG00000050064,Zfp697,ortholog_one2one
ENSG00000085382,HACE1,ENSMUSG00000038822,Hace1,ortholog_one2one
ENSG00000187678,SPRY4,ENSMUSG00000024427,Spry4,ortholog_one2one
ENSG00000157823,AP3S2,ENSMUSG00000063801,Ap3s2,ortholog_one2one
ENSG00000020922,MRE11,ENSMUSG00000031928,Mre11a,ortholog_one2one
ENSG00000113648,MACROH2A1,ENSMUSG00000015937,Macroh2a1,ortholog_one2one
ENSG00000228474,OST4,ENSMUSG00000038803,Ost4,ortholog_one2one
ENSG00000103196,CRISPLD2,ENSMUSG00000031825,Crispld2,ortholog_one2one
ENSG00000115738,ID2,ENSMUSG00000020644,Id2,ortholog_one2one
ENSG00000170275,CRTAP,ENSMUSG00000032431,Crtap,ortholog_one2one
ENSG00000152253,SPC25,ENSMUSG00000005233,Spc25,ortholog_one2one
ENSG00000141480,ARRB2,ENSMUSG00000060216,Arrb2,ortholog_one2one
ENSG00000114790,ARHGEF26,ENSMUSG00000036885,Arhgef26,ortholog_one2one
ENSG00000162396,PARS2,ENSMUSG00000043572,Pars2,ortholog_one2one
ENSG00000181754,AMIGO1,ENSMUSG00000050947,Amigo1,ortholog_one2one
ENSG00000052723,SIKE1,ENSMUSG00000027854,Sike1,ortholog_one2one
ENSG00000140395,SKIC8,ENSMUSG00000061559,Skic8,ortholog_one2one
ENSG00000186063,AIDA,ENSMUSG00000042901,Aida,ortholog_one2one
ENSG00000167701,GPT,ENSMUSG00000022546,Gpt,ortholog_one2one
ENSG00000180772,AGTR2,ENSMUSG00000068122,Agtr2,ortholog_one2one
ENSG00000184867,ARMCX2,ENSMUSG00000033436,Armcx2,ortholog_one2one
ENSG00000185278,ZBTB37,ENSMUSG00000043467,Zbtb37,ortholog_one2one
ENSG00000103197,TSC2,ENSMUSG00000002496,Tsc2,ortholog_one2one
ENSG00000158109,TPRG1L,ENSMUSG00000029030,Tprg1l,ortholog_one2one
ENSG00000198821,CD247,ENSMUSG00000005763,Cd247,ortholog_one2one
ENSG00000157150,TIMP4,ENSMUSG00000030317,Timp4,ortholog_one2one
ENSG00000115364,MRPL19,ENSMUSG00000030045,Mrpl19,ortholog_one2one
ENSG00000091527,CDV3,ENSMUSG00000032803,Cdv3,ortholog_one2one
ENSG00000140403,DNAJA4,ENSMUSG00000032285,Dnaja4,ortholog_one2one
ENSG00000168438,CDC40,ENSMUSG00000038446,Cdc40,ortholog_one2one
ENSG00000064225,ST3GAL6,ENSMUSG00000022747,St3gal6,ortholog_one2one
ENSG00000158874,APOA2,ENSMUSG00000005681,Apoa2,ortholog_one2one
ENSG00000115687,PASK,ENSMUSG00000026274,Pask,ortholog_one2one
ENSG00000105963,ADAP1,ENSMUSG00000056413,Adap1,ortholog_one2one
ENSG00000181195,PENK,ENSMUSG00000045573,Penk,ortholog_one2one
ENSG00000072818,ACAP1,ENSMUSG00000001588,Acap1,ortholog_one2one
ENSG00000170619,COMMD5,ENSMUSG00000055041,Commd5,ortholog_one2one
ENSG00000064995,TAF11,ENSMUSG00000024218,Taf11,ortholog_one2one
ENSG00000162702,ZNF281,ENSMUSG00000041483,Zfp281,ortholog_one2one
ENSG00000265491,RNF115,ENSMUSG00000028098,Rnf115,ortholog_one2one
ENSG00000147862,NFIB,ENSMUSG00000008575,Nfib,ortholog_one2one
ENSG00000140326,CDAN1,ENSMUSG00000027284,Cdan1,ortholog_one2one
ENSG00000026652,AGPAT4,ENSMUSG00000023827,Agpat4,ortholog_one2one
ENSG00000175482,POLD4,ENSMUSG00000024854,Pold4,ortholog_one2one
ENSG00000169972,PUSL1,ENSMUSG00000051557,Pusl1,ortholog_one2one
ENSG00000116833,NR5A2,ENSMUSG00000026398,Nr5a2,ortholog_one2one
ENSG00000149292,TTC12,ENSMUSG00000040219,Ttc12,ortholog_one2one
ENSG00000108839,ALOX12,ENSMUSG00000000320,Alox12,ortholog_one2one
ENSG00000131459,GFPT2,ENSMUSG00000020363,Gfpt2,ortholog_one2one
ENSG00000205189,ZBTB10,ENSMUSG00000069114,Zbtb10,ortholog_one2one
ENSG00000141349,G6PC3,ENSMUSG00000034793,G6pc3,ortholog_one2one
ENSG00000111203,ITFG2,ENSMUSG00000001518,Itfg2,ortholog_one2one
ENSG00000158806,NPM2,ENSMUSG00000047911,Npm2,ortholog_one2one
ENSG00000170315,UBB,ENSMUSG00000019505,Ubb,ortholog_one2one
ENSG00000142875,PRKACB,ENSMUSG00000005034,Prkacb,ortholog_one2one
ENSG00000175711,B3GNTL1,ENSMUSG00000046605,B3gntl1,ortholog_one2one
ENSG00000069431,ABCC9,ENSMUSG00000030249,Abcc9,ortholog_one2one
ENSG00000106462,EZH2,ENSMUSG00000029687,Ezh2,ortholog_one2one
ENSG00000163249,CCNYL1,ENSMUSG00000070871,Ccnyl1,ortholog_one2one
ENSG00000113048,MRPS27,ENSMUSG00000041632,Mrps27,ortholog_one2one
ENSG00000275835,TUBGCP5,ENSMUSG00000033790,Tubgcp5,ortholog_one2one
ENSG00000147457,CHMP7,ENSMUSG00000034190,Chmp7,ortholog_one2one
ENSG00000123609,NMI,ENSMUSG00000026946,Nmi,ortholog_one2one
ENSG00000163694,RBM47,ENSMUSG00000070780,Rbm47,ortholog_one2one
ENSG00000198612,COPS8,ENSMUSG00000034432,Cops8,ortholog_one2one
ENSG00000074370,ATP2A3,ENSMUSG00000020788,Atp2a3,ortholog_one2one
ENSG00000175229,GAL3ST3,ENSMUSG00000047658,Gal3st3,ortholog_one2one
ENSG00000130803,ZNF317,ENSMUSG00000057551,Zfp317,ortholog_one2one
ENSG00000198722,UNC13B,ENSMUSG00000028456,Unc13b,ortholog_one2one
ENSG00000173715,TOP6BL,ENSMUSG00000071691,Top6bl,ortholog_one2one
ENSG00000137819,PAQR5,ENSMUSG00000032278,Paqr5,ortholog_one2one
ENSG00000164855,TMEM184A,ENSMUSG00000036687,Tmem184a,ortholog_one2one
ENSG00000143252,SDHC,ENSMUSG00000058076,Sdhc,ortholog_one2one
ENSG00000144045,DQX1,ENSMUSG00000009145,Dqx1,ortholog_one2one
ENSG00000103876,FAH,ENSMUSG00000030630,Fah,ortholog_one2one
ENSG00000196345,ZKSCAN7,ENSMUSG00000063488,Zkscan7,ortholog_one2one
ENSG00000131730,CKMT2,ENSMUSG00000021622,Ckmt2,ortholog_one2one
ENSG00000135930,EIF4E2,ENSMUSG00000026254,Eif4e2,ortholog_one2one
ENSG00000174099,MSRB3,ENSMUSG00000051236,Msrb3,ortholog_one2one
ENSG00000143278,F13B,ENSMUSG00000026368,F13b,ortholog_one2one
ENSG00000138641,HERC3,ENSMUSG00000029804,Herc3,ortholog_one2one
ENSG00000132855,ANGPTL3,ENSMUSG00000028553,Angptl3,ortholog_one2one
ENSG00000136068,FLNB,ENSMUSG00000025278,Flnb,ortholog_one2one
ENSG00000164867,NOS3,ENSMUSG00000028978,Nos3,ortholog_one2one
ENSG00000179403,VWA1,ENSMUSG00000042116,Vwa1,ortholog_one2one
ENSG00000073331,ALPK1,ENSMUSG00000028028,Alpk1,ortholog_one2one
ENSG00000171385,KCND3,ENSMUSG00000040896,Kcnd3,ortholog_one2one
ENSG00000198369,SPRED2,ENSMUSG00000045671,Spred2,ortholog_one2one
ENSG00000176783,RUFY1,ENSMUSG00000020375,Rufy1,ortholog_one2one
ENSG00000068654,POLR1A,ENSMUSG00000049553,Polr1a,ortholog_one2one
ENSG00000108344,PSMD3,ENSMUSG00000017221,Psmd3,ortholog_one2one
ENSG00000007933,FMO3,ENSMUSG00000026691,Fmo3,ortholog_one2one
ENSG00000048342,CC2D2A,ENSMUSG00000039765,Cc2d2a,ortholog_one2one
ENSG00000179912,R3HDM2,ENSMUSG00000025404,R3hdm2,ortholog_one2one
ENSG00000203710,CR1,ENSMUSG00000016481,Cr1l,ortholog_one2one
ENSG00000169371,SNUPN,ENSMUSG00000055334,Snupn,ortholog_one2one
ENSG00000133574,GIMAP4,ENSMUSG00000054435,Gimap4,ortholog_one2one
ENSG00000110514,MADD,ENSMUSG00000040687,Madd,ortholog_one2one
ENSG00000171848,RRM2,ENSMUSG00000020649,Rrm2,ortholog_one2one
ENSG00000128563,PRKRIP1,ENSMUSG00000039737,Prkrip1,ortholog_one2one
ENSG00000064692,SNCAIP,ENSMUSG00000024534,Sncaip,ortholog_one2one
ENSG00000091136,LAMB1,ENSMUSG00000002900,Lamb1,ortholog_one2one
ENSG00000108830,RND2,ENSMUSG00000001313,Rnd2,ortholog_one2one
ENSG00000181690,PLAG1,ENSMUSG00000003282,Plag1,ortholog_one2one
ENSG00000181610,MRPS23,ENSMUSG00000023723,Mrps23,ortholog_one2one
ENSG00000133739,LRRCC1,ENSMUSG00000027550,Lrrcc1,ortholog_one2one
ENSG00000185527,PDE6G,ENSMUSG00000025386,Pde6g,ortholog_one2one
ENSG00000160551,TAOK1,ENSMUSG00000017291,Taok1,ortholog_one2one
ENSG00000152894,PTPRK,ENSMUSG00000019889,Ptprk,ortholog_one2one
ENSG00000143061,IGSF3,ENSMUSG00000042035,Igsf3,ortholog_one2one
ENSG00000109680,TBC1D19,ENSMUSG00000039178,Tbc1d19,ortholog_one2one
ENSG00000153317,ASAP1,ENSMUSG00000022377,Asap1,ortholog_one2one
ENSG00000181284,TMEM102,ENSMUSG00000089876,Tmem102,ortholog_one2one
ENSG00000166920,C15orf48,ENSMUSG00000033213,AA467197,ortholog_one2one
ENSG00000196730,DAPK1,ENSMUSG00000021559,Dapk1,ortholog_one2one
ENSG00000121101,TEX14,ENSMUSG00000010342,Tex14,ortholog_one2one
ENSG00000140497,SCAMP2,ENSMUSG00000040188,Scamp2,ortholog_one2one
ENSG00000121316,PLBD1,ENSMUSG00000030214,Plbd1,ortholog_one2one
ENSG00000124383,MPHOSPH10,ENSMUSG00000030521,Mphosph10,ortholog_one2one
ENSG00000085831,TTC39A,ENSMUSG00000028555,Ttc39a,ortholog_one2one
ENSG00000153561,RMND5A,ENSMUSG00000002222,Rmnd5a,ortholog_one2one
ENSG00000111481,COPZ1,ENSMUSG00000060992,Copz1,ortholog_one2one
ENSG00000021574,SPAST,ENSMUSG00000024068,Spast,ortholog_one2one
ENSG00000068745,IP6K2,ENSMUSG00000032599,Ip6k2,ortholog_one2one
ENSG00000092531,SNAP23,ENSMUSG00000027287,Snap23,ortholog_one2one
ENSG00000104537,ANXA13,ENSMUSG00000055114,Anxa13,ortholog_one2one
ENSG00000155959,VBP1,ENSMUSG00000031197,Vbp1,ortholog_one2one
ENSG00000171566,PLRG1,ENSMUSG00000027998,Plrg1,ortholog_one2one
ENSG00000170577,SIX2,ENSMUSG00000024134,Six2,ortholog_one2one
ENSG00000171227,TMEM37,ENSMUSG00000050777,Tmem37,ortholog_one2one
ENSG00000089685,BIRC5,ENSMUSG00000017716,Birc5,ortholog_one2one
ENSG00000115825,PRKD3,ENSMUSG00000024070,Prkd3,ortholog_one2one
ENSG00000175727,MLXIP,ENSMUSG00000038342,Mlxip,ortholog_one2one
ENSG00000154589,LY96,ENSMUSG00000025779,Ly96,ortholog_one2one
ENSG00000164211,STARD4,ENSMUSG00000024378,Stard4,ortholog_one2one
ENSG00000136960,ENPP2,ENSMUSG00000022425,Enpp2,ortholog_one2one
ENSG00000133275,CSNK1G2,ENSMUSG00000003345,Csnk1g2,ortholog_one2one
ENSG00000185753,CXorf38,ENSMUSG00000044148,1810030O07Rik,ortholog_one2one
ENSG00000109016,DHRS7B,ENSMUSG00000042569,Dhrs7b,ortholog_one2one
ENSG00000179299,NSUN7,ENSMUSG00000029206,Nsun7,ortholog_one2one
ENSG00000182492,BGN,ENSMUSG00000031375,Bgn,ortholog_one2one
ENSG00000131096,PYY,ENSMUSG00000017311,Pyy,ortholog_one2one
ENSG00000141027,NCOR1,ENSMUSG00000018501,Ncor1,ortholog_one2one
ENSG00000119231,SENP5,ENSMUSG00000022772,Senp5,ortholog_one2one
ENSG00000154162,CDH12,ENSMUSG00000040452,Cdh12,ortholog_one2one
ENSG00000089248,ERP29,ENSMUSG00000029616,Erp29,ortholog_one2one
ENSG00000198055,GRK6,ENSMUSG00000074886,Grk6,ortholog_one2one
ENSG00000138674,SEC31A,ENSMUSG00000035325,Sec31a,ortholog_one2one
ENSG00000131370,SH3BP5,ENSMUSG00000021892,Sh3bp5,ortholog_one2one
ENSG00000161638,ITGA5,ENSMUSG00000000555,Itga5,ortholog_one2one
ENSG00000058404,CAMK2B,ENSMUSG00000057897,Camk2b,ortholog_one2one
ENSG00000124486,USP9X,ENSMUSG00000031010,Usp9x,ortholog_one2one
ENSG00000172339,ALG14,ENSMUSG00000039887,Alg14,ortholog_one2one
ENSG00000131747,TOP2A,ENSMUSG00000020914,Top2a,ortholog_one2one
ENSG00000116299,ELAPOR1,ENSMUSG00000040412,Elapor1,ortholog_one2one
ENSG00000130475,FCHO1,ENSMUSG00000070000,Fcho1,ortholog_one2one
ENSG00000183571,PGPEP1L,ENSMUSG00000030553,Pgpep1l,ortholog_one2one
ENSG00000103942,HOMER2,ENSMUSG00000025813,Homer2,ortholog_one2one
ENSG00000004897,CDC27,ENSMUSG00000020687,Cdc27,ortholog_one2one
ENSG00000151353,TMEM18,ENSMUSG00000043061,Tmem18,ortholog_one2one
ENSG00000089225,TBX5,ENSMUSG00000018263,Tbx5,ortholog_one2one
ENSG00000135924,DNAJB2,ENSMUSG00000026203,Dnajb2,ortholog_one2one
ENSG00000167178,ISLR2,ENSMUSG00000051243,Islr2,ortholog_one2one
ENSG00000156802,ATAD2,ENSMUSG00000022360,Atad2,ortholog_one2one
ENSG00000120727,PAIP2,ENSMUSG00000037058,Paip2,ortholog_one2one
ENSG00000140470,ADAMTS17,ENSMUSG00000058145,Adamts17,ortholog_one2one
ENSG00000114867,EIF4G1,ENSMUSG00000045983,Eif4g1,ortholog_one2one
ENSG00000116030,SUMO1,ENSMUSG00000026021,Sumo1,ortholog_one2one
ENSG00000187325,TAF9B,ENSMUSG00000047242,Taf9b,ortholog_one2one
ENSG00000185551,NR2F2,ENSMUSG00000030551,Nr2f2,ortholog_one2one
ENSG00000001497,LAS1L,ENSMUSG00000057421,Las1l,ortholog_one2one
ENSG00000186628,FSD2,ENSMUSG00000038663,Fsd2,ortholog_one2one
ENSG00000090104,RGS1,ENSMUSG00000026358,Rgs1,ortholog_one2one
ENSG00000136045,PWP1,ENSMUSG00000001785,Pwp1,ortholog_one2one
ENSG00000204815,ODAD4,ENSMUSG00000006784,Odad4,ortholog_one2one
ENSG00000066583,ISOC1,ENSMUSG00000024601,Isoc1,ortholog_one2one
ENSG00000169242,EFNA1,ENSMUSG00000027954,Efna1,ortholog_one2one
ENSG00000167105,TMEM92,ENSMUSG00000075610,Tmem92,ortholog_one2one
ENSG00000113578,FGF1,ENSMUSG00000036585,Fgf1,ortholog_one2one
ENSG00000104611,SH2D4A,ENSMUSG00000053886,Sh2d4a,ortholog_one2one
ENSG00000162777,DENND2D,ENSMUSG00000027901,Dennd2d,ortholog_one2one
ENSG00000169764,UGP2,ENSMUSG00000001891,Ugp2,ortholog_one2one
ENSG00000108849,PPY,ENSMUSG00000017316,Ppy,ortholog_one2one
ENSG00000187742,SECISBP2,ENSMUSG00000035139,Secisbp2,ortholog_one2one
ENSG00000109083,IFT20,ENSMUSG00000001105,Ift20,ortholog_one2one
ENSG00000103353,UBFD1,ENSMUSG00000030870,Ubfd1,ortholog_one2one
ENSG00000163154,TNFAIP8L2,ENSMUSG00000013707,Tnfaip8l2,ortholog_one2one
ENSG00000116704,SLC35D1,ENSMUSG00000028521,Slc35d1,ortholog_one2one
ENSG00000160972,PPP1R16A,ENSMUSG00000033819,Ppp1r16a,ortholog_one2one
ENSG00000135424,ITGA7,ENSMUSG00000025348,Itga7,ortholog_one2one
ENSG00000174010,KLHL15,ENSMUSG00000043929,Klhl15,ortholog_one2one
ENSG00000116218,NPHS2,ENSMUSG00000026602,Nphs2,ortholog_one2one
ENSG00000101868,POLA1,ENSMUSG00000006678,Pola1,ortholog_one2one
ENSG00000103319,EEF2K,ENSMUSG00000035064,Eef2k,ortholog_one2one
ENSG00000117091,CD48,ENSMUSG00000015355,Cd48,ortholog_one2one
ENSG00000166887,VPS39,ENSMUSG00000027291,Vps39,ortholog_one2one
ENSG00000178307,TMEM11,ENSMUSG00000043284,Tmem11,ortholog_one2one
ENSG00000188910,GJB3,ENSMUSG00000042367,Gjb3,ortholog_one2one
ENSG00000185722,ANKFY1,ENSMUSG00000020790,Ankfy1,ortholog_one2one
ENSG00000112186,CAP2,ENSMUSG00000021373,Cap2,ortholog_one2one
ENSG00000075391,RASAL2,ENSMUSG00000070565,Rasal2,ortholog_one2one
ENSG00000055163,CYFIP2,ENSMUSG00000020340,Cyfip2,ortholog_one2one
ENSG00000141084,RANBP10,ENSMUSG00000037415,Ranbp10,ortholog_one2one
ENSG00000143167,GPA33,ENSMUSG00000000544,Gpa33,ortholog_one2one
ENSG00000148384,INPP5E,ENSMUSG00000026925,Inpp5e,ortholog_one2one
ENSG00000072310,SREBF1,ENSMUSG00000020538,Srebf1,ortholog_one2one
ENSG00000147180,ZNF711,ENSMUSG00000025529,Zfp711,ortholog_one2one
ENSG00000267206,LCN6,ENSMUSG00000045684,Lcn6,ortholog_one2one
ENSG00000006555,TTC22,ENSMUSG00000034919,Ttc22,ortholog_one2one
ENSG00000106868,SUSD1,ENSMUSG00000038578,Susd1,ortholog_one2one
ENSG00000119280,C1orf198,ENSMUSG00000031983,2310022B05Rik,ortholog_one2one
ENSG00000198734,F5,ENSMUSG00000026579,F5,ortholog_one2one
ENSG00000091651,ORC6,ENSMUSG00000031697,Orc6,ortholog_one2one
ENSG00000128656,CHN1,ENSMUSG00000056486,Chn1,ortholog_one2one
ENSG00000050820,BCAR1,ENSMUSG00000031955,Bcar1,ortholog_one2one
ENSG00000182220,ATP6AP2,ENSMUSG00000031007,Atp6ap2,ortholog_one2one
ENSG00000143257,NR1I3,ENSMUSG00000005677,Nr1i3,ortholog_one2one
ENSG00000103852,TTC23,ENSMUSG00000030555,Ttc23,ortholog_one2one
ENSG00000167863,ATP5PD,ENSMUSG00000034566,Atp5pd,ortholog_one2one
ENSG00000221829,FANCG,ENSMUSG00000028453,Fancg,ortholog_one2one
ENSG00000178188,SH2B1,ENSMUSG00000030733,Sh2b1,ortholog_one2one
ENSG00000147475,ERLIN2,ENSMUSG00000031483,Erlin2,ortholog_one2one
ENSG00000181315,ZNF322,ENSMUSG00000046351,Zfp322a,ortholog_one2one
ENSG00000119777,TMEM214,ENSMUSG00000038828,Tmem214,ortholog_one2one
ENSG00000153721,CNKSR3,ENSMUSG00000015202,Cnksr3,ortholog_one2one
ENSG00000168096,ANKS3,ENSMUSG00000022515,Anks3,ortholog_one2one
ENSG00000161298,ZNF382,ENSMUSG00000074220,Zfp382,ortholog_one2one
ENSG00000086666,ZFAND6,ENSMUSG00000030629,Zfand6,ortholog_one2one
ENSG00000112062,MAPK14,ENSMUSG00000053436,Mapk14,ortholog_one2one
ENSG00000095059,DHPS,ENSMUSG00000060038,Dhps,ortholog_one2one
ENSG00000160445,ZER1,ENSMUSG00000039686,Zer1,ortholog_one2one
ENSG00000179950,PUF60,ENSMUSG00000002524,Puf60,ortholog_one2one
ENSG00000095906,NUBP2,ENSMUSG00000039183,Nubp2,ortholog_one2one
ENSG00000185236,RAB11B,ENSMUSG00000077450,Rab11b,ortholog_one2one
ENSG00000074047,GLI2,ENSMUSG00000048402,Gli2,ortholog_one2one
ENSG00000135486,HNRNPA1,ENSMUSG00000046434,Hnrnpa1,ortholog_one2one
ENSG00000099866,MADCAM1,ENSMUSG00000020310,Madcam1,ortholog_one2one
ENSG00000119888,EPCAM,ENSMUSG00000045394,Epcam,ortholog_one2one
ENSG00000183048,SLC25A10,ENSMUSG00000025792,Slc25a10,ortholog_one2one
ENSG00000172432,GTPBP2,ENSMUSG00000023952,Gtpbp2,ortholog_one2one
ENSG00000129636,ITFG1,ENSMUSG00000031703,Itfg1,ortholog_one2one
ENSG00000124491,F13A1,ENSMUSG00000039109,F13a1,ortholog_one2one
ENSG00000187595,ZNF385C,ENSMUSG00000014198,Zfp385c,ortholog_one2one
ENSG00000187210,GCNT1,ENSMUSG00000038843,Gcnt1,ortholog_one2one
ENSG00000213977,TAX1BP3,ENSMUSG00000040158,Tax1bp3,ortholog_one2one
ENSG00000007312,CD79B,ENSMUSG00000040592,Cd79b,ortholog_one2one
ENSG00000163214,DHX57,ENSMUSG00000035051,Dhx57,ortholog_one2one
ENSG00000112699,GMDS,ENSMUSG00000038372,Gmds,ortholog_one2one
ENSG00000106723,SPIN1,ENSMUSG00000021395,Spin1,ortholog_one2one
ENSG00000169683,LRRC45,ENSMUSG00000025145,Lrrc45,ortholog_one2one
ENSG00000111817,DSE,ENSMUSG00000039497,Dse,ortholog_one2one
ENSG00000116857,TMEM9,ENSMUSG00000026411,Tmem9,ortholog_one2one
ENSG00000162076,FLYWCH2,ENSMUSG00000023911,Flywch2,ortholog_one2one
ENSG00000115944,COX7A2L,ENSMUSG00000024248,Cox7a2l,ortholog_one2one
ENSG00000169217,CD2BP2,ENSMUSG00000042502,Cd2bp2,ortholog_one2one
ENSG00000011485,PPP5C,ENSMUSG00000003099,Ppp5c,ortholog_one2one
ENSG00000169896,ITGAM,ENSMUSG00000030786,Itgam,ortholog_one2one
ENSG00000176390,CRLF3,ENSMUSG00000017561,Crlf3,ortholog_one2one
ENSG00000165071,TMEM71,ENSMUSG00000036944,Tmem71,ortholog_one2one
ENSG00000254685,FPGT,ENSMUSG00000053870,Fpgt,ortholog_one2one
ENSG00000176978,DPP7,ENSMUSG00000026958,Dpp7,ortholog_one2one
ENSG00000115355,CCDC88A,ENSMUSG00000032740,Ccdc88a,ortholog_one2one
ENSG00000136463,TACO1,ENSMUSG00000001983,Taco1,ortholog_one2one
ENSG00000116981,NT5C1A,ENSMUSG00000054958,Nt5c1a,ortholog_one2one
ENSG00000139053,PDE6H,ENSMUSG00000064330,Pde6h,ortholog_one2one
ENSG00000075461,CACNG4,ENSMUSG00000020723,Cacng4,ortholog_one2one
ENSG00000203724,C1orf53,ENSMUSG00000079283,2310009B15Rik,ortholog_one2one
ENSG00000188522,FAM83G,ENSMUSG00000042377,Fam83g,ortholog_one2one
ENSG00000133878,DUSP26,ENSMUSG00000039661,Dusp26,ortholog_one2one
ENSG00000087470,DNM1L,ENSMUSG00000022789,Dnm1l,ortholog_one2one
ENSG00000179526,SHARPIN,ENSMUSG00000022552,Sharpin,ortholog_one2one
ENSG00000169862,CTNND2,ENSMUSG00000022240,Ctnnd2,ortholog_one2one
ENSG00000108468,CBX1,ENSMUSG00000018666,Cbx1,ortholog_one2one
ENSG00000119487,MAPKAP1,ENSMUSG00000038696,Mapkap1,ortholog_one2one
ENSG00000117834,SLC5A9,ENSMUSG00000028544,Slc5a9,ortholog_one2one
ENSG00000167258,CDK12,ENSMUSG00000003119,Cdk12,ortholog_one2one
ENSG00000103269,RHBDL1,ENSMUSG00000025735,Rhbdl1,ortholog_one2one
ENSG00000164929,BAALC,ENSMUSG00000022296,Baalc,ortholog_one2one
ENSG00000179632,MAF1,ENSMUSG00000022553,Maf1,ortholog_one2one
ENSG00000175832,ETV4,ENSMUSG00000017724,Etv4,ortholog_one2one
ENSG00000040199,PHLPP2,ENSMUSG00000031732,Phlpp2,ortholog_one2one
ENSG00000126266,FFAR1,ENSMUSG00000044453,Ffar1,ortholog_one2one
ENSG00000198816,ZNF358,ENSMUSG00000047264,Zfp358,ortholog_one2one
ENSG00000167671,UBXN6,ENSMUSG00000019578,Ubxn6,ortholog_one2one
ENSG00000183010,PYCR1,ENSMUSG00000025140,Pycr1,ortholog_one2one
ENSG00000104450,SPAG1,ENSMUSG00000037617,Spag1,ortholog_one2one
ENSG00000156885,COX6A2,ENSMUSG00000030785,Cox6a2,ortholog_one2one
ENSG00000119392,GLE1,ENSMUSG00000019715,Gle1,ortholog_one2one
ENSG00000103175,WFDC1,ENSMUSG00000023336,Wfdc1,ortholog_one2one
ENSG00000078070,MCCC1,ENSMUSG00000027709,Mccc1,ortholog_one2one
ENSG00000158106,RHPN1,ENSMUSG00000022580,Rhpn1,ortholog_one2one
ENSG00000103485,QPRT,ENSMUSG00000030674,Qprt,ortholog_one2one
ENSG00000130520,LSM4,ENSMUSG00000031848,Lsm4,ortholog_one2one
ENSG00000122203,KIAA1191,ENSMUSG00000025871,4833439L19Rik,ortholog_one2one
ENSG00000142208,AKT1,ENSMUSG00000001729,Akt1,ortholog_one2one
ENSG00000141002,TCF25,ENSMUSG00000001472,Tcf25,ortholog_one2one
ENSG00000130517,PGPEP1,ENSMUSG00000056204,Pgpep1,ortholog_one2one
ENSG00000130726,TRIM28,ENSMUSG00000005566,Trim28,ortholog_one2one
ENSG00000177570,SAMD12,ENSMUSG00000058656,Samd12,ortholog_one2one
ENSG00000187955,COL14A1,ENSMUSG00000022371,Col14a1,ortholog_one2one
ENSG00000105819,PMPCB,ENSMUSG00000029017,Pmpcb,ortholog_one2one
ENSG00000124532,MRS2,ENSMUSG00000021339,Mrs2,ortholog_one2one
ENSG00000222046,DCDC2B,ENSMUSG00000078552,Dcdc2b,ortholog_one2one
ENSG00000198898,CAPZA2,ENSMUSG00000015733,Capza2,ortholog_one2one
ENSG00000187607,ZNF286A,ENSMUSG00000047342,Zfp286,ortholog_one2one
ENSG00000116337,AMPD2,ENSMUSG00000027889,Ampd2,ortholog_one2one
ENSG00000131844,MCCC2,ENSMUSG00000021646,Mccc2,ortholog_one2one
ENSG00000034693,PEX3,ENSMUSG00000019809,Pex3,ortholog_one2one
ENSG00000113387,SUB1,ENSMUSG00000022205,Sub1,ortholog_one2one
ENSG00000204386,NEU1,ENSMUSG00000007038,Neu1,ortholog_one2one
ENSG00000159840,ZYX,ENSMUSG00000029860,Zyx,ortholog_one2one
ENSG00000116138,DNAJC16,ENSMUSG00000040697,Dnajc16,ortholog_one2one
ENSG00000111885,MAN1A1,ENSMUSG00000003746,Man1a,ortholog_one2one
ENSG00000204569,PPP1R10,ENSMUSG00000039220,Ppp1r10,ortholog_one2one
ENSG00000196123,MATCAP1,ENSMUSG00000014837,Matcap1,ortholog_one2one
ENSG00000213024,NUP62,ENSMUSG00000109511,Nup62,ortholog_one2one
ENSG00000136492,BRIP1,ENSMUSG00000034329,Brip1,ortholog_one2one
ENSG00000160932,LY6E,ENSMUSG00000022587,Ly6e,ortholog_one2one
ENSG00000103018,CYB5B,ENSMUSG00000031924,Cyb5b,ortholog_one2one
ENSG00000012223,LTF,ENSMUSG00000032496,Ltf,ortholog_one2one
ENSG00000140939,NOL3,ENSMUSG00000014776,Nol3,ortholog_one2one
ENSG00000138594,TMOD3,ENSMUSG00000058587,Tmod3,ortholog_one2one
ENSG00000164649,CDCA7L,ENSMUSG00000021175,Cdca7l,ortholog_one2one
ENSG00000182768,NGRN,ENSMUSG00000047084,Ngrn,ortholog_one2one
ENSG00000113108,APBB3,ENSMUSG00000117679,Apbb3,ortholog_one2one
ENSG00000178741,COX5A,ENSMUSG00000000088,Cox5a,ortholog_one2one
ENSG00000118432,CNR1,ENSMUSG00000044288,Cnr1,ortholog_one2one
ENSG00000007384,RHBDF1,ENSMUSG00000020282,Rhbdf1,ortholog_one2one
ENSG00000264522,OTUD7B,ENSMUSG00000038495,Otud7b,ortholog_one2one
ENSG00000103742,IGDCC4,ENSMUSG00000032816,Igdcc4,ortholog_one2one
ENSG00000135338,LCA5,ENSMUSG00000032258,Lca5,ortholog_one2one
ENSG00000278845,MRPL45,ENSMUSG00000018882,Mrpl45,ortholog_one2one
ENSG00000123136,DDX39A,ENSMUSG00000005481,Ddx39a,ortholog_one2one
ENSG00000111897,SERINC1,ENSMUSG00000019877,Serinc1,ortholog_one2one
ENSG00000167889,MGAT5B,ENSMUSG00000043857,Mgat5b,ortholog_one2one
ENSG00000140563,MCTP2,ENSMUSG00000032776,Mctp2,ortholog_one2one
ENSG00000186231,KLHL32,ENSMUSG00000040387,Klhl32,ortholog_one2one
ENSG00000117650,NEK2,ENSMUSG00000026622,Nek2,ortholog_one2one
ENSG00000213339,QTRT1,ENSMUSG00000002825,Qtrt1,ortholog_one2one
ENSG00000112769,LAMA4,ENSMUSG00000019846,Lama4,ortholog_one2one
ENSG00000106069,CHN2,ENSMUSG00000004633,Chn2,ortholog_one2one
ENSG00000139174,PRICKLE1,ENSMUSG00000036158,Prickle1,ortholog_one2one
ENSG00000114446,IFT57,ENSMUSG00000032965,Ift57,ortholog_one2one
ENSG00000166938,DIS3L,ENSMUSG00000032396,Dis3l,ortholog_one2one
ENSG00000104313,EYA1,ENSMUSG00000025932,Eya1,ortholog_one2one
ENSG00000184925,LCN12,ENSMUSG00000026943,Lcn12,ortholog_one2one
ENSG00000131373,HACL1,ENSMUSG00000021884,Hacl1,ortholog_one2one
ENSG00000103522,IL21R,ENSMUSG00000030745,Il21r,ortholog_one2one
ENSG00000160271,RALGDS,ENSMUSG00000026821,Ralgds,ortholog_one2one
ENSG00000213523,SRA1,ENSMUSG00000006050,Sra1,ortholog_one2one
ENSG00000239789,MRPS17,ENSMUSG00000034211,Mrps17,ortholog_one2one
ENSG00000100938,GMPR2,ENSMUSG00000002326,Gmpr2,ortholog_one2one
ENSG00000059122,FLYWCH1,ENSMUSG00000040097,Flywch1,ortholog_one2one
ENSG00000172009,THOP1,ENSMUSG00000004929,Thop1,ortholog_one2one
ENSG00000004799,PDK4,ENSMUSG00000019577,Pdk4,ortholog_one2one
ENSG00000110717,NDUFS8,ENSMUSG00000059734,Ndufs8,ortholog_one2one
ENSG00000073417,PDE8A,ENSMUSG00000025584,Pde8a,ortholog_one2one
ENSG00000116062,MSH6,ENSMUSG00000005370,Msh6,ortholog_one2one
ENSG00000169750,RAC3,ENSMUSG00000018012,Rac3,ortholog_one2one
ENSG00000145882,PCYOX1L,ENSMUSG00000024579,Pcyox1l,ortholog_one2one
ENSG00000146809,ASB15,ENSMUSG00000029685,Asb15,ortholog_one2one
ENSG00000164253,WDR41,ENSMUSG00000042015,Wdr41,ortholog_one2one
ENSG00000166860,ZBTB39,ENSMUSG00000044617,Zbtb39,ortholog_one2one
ENSG00000172375,C2CD2L,ENSMUSG00000032120,C2cd2l,ortholog_one2one
ENSG00000132478,UNK,ENSMUSG00000020770,Unk,ortholog_one2one
ENSG00000175203,DCTN2,ENSMUSG00000025410,Dctn2,ortholog_one2one
ENSG00000077238,IL4R,ENSMUSG00000030748,Il4ra,ortholog_one2one
ENSG00000159217,IGF2BP1,ENSMUSG00000013415,Igf2bp1,ortholog_one2one
ENSG00000128536,CDHR3,ENSMUSG00000035860,Cdhr3,ortholog_one2one
ENSG00000166484,MAPK7,ENSMUSG00000001034,Mapk7,ortholog_one2one
ENSG00000161677,JOSD2,ENSMUSG00000038695,Josd2,ortholog_one2one
ENSG00000157764,BRAF,ENSMUSG00000002413,Braf,ortholog_one2one
ENSG00000115073,ACTR1B,ENSMUSG00000037351,Actr1b,ortholog_one2one
ENSG00000147443,DOK2,ENSMUSG00000022102,Dok2,ortholog_one2one
ENSG00000162366,PDZK1IP1,ENSMUSG00000028716,Pdzk1ip1,ortholog_one2one
ENSG00000105612,DNASE2,ENSMUSG00000003812,Dnase2a,ortholog_one2one
ENSG00000111364,DDX55,ENSMUSG00000029389,Ddx55,ortholog_one2one
ENSG00000152760,DYNLT5,ENSMUSG00000028523,Dynlt5,ortholog_one2one
ENSG00000120318,ARAP3,ENSMUSG00000024451,Arap3,ortholog_one2one
ENSG00000164758,MED30,ENSMUSG00000038622,Med30,ortholog_one2one
ENSG00000176994,SMCR8,ENSMUSG00000049323,Smcr8,ortholog_one2one
ENSG00000140488,CELF6,ENSMUSG00000032297,Celf6,ortholog_one2one
ENSG00000004455,AK2,ENSMUSG00000028792,Ak2,ortholog_one2one
ENSG00000156831,NSMCE2,ENSMUSG00000059586,Nsmce2,ortholog_one2one
ENSG00000142347,MYO1F,ENSMUSG00000024300,Myo1f,ortholog_one2one
ENSG00000144339,TMEFF2,ENSMUSG00000026109,Tmeff2,ortholog_one2one
ENSG00000157782,CABP1,ENSMUSG00000029544,Cabp1,ortholog_one2one
ENSG00000169155,ZBTB43,ENSMUSG00000026788,Zbtb43,ortholog_one2one
ENSG00000169375,SIN3A,ENSMUSG00000042557,Sin3a,ortholog_one2one
ENSG00000173227,SYT12,ENSMUSG00000049303,Syt12,ortholog_one2one
ENSG00000177181,RIMKLA,ENSMUSG00000048899,Rimkla,ortholog_one2one
ENSG00000122971,ACADS,ENSMUSG00000029545,Acads,ortholog_one2one
ENSG00000127074,RGS13,ENSMUSG00000051079,Rgs13,ortholog_one2one
ENSG00000169607,CKAP2L,ENSMUSG00000048327,Ckap2l,ortholog_one2one
ENSG00000179091,CYC1,ENSMUSG00000022551,Cyc1,ortholog_one2one
ENSG00000163251,FZD5,ENSMUSG00000045005,Fzd5,ortholog_one2one
ENSG00000134115,CNTN6,ENSMUSG00000030092,Cntn6,ortholog_one2one
ENSG00000115652,UXS1,ENSMUSG00000057363,Uxs1,ortholog_one2one
ENSG00000108829,LRRC59,ENSMUSG00000020869,Lrrc59,ortholog_one2one
ENSG00000126067,PSMB2,ENSMUSG00000028837,Psmb2,ortholog_one2one
ENSG00000172269,DPAGT1,ENSMUSG00000032123,Dpagt1,ortholog_one2one
ENSG00000117868,ESYT2,ENSMUSG00000021171,Esyt2,ortholog_one2one
ENSG00000163156,SCNM1,ENSMUSG00000092607,Scnm1,ortholog_one2one
ENSG00000179029,TMEM107,ENSMUSG00000020895,Tmem107,ortholog_one2one
ENSG00000162104,ADCY9,ENSMUSG00000005580,Adcy9,ortholog_one2one
ENSG00000136448,NMT1,ENSMUSG00000020936,Nmt1,ortholog_one2one
ENSG00000198169,ZNF251,ENSMUSG00000022526,Zfp251,ortholog_one2one
ENSG00000092978,GPATCH2,ENSMUSG00000039210,Gpatch2,ortholog_one2one
ENSG00000221818,EBF2,ENSMUSG00000022053,Ebf2,ortholog_one2one
ENSG00000104886,PLEKHJ1,ENSMUSG00000035278,Plekhj1,ortholog_one2one
ENSG00000166582,CENPV,ENSMUSG00000018509,Cenpv,ortholog_one2one
ENSG00000131791,PRKAB2,ENSMUSG00000038205,Prkab2,ortholog_one2one
ENSG00000176058,TPRN,ENSMUSG00000048707,Tprn,ortholog_one2one
ENSG00000108984,MAP2K6,ENSMUSG00000020623,Map2k6,ortholog_one2one
ENSG00000165219,GAPVD1,ENSMUSG00000026867,Gapvd1,ortholog_one2one
ENSG00000105618,PRPF31,ENSMUSG00000008373,Prpf31,ortholog_one2one
ENSG00000182372,CLN8,ENSMUSG00000026317,Cln8,ortholog_one2one
ENSG00000077235,GTF3C1,ENSMUSG00000032777,Gtf3c1,ortholog_one2one
ENSG00000128609,NDUFA5,ENSMUSG00000023089,Ndufa5,ortholog_one2one
ENSG00000143228,NUF2,ENSMUSG00000026683,Nuf2,ortholog_one2one
ENSG00000152495,CAMK4,ENSMUSG00000038128,Camk4,ortholog_one2one
ENSG00000172809,RPL38,ENSMUSG00000057322,Rpl38,ortholog_one2one
ENSG00000213782,DDX47,ENSMUSG00000030204,Ddx47,ortholog_one2one
ENSG00000077092,RARB,ENSMUSG00000017491,Rarb,ortholog_one2one
ENSG00000108826,MRPL27,ENSMUSG00000024414,Mrpl27,ortholog_one2one
ENSG00000186566,GPATCH8,ENSMUSG00000034621,Gpatch8,ortholog_one2one
ENSG00000015479,MATR3,ENSMUSG00000037236,Matr3,ortholog_one2one
ENSG00000158560,DYNC1I1,ENSMUSG00000029757,Dync1i1,ortholog_one2one
ENSG00000178498,DTX3,ENSMUSG00000040415,Dtx3,ortholog_one2one
ENSG00000141295,SCRN2,ENSMUSG00000020877,Scrn2,ortholog_one2one
ENSG00000137872,SEMA6D,ENSMUSG00000027200,Sema6d,ortholog_one2one
ENSG00000127220,ABHD8,ENSMUSG00000007950,Abhd8,ortholog_one2one
ENSG00000162384,CZIB,ENSMUSG00000028608,Czib,ortholog_one2one
ENSG00000150782,IL18,ENSMUSG00000039217,Il18,ortholog_one2one
ENSG00000158716,DUSP23,ENSMUSG00000026544,Dusp23,ortholog_one2one
ENSG00000120063,GNA13,ENSMUSG00000020611,Gna13,ortholog_one2one
ENSG00000179094,PER1,ENSMUSG00000020893,Per1,ortholog_one2one
ENSG00000171067,C11orf24,ENSMUSG00000035372,1810055G02Rik,ortholog_one2one
ENSG00000196517,SLC6A9,ENSMUSG00000028542,Slc6a9,ortholog_one2one
ENSG00000020426,MNAT1,ENSMUSG00000021103,Mnat1,ortholog_one2one
ENSG00000130175,PRKCSH,ENSMUSG00000003402,Prkcsh,ortholog_one2one
ENSG00000197111,PCBP2,ENSMUSG00000056851,Pcbp2,ortholog_one2one
ENSG00000174738,NR1D2,ENSMUSG00000021775,Nr1d2,ortholog_one2one
ENSG00000137522,RNF121,ENSMUSG00000070426,Rnf121,ortholog_one2one
ENSG00000203797,DDO,ENSMUSG00000063428,Ddo,ortholog_one2one
ENSG00000131966,ACTR10,ENSMUSG00000021076,Actr10,ortholog_one2one
ENSG00000135604,STX11,ENSMUSG00000039232,Stx11,ortholog_one2one
ENSG00000124574,ABCC10,ENSMUSG00000032842,Abcc10,ortholog_one2one
ENSG00000144040,SFXN5,ENSMUSG00000033720,Sfxn5,ortholog_one2one
ENSG00000114544,SLC41A3,ENSMUSG00000030089,Slc41a3,ortholog_one2one
ENSG00000175463,TBC1D10C,ENSMUSG00000040247,Tbc1d10c,ortholog_one2one
ENSG00000175893,ZDHHC21,ENSMUSG00000028403,Zdhhc21,ortholog_one2one
ENSG00000171462,DLK2,ENSMUSG00000047428,Dlk2,ortholog_one2one
ENSG00000171723,GPHN,ENSMUSG00000047454,Gphn,ortholog_one2one
ENSG00000104325,DECR1,ENSMUSG00000028223,Decr1,ortholog_one2one
ENSG00000167085,PHB1,ENSMUSG00000038845,Phb1,ortholog_one2one
ENSG00000159387,IRX6,ENSMUSG00000031738,Irx6,ortholog_one2one
ENSG00000198729,PPP1R14C,ENSMUSG00000040653,Ppp1r14c,ortholog_one2one
ENSG00000172159,FRMD3,ENSMUSG00000049122,Frmd3,ortholog_one2one
ENSG00000163141,BNIPL,ENSMUSG00000028115,Bnipl,ortholog_one2one
ENSG00000137207,YIPF3,ENSMUSG00000071074,Yipf3,ortholog_one2one
ENSG00000135372,NAT10,ENSMUSG00000027185,Nat10,ortholog_one2one
ENSG00000103494,RPGRIP1L,ENSMUSG00000033282,Rpgrip1l,ortholog_one2one
ENSG00000127831,VIL1,ENSMUSG00000026175,Vil1,ortholog_one2one
ENSG00000148019,CEP78,ENSMUSG00000041491,Cep78,ortholog_one2one
ENSG00000189266,PNRC2,ENSMUSG00000028675,Pnrc2,ortholog_one2one
ENSG00000135801,TAF5L,ENSMUSG00000038697,Taf5l,ortholog_one2one
ENSG00000003989,SLC7A2,ENSMUSG00000031596,Slc7a2,ortholog_one2one
ENSG00000273611,ZNHIT3,ENSMUSG00000020526,Znhit3,ortholog_one2one
ENSG00000044090,CUL7,ENSMUSG00000038545,Cul7,ortholog_one2one
ENSG00000083845,RPS5,ENSMUSG00000012848,Rps5,ortholog_one2one
ENSG00000163728,TTC14,ENSMUSG00000027677,Ttc14,ortholog_one2one
ENSG00000108523,RNF167,ENSMUSG00000040746,Rnf167,ortholog_one2one
ENSG00000163125,RPRD2,ENSMUSG00000028106,Rprd2,ortholog_one2one
ENSG00000137100,DCTN3,ENSMUSG00000028447,Dctn3,ortholog_one2one
ENSG00000145979,TBC1D7,ENSMUSG00000021368,Tbc1d7,ortholog_one2one
ENSG00000147905,ZCCHC7,ENSMUSG00000035649,Zcchc7,ortholog_one2one
ENSG00000105499,PLA2G4C,ENSMUSG00000033847,Pla2g4c,ortholog_one2one
ENSG00000198837,DENND4B,ENSMUSG00000042404,Dennd4b,ortholog_one2one
ENSG00000149231,CCDC82,ENSMUSG00000079084,Ccdc82,ortholog_one2one
ENSG00000156973,PDE6D,ENSMUSG00000026239,Pde6d,ortholog_one2one
ENSG00000108518,PFN1,ENSMUSG00000018293,Pfn1,ortholog_one2one
ENSG00000127948,POR,ENSMUSG00000005514,Por,ortholog_one2one
ENSG00000119711,ALDH6A1,ENSMUSG00000021238,Aldh6a1,ortholog_one2one
ENSG00000185000,DGAT1,ENSMUSG00000022555,Dgat1,ortholog_one2one
ENSG00000108370,RGS9,ENSMUSG00000020599,Rgs9,ortholog_one2one
ENSG00000075420,FNDC3B,ENSMUSG00000039286,Fndc3b,ortholog_one2one
ENSG00000115816,CEBPZ,ENSMUSG00000024081,Cebpz,ortholog_one2one
ENSG00000160688,FLAD1,ENSMUSG00000042642,Flad1,ortholog_one2one
ENSG00000167965,MLST8,ENSMUSG00000024142,Mlst8,ortholog_one2one
ENSG00000129538,RNASE1,ENSMUSG00000035896,Rnase1,ortholog_one2one
ENSG00000165113,GKAP1,ENSMUSG00000021552,Gkap1,ortholog_one2one
ENSG00000074276,CDHR2,ENSMUSG00000034918,Cdhr2,ortholog_one2one
ENSG00000125691,RPL23,ENSMUSG00000071415,Rpl23,ortholog_one2one
ENSG00000100479,POLE2,ENSMUSG00000020974,Pole2,ortholog_one2one
ENSG00000169016,E2F6,ENSMUSG00000057469,E2f6,ortholog_one2one
ENSG00000149573,MPZL2,ENSMUSG00000032092,Mpzl2,ortholog_one2one
ENSG00000259494,MRPL46,ENSMUSG00000030612,Mrpl46,ortholog_one2one
ENSG00000143622,RIT1,ENSMUSG00000028057,Rit1,ortholog_one2one
ENSG00000129932,DOHH,ENSMUSG00000078440,Dohh,ortholog_one2one
ENSG00000180921,FAM83H,ENSMUSG00000046761,Fam83h,ortholog_one2one
ENSG00000064763,FAR2,ENSMUSG00000030303,Far2,ortholog_one2one
ENSG00000137804,NUSAP1,ENSMUSG00000027306,Nusap1,ortholog_one2one
ENSG00000109991,P2RX3,ENSMUSG00000027071,P2rx3,ortholog_one2one
ENSG00000142544,CTU1,ENSMUSG00000038888,Ctu1,ortholog_one2one
ENSG00000077782,FGFR1,ENSMUSG00000031565,Fgfr1,ortholog_one2one
ENSG00000170421,KRT8,ENSMUSG00000049382,Krt8,ortholog_one2one
ENSG00000097046,CDC7,ENSMUSG00000029283,Cdc7,ortholog_one2one
ENSG00000100906,NFKBIA,ENSMUSG00000021025,Nfkbia,ortholog_one2one
ENSG00000107372,ZFAND5,ENSMUSG00000024750,Zfand5,ortholog_one2one
ENSG00000197324,LRP10,ENSMUSG00000022175,Lrp10,ortholog_one2one
ENSG00000177697,CD151,ENSMUSG00000025510,Cd151,ortholog_one2one
ENSG00000151693,ASAP2,ENSMUSG00000052632,Asap2,ortholog_one2one
ENSG00000108465,CDK5RAP3,ENSMUSG00000018669,Cdk5rap3,ortholog_one2one
ENSG00000100650,SRSF5,ENSMUSG00000021134,Srsf5,ortholog_one2one
ENSG00000122729,ACO1,ENSMUSG00000028405,Aco1,ortholog_one2one
ENSG00000189127,ANKRD34B,ENSMUSG00000045034,Ankrd34b,ortholog_one2one
ENSG00000138382,METTL5,ENSMUSG00000051730,Mettl5,ortholog_one2one
ENSG00000163472,TMEM79,ENSMUSG00000001420,Tmem79,ortholog_one2one
ENSG00000156218,ADAMTSL3,ENSMUSG00000070469,Adamtsl3,ortholog_one2one
ENSG00000084070,SMAP2,ENSMUSG00000032870,Smap2,ortholog_one2one
ENSG00000197822,OCLN,ENSMUSG00000021638,Ocln,ortholog_one2one
ENSG00000181982,CCDC149,ENSMUSG00000045790,Ccdc149,ortholog_one2one
ENSG00000164022,AIMP1,ENSMUSG00000028029,Aimp1,ortholog_one2one
ENSG00000115942,ORC2,ENSMUSG00000026037,Orc2,ortholog_one2one
ENSG00000162736,NCSTN,ENSMUSG00000003458,Ncstn,ortholog_one2one
ENSG00000109118,PHF12,ENSMUSG00000037791,Phf12,ortholog_one2one
ENSG00000137807,KIF23,ENSMUSG00000032254,Kif23,ortholog_one2one
ENSG00000113749,HRH2,ENSMUSG00000034987,Hrh2,ortholog_one2one
ENSG00000155506,LARP1,ENSMUSG00000037331,Larp1,ortholog_one2one
ENSG00000140105,WARS1,ENSMUSG00000021266,Wars1,ortholog_one2one
ENSG00000111057,KRT18,ENSMUSG00000023043,Krt18,ortholog_one2one
ENSG00000108379,WNT3,ENSMUSG00000000125,Wnt3,ortholog_one2one
ENSG00000166313,APBB1,ENSMUSG00000037032,Apbb1,ortholog_one2one
ENSG00000138798,EGF,ENSMUSG00000028017,Egf,ortholog_one2one
ENSG00000277791,PSMB3,ENSMUSG00000069744,Psmb3,ortholog_one2one
ENSG00000037280,FLT4,ENSMUSG00000020357,Flt4,ortholog_one2one
ENSG00000068097,HEATR6,ENSMUSG00000000976,Heatr6,ortholog_one2one
ENSG00000111142,METAP2,ENSMUSG00000036112,Metap2,ortholog_one2one
ENSG00000105849,POLR1F,ENSMUSG00000020561,Polr1f,ortholog_one2one
ENSG00000003147,ICA1,ENSMUSG00000062995,Ica1,ortholog_one2one
ENSG00000161091,MFSD12,ENSMUSG00000034854,Mfsd12,ortholog_one2one
ENSG00000117016,RIMS3,ENSMUSG00000032890,Rims3,ortholog_one2one
ENSG00000198885,ITPRIPL1,ENSMUSG00000074825,Itpripl1,ortholog_one2one
ENSG00000114120,SLC25A36,ENSMUSG00000032449,Slc25a36,ortholog_one2one
ENSG00000143222,UFC1,ENSMUSG00000062963,Ufc1,ortholog_one2one
ENSG00000105325,FZR1,ENSMUSG00000020235,Fzr1,ortholog_one2one
ENSG00000171490,RSL1D1,ENSMUSG00000005846,Rsl1d1,ortholog_one2one
ENSG00000145246,ATP10D,ENSMUSG00000046808,Atp10d,ortholog_one2one
ENSG00000142867,BCL10,ENSMUSG00000028191,Bcl10,ortholog_one2one
ENSG00000168393,DTYMK,ENSMUSG00000026281,Dtymk,ortholog_one2one
ENSG00000163568,AIM2,ENSMUSG00000037860,Aim2,ortholog_one2one
ENSG00000120647,CCDC77,ENSMUSG00000030177,Ccdc77,ortholog_one2one
ENSG00000142784,WDTC1,ENSMUSG00000037622,Wdtc1,ortholog_one2one
ENSG00000073536,NLE1,ENSMUSG00000020692,Nle1,ortholog_one2one
ENSG00000004534,RBM6,ENSMUSG00000032582,Rbm6,ortholog_one2one
ENSG00000164187,LMBRD2,ENSMUSG00000039704,Lmbrd2,ortholog_one2one
ENSG00000157827,FMNL2,ENSMUSG00000036053,Fmnl2,ortholog_one2one
ENSG00000063854,HAGH,ENSMUSG00000024158,Hagh,ortholog_one2one
ENSG00000149182,ARFGAP2,ENSMUSG00000027255,Arfgap2,ortholog_one2one
ENSG00000168785,TSPAN5,ENSMUSG00000028152,Tspan5,ortholog_one2one
ENSG00000178776,C5orf46,ENSMUSG00000071858,Gm94,ortholog_one2one
ENSG00000153071,DAB2,ENSMUSG00000022150,Dab2,ortholog_one2one
ENSG00000132382,MYBBP1A,ENSMUSG00000040463,Mybbp1a,ortholog_one2one
ENSG00000156398,SFXN2,ENSMUSG00000025036,Sfxn2,ortholog_one2one
ENSG00000066279,ASPM,ENSMUSG00000033952,Aspm,ortholog_one2one
ENSG00000167114,SLC27A4,ENSMUSG00000059316,Slc27a4,ortholog_one2one
ENSG00000139155,SLCO1C1,ENSMUSG00000030235,Slco1c1,ortholog_one2one
ENSG00000163644,PPM1K,ENSMUSG00000037826,Ppm1k,ortholog_one2one
ENSG00000182511,FES,ENSMUSG00000053158,Fes,ortholog_one2one
ENSG00000196460,RFX8,ENSMUSG00000057173,Rfx8,ortholog_one2one
ENSG00000174808,BTC,ENSMUSG00000082361,Btc,ortholog_one2one
ENSG00000109610,SOD3,ENSMUSG00000072941,Sod3,ortholog_one2one
ENSG00000103342,GSPT1,ENSMUSG00000062203,Gspt1,ortholog_one2one
ENSG00000002587,HS3ST1,ENSMUSG00000051022,Hs3st1,ortholog_one2one
ENSG00000171509,RXFP1,ENSMUSG00000034009,Rxfp1,ortholog_one2one
ENSG00000197142,ACSL5,ENSMUSG00000024981,Acsl5,ortholog_one2one
ENSG00000163170,BOLA3,ENSMUSG00000045160,Bola3,ortholog_one2one
ENSG00000183155,RABIF,ENSMUSG00000042229,Rabif,ortholog_one2one
ENSG00000097096,SYDE2,ENSMUSG00000036863,Syde2,ortholog_one2one
ENSG00000152128,TMEM163,ENSMUSG00000026347,Tmem163,ortholog_one2one
ENSG00000242485,MRPL20,ENSMUSG00000029066,Mrpl20,ortholog_one2one
ENSG00000132330,SCLY,ENSMUSG00000026307,Scly,ortholog_one2one
ENSG00000117450,PRDX1,ENSMUSG00000028691,Prdx1,ortholog_one2one
ENSG00000124588,NQO2,ENSMUSG00000046949,Nqo2,ortholog_one2one
ENSG00000095261,PSMD5,ENSMUSG00000026869,Psmd5,ortholog_one2one
ENSG00000011258,MBTD1,ENSMUSG00000059474,Mbtd1,ortholog_one2one
ENSG00000136861,CDK5RAP2,ENSMUSG00000039298,Cdk5rap2,ortholog_one2one
ENSG00000148950,IMMP1L,ENSMUSG00000042670,Immp1l,ortholog_one2one
ENSG00000189280,GJB5,ENSMUSG00000042357,Gjb5,ortholog_one2one
ENSG00000007968,E2F2,ENSMUSG00000018983,E2f2,ortholog_one2one
ENSG00000120333,MRPS14,ENSMUSG00000058267,Mrps14,ortholog_one2one
ENSG00000117597,UTP25,ENSMUSG00000016181,Utp25,ortholog_one2one
ENSG00000145817,YIPF5,ENSMUSG00000024487,Yipf5,ortholog_one2one
ENSG00000091073,DTX2,ENSMUSG00000004947,Dtx2,ortholog_one2one
ENSG00000162882,HAAO,ENSMUSG00000000673,Haao,ortholog_one2one
ENSG00000172803,SNX32,ENSMUSG00000056185,Snx32,ortholog_one2one
ENSG00000178999,AURKB,ENSMUSG00000020897,Aurkb,ortholog_one2one
ENSG00000163558,PRKCI,ENSMUSG00000037643,Prkci,ortholog_one2one
ENSG00000215217,CFAP90,ENSMUSG00000021534,Cfap90,ortholog_one2one
ENSG00000103184,SEC14L5,ENSMUSG00000091712,Sec14l5,ortholog_one2one
ENSG00000152092,ASTN1,ENSMUSG00000026587,Astn1,ortholog_one2one
ENSG00000150712,MTMR12,ENSMUSG00000039458,Mtmr12,ortholog_one2one
ENSG00000256043,CTSO,ENSMUSG00000028015,Ctso,ortholog_one2one
ENSG00000172554,SNTG2,ENSMUSG00000020672,Sntg2,ortholog_one2one
ENSG00000105223,PLD3,ENSMUSG00000003363,Pld3,ortholog_one2one
ENSG00000157350,ST3GAL2,ENSMUSG00000031749,St3gal2,ortholog_one2one
ENSG00000135472,FAIM2,ENSMUSG00000023011,Faim2,ortholog_one2one
ENSG00000164303,ENPP6,ENSMUSG00000038173,Enpp6,ortholog_one2one
ENSG00000152784,PRDM8,ENSMUSG00000035456,Prdm8,ortholog_one2one
ENSG00000196591,HDAC2,ENSMUSG00000019777,Hdac2,ortholog_one2one
ENSG00000213639,PPP1CB,ENSMUSG00000014956,Ppp1cb,ortholog_one2one
ENSG00000150967,ABCB9,ENSMUSG00000029408,Abcb9,ortholog_one2one
ENSG00000169019,COMMD8,ENSMUSG00000029213,Commd8,ortholog_one2one
ENSG00000103245,CIAO3,ENSMUSG00000002280,Ciao3,ortholog_one2one
ENSG00000163950,SLBP,ENSMUSG00000004642,Slbp,ortholog_one2one
ENSG00000084072,PPIE,ENSMUSG00000028651,Ppie,ortholog_one2one
ENSG00000145198,VWA5B2,ENSMUSG00000046613,Vwa5b2,ortholog_one2one
ENSG00000113456,RAD1,ENSMUSG00000022248,Rad1,ortholog_one2one
ENSG00000126351,THRA,ENSMUSG00000058756,Thra,ortholog_one2one
ENSG00000198208,RPS6KL1,ENSMUSG00000019235,Rps6kl1,ortholog_one2one
ENSG00000138709,LARP1B,ENSMUSG00000025762,Larp1b,ortholog_one2one
ENSG00000031003,FAM13B,ENSMUSG00000036501,Fam13b,ortholog_one2one
ENSG00000103194,USP10,ENSMUSG00000031826,Usp10,ortholog_one2one
ENSG00000086827,ZW10,ENSMUSG00000032264,Zw10,ortholog_one2one
ENSG00000116754,SRSF11,ENSMUSG00000055436,Srsf11,ortholog_one2one
ENSG00000070495,JMJD6,ENSMUSG00000056962,Jmjd6,ortholog_one2one
ENSG00000040933,INPP4A,ENSMUSG00000026113,Inpp4a,ortholog_one2one
ENSG00000164484,TMEM200A,ENSMUSG00000049420,Tmem200a,ortholog_one2one
ENSG00000146072,TNFRSF21,ENSMUSG00000023915,Tnfrsf21,ortholog_one2one
ENSG00000149452,SLC22A8,ENSMUSG00000063796,Slc22a8,ortholog_one2one
ENSG00000112130,RNF8,ENSMUSG00000090083,Rnf8,ortholog_one2one
ENSG00000107819,SFXN3,ENSMUSG00000025212,Sfxn3,ortholog_one2one
ENSG00000185246,PRPF39,ENSMUSG00000035597,Prpf39,ortholog_one2one
ENSG00000176208,ATAD5,ENSMUSG00000017550,Atad5,ortholog_one2one
ENSG00000091262,ABCC6,ENSMUSG00000030834,Abcc6,ortholog_one2one
ENSG00000090376,IRAK3,ENSMUSG00000020227,Irak3,ortholog_one2one
ENSG00000136521,NDUFB5,ENSMUSG00000027673,Ndufb5,ortholog_one2one
ENSG00000183605,SFXN4,ENSMUSG00000063698,Sfxn4,ortholog_one2one
ENSG00000149091,DGKZ,ENSMUSG00000040479,Dgkz,ortholog_one2one
ENSG00000131475,VPS25,ENSMUSG00000078656,Vps25,ortholog_one2one
ENSG00000157107,FCHO2,ENSMUSG00000041685,Fcho2,ortholog_one2one
ENSG00000096063,SRPK1,ENSMUSG00000004865,Srpk1,ortholog_one2one
ENSG00000010278,CD9,ENSMUSG00000030342,Cd9,ortholog_one2one
ENSG00000198133,TMEM229B,ENSMUSG00000046157,Tmem229b,ortholog_one2one
ENSG00000197157,SND1,ENSMUSG00000001424,Snd1,ortholog_one2one
ENSG00000161960,EIF4A1,ENSMUSG00000059796,Eif4a1,ortholog_one2one
ENSG00000205659,LIN52,ENSMUSG00000085793,Lin52,ortholog_one2one
ENSG00000196372,ASB13,ENSMUSG00000033781,Asb13,ortholog_one2one
ENSG00000114491,UMPS,ENSMUSG00000022814,Umps,ortholog_one2one
ENSG00000122952,ZWINT,ENSMUSG00000019923,Zwint,ortholog_one2one
ENSG00000117862,TXNDC12,ENSMUSG00000028567,Txndc12,ortholog_one2one
ENSG00000164331,ANKRA2,ENSMUSG00000021661,Ankra2,ortholog_one2one
ENSG00000100591,AHSA1,ENSMUSG00000021037,Ahsa1,ortholog_one2one
ENSG00000158458,NRG2,ENSMUSG00000060275,Nrg2,ortholog_one2one
ENSG00000109618,SEPSECS,ENSMUSG00000029173,Sepsecs,ortholog_one2one
ENSG00000186501,TMEM222,ENSMUSG00000028857,Tmem222,ortholog_one2one
ENSG00000144847,IGSF11,ENSMUSG00000022790,Igsf11,ortholog_one2one
ENSG00000168575,SLC20A2,ENSMUSG00000037656,Slc20a2,ortholog_one2one
ENSG00000111726,CMAS,ENSMUSG00000030282,Cmas,ortholog_one2one
ENSG00000087008,ACOX3,ENSMUSG00000029098,Acox3,ortholog_one2one
ENSG00000165983,PTER,ENSMUSG00000026730,Pter,ortholog_one2one
ENSG00000048140,TSPAN17,ENSMUSG00000025875,Tspan17,ortholog_one2one
ENSG00000144843,ADPRH,ENSMUSG00000002844,Adprh,ortholog_one2one
ENSG00000178691,SUZ12,ENSMUSG00000017548,Suz12,ortholog_one2one
ENSG00000008405,CRY1,ENSMUSG00000020038,Cry1,ortholog_one2one
ENSG00000143545,RAB13,ENSMUSG00000027935,Rab13,ortholog_one2one
ENSG00000120053,GOT1,ENSMUSG00000025190,Got1,ortholog_one2one
ENSG00000154310,TNIK,ENSMUSG00000027692,Tnik,ortholog_one2one
ENSG00000171160,MORN4,ENSMUSG00000049670,Morn4,ortholog_one2one
ENSG00000118600,RXYLT1,ENSMUSG00000034620,Rxylt1,ortholog_one2one
ENSG00000108423,TUBD1,ENSMUSG00000020513,Tubd1,ortholog_one2one
ENSG00000145495,MARCHF6,ENSMUSG00000039100,Marchf6,ortholog_one2one
ENSG00000163159,VPS72,ENSMUSG00000008958,Vps72,ortholog_one2one
ENSG00000112110,MRPL18,ENSMUSG00000057388,Mrpl18,ortholog_one2one
ENSG00000184601,C14orf180,ENSMUSG00000043122,A530016L24Rik,ortholog_one2one
ENSG00000075826,SEC31B,ENSMUSG00000051984,Sec31b,ortholog_one2one
ENSG00000084110,HAL,ENSMUSG00000020017,Hal,ortholog_one2one
ENSG00000189077,TMEM120A,ENSMUSG00000039886,Tmem120a,ortholog_one2one
ENSG00000204482,LST1,ENSMUSG00000073412,Lst1,ortholog_one2one
ENSG00000179627,ZBTB42,ENSMUSG00000037638,Zbtb42,ortholog_one2one
ENSG00000186910,SERPINA11,ENSMUSG00000063232,Serpina11,ortholog_one2one
ENSG00000132718,SYT11,ENSMUSG00000068923,Syt11,ortholog_one2one
ENSG00000166170,BAG5,ENSMUSG00000049792,Bag5,ortholog_one2one
ENSG00000176473,WDR25,ENSMUSG00000040877,Wdr25,ortholog_one2one
ENSG00000116761,CTH,ENSMUSG00000028179,Cth,ortholog_one2one
ENSG00000175445,LPL,ENSMUSG00000015568,Lpl,ortholog_one2one
ENSG00000172057,ORMDL3,ENSMUSG00000038150,Ormdl3,ortholog_one2one
ENSG00000128891,CCDC32,ENSMUSG00000039983,Ccdc32,ortholog_one2one
ENSG00000154518,ATP5MC3,ENSMUSG00000018770,Atp5mc3,ortholog_one2one
ENSG00000197555,SIPA1L1,ENSMUSG00000042700,Sipa1l1,ortholog_one2one
ENSG00000188283,ZNF383,ENSMUSG00000099689,Zfp383,ortholog_one2one
ENSG00000167702,KIFC2,ENSMUSG00000004187,Kifc2,ortholog_one2one
ENSG00000124641,MED20,ENSMUSG00000092558,Med20,ortholog_one2one
ENSG00000166454,ATMIN,ENSMUSG00000047388,Atmin,ortholog_one2one
ENSG00000187514,PTMA,ENSMUSG00000026238,Ptma,ortholog_one2one
ENSG00000108256,NUFIP2,ENSMUSG00000037857,Nufip2,ortholog_one2one
ENSG00000170852,KBTBD2,ENSMUSG00000059486,Kbtbd2,ortholog_one2one
ENSG00000166557,TMED3,ENSMUSG00000032353,Tmed3,ortholog_one2one
ENSG00000213066,CEP43,ENSMUSG00000069135,Cep43,ortholog_one2one
ENSG00000129925,PGAP6,ENSMUSG00000024180,Pgap6,ortholog_one2one
ENSG00000108510,MED13,ENSMUSG00000034297,Med13,ortholog_one2one
ENSG00000169857,AVEN,ENSMUSG00000003604,Aven,ortholog_one2one
ENSG00000254004,ZNF260,ENSMUSG00000049421,Zfp260,ortholog_one2one
ENSG00000140400,MAN2C1,ENSMUSG00000032295,Man2c1,ortholog_one2one
ENSG00000158825,CDA,ENSMUSG00000028755,Cda,ortholog_one2one
ENSG00000107625,DDX50,ENSMUSG00000020076,Ddx50,ortholog_one2one
ENSG00000122515,ZMIZ2,ENSMUSG00000041164,Zmiz2,ortholog_one2one
ENSG00000132692,BCAN,ENSMUSG00000004892,Bcan,ortholog_one2one
ENSG00000056097,ZFR,ENSMUSG00000022201,Zfr,ortholog_one2one
ENSG00000125319,HROB,ENSMUSG00000034773,Hrob,ortholog_one2one
ENSG00000165392,WRN,ENSMUSG00000031583,Wrn,ortholog_one2one
ENSG00000096093,EFHC1,ENSMUSG00000041809,Efhc1,ortholog_one2one
ENSG00000166558,SLC38A8,ENSMUSG00000034224,Slc38a8,ortholog_one2one
ENSG00000067182,TNFRSF1A,ENSMUSG00000030341,Tnfrsf1a,ortholog_one2one
ENSG00000056558,TRAF1,ENSMUSG00000026875,Traf1,ortholog_one2one
ENSG00000165458,INPPL1,ENSMUSG00000032737,Inppl1,ortholog_one2one
ENSG00000108578,BLMH,ENSMUSG00000020840,Blmh,ortholog_one2one
ENSG00000169914,OTUD3,ENSMUSG00000041161,Otud3,ortholog_one2one
ENSG00000197223,C1D,ENSMUSG00000000581,C1d,ortholog_one2one
ENSG00000162813,BPNT1,ENSMUSG00000026617,Bpnt1,ortholog_one2one
ENSG00000172270,BSG,ENSMUSG00000023175,Bsg,ortholog_one2one
ENSG00000138316,ADAMTS14,ENSMUSG00000059901,Adamts14,ortholog_one2one
ENSG00000103549,RNF40,ENSMUSG00000030816,Rnf40,ortholog_one2one
ENSG00000108854,SMURF2,ENSMUSG00000018363,Smurf2,ortholog_one2one
ENSG00000147677,EIF3H,ENSMUSG00000022312,Eif3h,ortholog_one2one
ENSG00000144535,DIS3L2,ENSMUSG00000053333,Dis3l2,ortholog_one2one
ENSG00000113532,ST8SIA4,ENSMUSG00000040710,St8sia4,ortholog_one2one
ENSG00000096968,JAK2,ENSMUSG00000024789,Jak2,ortholog_one2one
ENSG00000146223,RPL7L1,ENSMUSG00000063888,Rpl7l1,ortholog_one2one
ENSG00000065675,PRKCQ,ENSMUSG00000026778,Prkcq,ortholog_one2one
ENSG00000135390,ATP5MC2,ENSMUSG00000062683,Atp5mc2,ortholog_one2one
ENSG00000170734,POLH,ENSMUSG00000023953,Polh,ortholog_one2one
ENSG00000164761,TNFRSF11B,ENSMUSG00000063727,Tnfrsf11b,ortholog_one2one
ENSG00000123159,GIPC1,ENSMUSG00000019433,Gipc1,ortholog_one2one
ENSG00000182004,SNRPE,ENSMUSG00000090553,Snrpe,ortholog_one2one
ENSG00000266967,AARSD1,ENSMUSG00000075528,Aarsd1,ortholog_one2one
ENSG00000142627,EPHA2,ENSMUSG00000006445,Epha2,ortholog_one2one
ENSG00000198846,TOX,ENSMUSG00000041272,Tox,ortholog_one2one
ENSG00000146085,MMUT,ENSMUSG00000023921,Mmut,ortholog_one2one
ENSG00000240682,ISY1,ENSMUSG00000030056,Isy1,ortholog_one2one
ENSG00000147421,HMBOX1,ENSMUSG00000021972,Hmbox1,ortholog_one2one
ENSG00000173852,DPY19L1,ENSMUSG00000043067,Dpy19l1,ortholog_one2one
ENSG00000143303,METTL25B,ENSMUSG00000004896,Mettl25b,ortholog_one2one
ENSG00000233608,TWIST2,ENSMUSG00000007805,Twist2,ortholog_one2one
ENSG00000169676,DRD5,ENSMUSG00000039358,Drd5,ortholog_one2one
ENSG00000170322,NFRKB,ENSMUSG00000042185,Nfrkb,ortholog_one2one
ENSG00000109606,DHX15,ENSMUSG00000029169,Dhx15,ortholog_one2one
ENSG00000187736,NHEJ1,ENSMUSG00000026162,Nhej1,ortholog_one2one
ENSG00000123358,NR4A1,ENSMUSG00000023034,Nr4a1,ortholog_one2one
ENSG00000128594,LRRC4,ENSMUSG00000049939,Lrrc4,ortholog_one2one
ENSG00000198523,PLN,ENSMUSG00000038583,Pln,ortholog_one2one
ENSG00000144747,TMF1,ENSMUSG00000030059,Tmf1,ortholog_one2one
ENSG00000141506,PIK3R5,ENSMUSG00000020901,Pik3r5,ortholog_one2one
ENSG00000143494,VASH2,ENSMUSG00000037568,Vash2,ortholog_one2one
ENSG00000157224,CLDN12,ENSMUSG00000046798,Cldn12,ortholog_one2one
ENSG00000105707,HPN,ENSMUSG00000001249,Hpn,ortholog_one2one
ENSG00000112320,SOBP,ENSMUSG00000038248,Sobp,ortholog_one2one
ENSG00000204128,C2orf72,ENSMUSG00000026227,2810459M11Rik,ortholog_one2one
ENSG00000138640,FAM13A,ENSMUSG00000037709,Fam13a,ortholog_one2one
ENSG00000144485,HES6,ENSMUSG00000067071,Hes6,ortholog_one2one
ENSG00000082269,FAM135A,ENSMUSG00000026153,Fam135a,ortholog_one2one
ENSG00000015413,DPEP1,ENSMUSG00000019278,Dpep1,ortholog_one2one
ENSG00000143353,LYPLAL1,ENSMUSG00000039246,Lyplal1,ortholog_one2one
ENSG00000078687,TNRC6C,ENSMUSG00000025571,Tnrc6c,ortholog_one2one
ENSG00000185414,MRPL30,ENSMUSG00000026087,Mrpl30,ortholog_one2one
ENSG00000107164,FUBP3,ENSMUSG00000026843,Fubp3,ortholog_one2one
ENSG00000146587,RBAK,ENSMUSG00000061898,Rbak,ortholog_one2one
ENSG00000163412,EIF4E3,ENSMUSG00000093661,Eif4e3,ortholog_one2one
ENSG00000108179,PPIF,ENSMUSG00000021868,Ppif,ortholog_one2one
ENSG00000163499,CRYBA2,ENSMUSG00000006546,Cryba2,ortholog_one2one
ENSG00000146966,DENND2A,ENSMUSG00000038456,Dennd2a,ortholog_one2one
ENSG00000182010,RTKN2,ENSMUSG00000037846,Rtkn2,ortholog_one2one
ENSG00000078900,TP73,ENSMUSG00000029026,Trp73,ortholog_one2one
ENSG00000250506,CDK3,ENSMUSG00000092300,Cdk3,ortholog_one2one
ENSG00000183020,AP2A2,ENSMUSG00000002957,Ap2a2,ortholog_one2one
ENSG00000068697,LAPTM4A,ENSMUSG00000020585,Laptm4a,ortholog_one2one
ENSG00000141367,CLTC,ENSMUSG00000047126,Cltc,ortholog_one2one
ENSG00000182923,CEP63,ENSMUSG00000032534,Cep63,ortholog_one2one
ENSG00000165322,ARHGAP12,ENSMUSG00000041225,Arhgap12,ortholog_one2one
ENSG00000153446,C16orf89,ENSMUSG00000051669,AU021092,ortholog_one2one
ENSG00000166225,FRS2,ENSMUSG00000020170,Frs2,ortholog_one2one
ENSG00000144182,LIPT1,ENSMUSG00000037216,Lipt1,ortholog_one2one
ENSG00000136950,ARPC5L,ENSMUSG00000026755,Arpc5l,ortholog_one2one
ENSG00000162004,CCDC78,ENSMUSG00000071202,Ccdc78,ortholog_one2one
ENSG00000164976,MYORG,ENSMUSG00000046312,Myorg,ortholog_one2one
ENSG00000125482,TTF1,ENSMUSG00000026803,Ttf1,ortholog_one2one
ENSG00000106635,BCL7B,ENSMUSG00000029681,Bcl7b,ortholog_one2one
ENSG00000115486,GGCX,ENSMUSG00000053460,Ggcx,ortholog_one2one
ENSG00000171503,ETFDH,ENSMUSG00000027809,Etfdh,ortholog_one2one
ENSG00000187135,VSTM2B,ENSMUSG00000039257,Vstm2b,ortholog_one2one
ENSG00000174891,RSRC1,ENSMUSG00000034544,Rsrc1,ortholog_one2one
ENSG00000174562,KLK15,ENSMUSG00000055193,Klk15,ortholog_one2one
ENSG00000119326,CTNNAL1,ENSMUSG00000038816,Ctnnal1,ortholog_one2one
ENSG00000162222,TTC9C,ENSMUSG00000071660,Ttc9c,ortholog_one2one
ENSG00000104760,FGL1,ENSMUSG00000031594,Fgl1,ortholog_one2one
ENSG00000055118,KCNH2,ENSMUSG00000038319,Kcnh2,ortholog_one2one
ENSG00000090581,GNPTG,ENSMUSG00000035521,Gnptg,ortholog_one2one
ENSG00000149582,TMEM25,ENSMUSG00000002032,Tmem25,ortholog_one2one
ENSG00000130287,NCAN,ENSMUSG00000002341,Ncan,ortholog_one2one
ENSG00000125753,VASP,ENSMUSG00000030403,Vasp,ortholog_one2one
ENSG00000175906,ARL4D,ENSMUSG00000034936,Arl4d,ortholog_one2one
ENSG00000108960,MMD,ENSMUSG00000003948,Mmd,ortholog_one2one
ENSG00000184500,PROS1,ENSMUSG00000022912,Pros1,ortholog_one2one
ENSG00000133619,KRBA1,ENSMUSG00000042810,Krba1,ortholog_one2one
ENSG00000167881,SRP68,ENSMUSG00000020780,Srp68,ortholog_one2one
ENSG00000174606,ANGEL2,ENSMUSG00000026634,Angel2,ortholog_one2one
ENSG00000171497,PPID,ENSMUSG00000027804,Ppid,ortholog_one2one
ENSG00000099385,BCL7C,ENSMUSG00000030814,Bcl7c,ortholog_one2one
ENSG00000112739,PRP4K,ENSMUSG00000021413,Prpf4b,ortholog_one2one
ENSG00000168646,AXIN2,ENSMUSG00000000142,Axin2,ortholog_one2one
ENSG00000137628,DDX60,ENSMUSG00000037921,Ddx60,ortholog_one2one
ENSG00000147437,GNRH1,ENSMUSG00000015812,Gnrh1,ortholog_one2one
ENSG00000173436,MICOS10,ENSMUSG00000050608,Micos10,ortholog_one2one
ENSG00000078668,VDAC3,ENSMUSG00000008892,Vdac3,ortholog_one2one
ENSG00000197943,PLCG2,ENSMUSG00000034330,Plcg2,ortholog_one2one
ENSG00000076984,MAP2K7,ENSMUSG00000002948,Map2k7,ortholog_one2one
ENSG00000198373,WWP2,ENSMUSG00000031930,Wwp2,ortholog_one2one
ENSG00000031691,CENPQ,ENSMUSG00000023919,Cenpq,ortholog_one2one
ENSG00000170390,DCLK2,ENSMUSG00000028078,Dclk2,ortholog_one2one
ENSG00000204390,HSPA1L,ENSMUSG00000007033,Hspa1l,ortholog_one2one
ENSG00000154914,USP43,ENSMUSG00000020905,Usp43,ortholog_one2one
ENSG00000111802,TDP2,ENSMUSG00000035958,Tdp2,ortholog_one2one
ENSG00000133816,MICAL2,ENSMUSG00000038244,Mical2,ortholog_one2one
ENSG00000099622,CIRBP,ENSMUSG00000045193,Cirbp,ortholog_one2one
ENSG00000084754,HADHA,ENSMUSG00000025745,Hadha,ortholog_one2one
ENSG00000012660,ELOVL5,ENSMUSG00000032349,Elovl5,ortholog_one2one
ENSG00000130768,SMPDL3B,ENSMUSG00000028885,Smpdl3b,ortholog_one2one
ENSG00000106052,TAX1BP1,ENSMUSG00000004535,Tax1bp1,ortholog_one2one
ENSG00000094804,CDC6,ENSMUSG00000017499,Cdc6,ortholog_one2one
ENSG00000164919,COX6C,ENSMUSG00000014313,Cox6c,ortholog_one2one
ENSG00000119723,COQ6,ENSMUSG00000021235,Coq6,ortholog_one2one
ENSG00000177752,YIPF7,ENSMUSG00000029158,Yipf7,ortholog_one2one
ENSG00000075711,DLG1,ENSMUSG00000022770,Dlg1,ortholog_one2one
ENSG00000132405,TBC1D14,ENSMUSG00000029192,Tbc1d14,ortholog_one2one
ENSG00000197442,MAP3K5,ENSMUSG00000071369,Map3k5,ortholog_one2one
ENSG00000107485,GATA3,ENSMUSG00000015619,Gata3,ortholog_one2one
ENSG00000178685,PARP10,ENSMUSG00000063268,Parp10,ortholog_one2one
ENSG00000082641,NFE2L1,ENSMUSG00000038615,Nfe2l1,ortholog_one2one
ENSG00000087253,LPCAT2,ENSMUSG00000033192,Lpcat2,ortholog_one2one
ENSG00000156671,SAMD8,ENSMUSG00000021770,Samd8,ortholog_one2one
ENSG00000162755,KLHDC9,ENSMUSG00000045259,Klhdc9,ortholog_one2one
ENSG00000116898,MRPS15,ENSMUSG00000028861,Mrps15,ortholog_one2one
ENSG00000205220,PSMB10,ENSMUSG00000031897,Psmb10,ortholog_one2one
ENSG00000156502,SUPV3L1,ENSMUSG00000020079,Supv3l1,ortholog_one2one
ENSG00000065559,MAP2K4,ENSMUSG00000033352,Map2k4,ortholog_one2one
ENSG00000124496,TRERF1,ENSMUSG00000064043,Trerf1,ortholog_one2one
ENSG00000181904,C5orf24,ENSMUSG00000045767,B230219D22Rik,ortholog_one2one
ENSG00000165914,TTC7B,ENSMUSG00000033530,Ttc7b,ortholog_one2one
ENSG00000188215,DCUN1D3,ENSMUSG00000048787,Dcun1d3,ortholog_one2one
ENSG00000112902,SEMA5A,ENSMUSG00000022231,Sema5a,ortholog_one2one
ENSG00000151806,GUF1,ENSMUSG00000029208,Guf1,ortholog_one2one
ENSG00000007376,RPUSD1,ENSMUSG00000041199,Rpusd1,ortholog_one2one
ENSG00000060718,COL11A1,ENSMUSG00000027966,Col11a1,ortholog_one2one
ENSG00000129244,ATP1B2,ENSMUSG00000041329,Atp1b2,ortholog_one2one
ENSG00000189120,SP6,ENSMUSG00000038560,Sp6,ortholog_one2one
ENSG00000161956,SENP3,ENSMUSG00000005204,Senp3,ortholog_one2one
ENSG00000110906,KCTD10,ENSMUSG00000001098,Kctd10,ortholog_one2one
ENSG00000109321,AREG,ENSMUSG00000029378,Areg,ortholog_one2one
ENSG00000163629,PTPN13,ENSMUSG00000034573,Ptpn13,ortholog_one2one
ENSG00000140691,ARMC5,ENSMUSG00000042178,Armc5,ortholog_one2one
ENSG00000277161,PIGW,ENSMUSG00000045140,Pigw,ortholog_one2one
ENSG00000130643,CALY,ENSMUSG00000025468,Caly,ortholog_one2one
ENSG00000170456,DENND5B,ENSMUSG00000030313,Dennd5b,ortholog_one2one
ENSG00000167653,PSCA,ENSMUSG00000022598,Psca,ortholog_one2one
ENSG00000100842,EFS,ENSMUSG00000022203,Efs,ortholog_one2one
ENSG00000156675,RAB11FIP1,ENSMUSG00000031488,Rab11fip1,ortholog_one2one
ENSG00000169738,DCXR,ENSMUSG00000039450,Dcxr,ortholog_one2one
ENSG00000163596,ICA1L,ENSMUSG00000026018,Ica1l,ortholog_one2one
ENSG00000100815,TRIP11,ENSMUSG00000021188,Trip11,ortholog_one2one
ENSG00000152422,XRCC4,ENSMUSG00000021615,Xrcc4,ortholog_one2one
ENSG00000171914,TLN2,ENSMUSG00000052698,Tln2,ortholog_one2one
ENSG00000132912,DCTN4,ENSMUSG00000024603,Dctn4,ortholog_one2one
ENSG00000135336,ORC3,ENSMUSG00000040044,Orc3,ortholog_one2one
ENSG00000168615,ADAM9,ENSMUSG00000031555,Adam9,ortholog_one2one
ENSG00000165752,STK32C,ENSMUSG00000015981,Stk32c,ortholog_one2one
ENSG00000165646,SLC18A2,ENSMUSG00000025094,Slc18a2,ortholog_one2one
ENSG00000104695,PPP2CB,ENSMUSG00000009630,Ppp2cb,ortholog_one2one
ENSG00000136003,ISCU,ENSMUSG00000025825,Iscu,ortholog_one2one
ENSG00000155508,CNOT8,ENSMUSG00000020515,Cnot8,ortholog_one2one
ENSG00000120885,CLU,ENSMUSG00000022037,Clu,ortholog_one2one
ENSG00000196792,STRN3,ENSMUSG00000020954,Strn3,ortholog_one2one
ENSG00000172638,EFEMP2,ENSMUSG00000024909,Efemp2,ortholog_one2one
ENSG00000107438,PDLIM1,ENSMUSG00000055044,Pdlim1,ortholog_one2one
ENSG00000009335,UBE3C,ENSMUSG00000039000,Ube3c,ortholog_one2one
ENSG00000182022,CHST15,ENSMUSG00000030930,Chst15,ortholog_one2one
ENSG00000135108,FBXO21,ENSMUSG00000032898,Fbxo21,ortholog_one2one
ENSG00000033800,PIAS1,ENSMUSG00000032405,Pias1,ortholog_one2one
ENSG00000104969,SGTA,ENSMUSG00000004937,Sgta,ortholog_one2one
ENSG00000197930,ERO1A,ENSMUSG00000021831,Ero1a,ortholog_one2one
ENSG00000011021,CLCN6,ENSMUSG00000029016,Clcn6,ortholog_one2one
ENSG00000133641,RLIG1,ENSMUSG00000046567,Rlig1,ortholog_one2one
ENSG00000119977,TCTN3,ENSMUSG00000025008,Tctn3,ortholog_one2one
ENSG00000100478,AP4S1,ENSMUSG00000020955,Ap4s1,ortholog_one2one
ENSG00000115138,POMC,ENSMUSG00000020660,Pomc,ortholog_one2one
ENSG00000128872,TMOD2,ENSMUSG00000032186,Tmod2,ortholog_one2one
ENSG00000166986,MARS1,ENSMUSG00000040354,Mars1,ortholog_one2one
ENSG00000132432,SEC61G,ENSMUSG00000078974,Sec61g,ortholog_one2one
ENSG00000157064,NMNAT2,ENSMUSG00000042751,Nmnat2,ortholog_one2one
ENSG00000136802,LRRC8A,ENSMUSG00000007476,Lrrc8a,ortholog_one2one
ENSG00000119844,AFTPH,ENSMUSG00000049659,Aftph,ortholog_one2one
ENSG00000185215,TNFAIP2,ENSMUSG00000021281,Tnfaip2,ortholog_one2one
ENSG00000198933,TBKBP1,ENSMUSG00000038517,Tbkbp1,ortholog_one2one
ENSG00000143256,PFDN2,ENSMUSG00000006412,Pfdn2,ortholog_one2one
ENSG00000135750,KCNK1,ENSMUSG00000033998,Kcnk1,ortholog_one2one
ENSG00000213203,GIMAP1,ENSMUSG00000090019,Gimap1,ortholog_one2one
ENSG00000166741,NNMT,ENSMUSG00000032271,Nnmt,ortholog_one2one
ENSG00000100473,COCH,ENSMUSG00000020953,Coch,ortholog_one2one
ENSG00000136286,MYO1G,ENSMUSG00000020437,Myo1g,ortholog_one2one
ENSG00000277258,PCGF2,ENSMUSG00000018537,Pcgf2,ortholog_one2one
ENSG00000169071,ROR2,ENSMUSG00000021464,Ror2,ortholog_one2one
ENSG00000145982,FARS2,ENSMUSG00000021420,Fars2,ortholog_one2one
ENSG00000162782,TDRD5,ENSMUSG00000060985,Tdrd5,ortholog_one2one
ENSG00000198018,ENTPD7,ENSMUSG00000025192,Entpd7,ortholog_one2one
ENSG00000149257,SERPINH1,ENSMUSG00000070436,Serpinh1,ortholog_one2one
ENSG00000108175,ZMIZ1,ENSMUSG00000007817,Zmiz1,ortholog_one2one
ENSG00000159899,NPR2,ENSMUSG00000028469,Npr2,ortholog_one2one
ENSG00000115484,CCT4,ENSMUSG00000007739,Cct4,ortholog_one2one
ENSG00000092470,WDR76,ENSMUSG00000027242,Wdr76,ortholog_one2one
ENSG00000160014,CALM3,ENSMUSG00000019370,Calm3,ortholog_one2one
ENSG00000183814,LIN9,ENSMUSG00000058729,Lin9,ortholog_one2one
ENSG00000070610,GBA2,ENSMUSG00000028467,Gba2,ortholog_one2one
ENSG00000178826,TMEM139,ENSMUSG00000071506,Tmem139,ortholog_one2one
ENSG00000156711,MAPK13,ENSMUSG00000004864,Mapk13,ortholog_one2one
ENSG00000119699,TGFB3,ENSMUSG00000021253,Tgfb3,ortholog_one2one
ENSG00000277972,CISD3,ENSMUSG00000078695,Cisd3,ortholog_one2one
ENSG00000150054,MPP7,ENSMUSG00000057440,Mpp7,ortholog_one2one
ENSG00000125434,SLC25A35,ENSMUSG00000018740,Slc25a35,ortholog_one2one
ENSG00000004866,ST7,ENSMUSG00000029534,St7,ortholog_one2one
ENSG00000125912,NCLN,ENSMUSG00000020238,Ncln,ortholog_one2one
ENSG00000108961,RANGRF,ENSMUSG00000032892,Rangrf,ortholog_one2one
ENSG00000100567,PSMA3,ENSMUSG00000060073,Psma3,ortholog_one2one
ENSG00000142507,PSMB6,ENSMUSG00000018286,Psmb6,ortholog_one2one
ENSG00000213930,GALT,ENSMUSG00000036073,Galt,ortholog_one2one
ENSG00000129235,TXNDC17,ENSMUSG00000020803,Txndc17,ortholog_one2one
ENSG00000173137,ADCK5,ENSMUSG00000022550,Adck5,ortholog_one2one
ENSG00000135318,NT5E,ENSMUSG00000032420,Nt5e,ortholog_one2one
ENSG00000108651,UTP6,ENSMUSG00000035575,Utp6,ortholog_one2one
ENSG00000110013,SIAE,ENSMUSG00000001942,Siae,ortholog_one2one
ENSG00000138303,ASCC1,ENSMUSG00000044475,Ascc1,ortholog_one2one
ENSG00000223501,VPS52,ENSMUSG00000024319,Vps52,ortholog_one2one
ENSG00000085733,CTTN,ENSMUSG00000031078,Cttn,ortholog_one2one
ENSG00000213190,MLLT11,ENSMUSG00000053192,Mllt11,ortholog_one2one
ENSG00000169598,DFFB,ENSMUSG00000029027,Dffb,ortholog_one2one
ENSG00000261308,FIGNL2,ENSMUSG00000095440,Fignl2,ortholog_one2one
ENSG00000086598,TMED2,ENSMUSG00000029390,Tmed2,ortholog_one2one
ENSG00000113621,TXNDC15,ENSMUSG00000021497,Txndc15,ortholog_one2one
ENSG00000158816,VWA5B1,ENSMUSG00000028753,Vwa5b1,ortholog_one2one
ENSG00000111669,TPI1,ENSMUSG00000023456,Tpi1,ortholog_one2one
ENSG00000115935,WIPF1,ENSMUSG00000075284,Wipf1,ortholog_one2one
ENSG00000120526,NUDCD1,ENSMUSG00000038736,Nudcd1,ortholog_one2one
ENSG00000039560,RAI14,ENSMUSG00000022246,Rai14,ortholog_one2one
ENSG00000100503,NIN,ENSMUSG00000021068,Nin,ortholog_one2one
ENSG00000162385,MAGOH,ENSMUSG00000028609,Magoh,ortholog_one2one
ENSG00000189433,GJB4,ENSMUSG00000046623,Gjb4,ortholog_one2one
ENSG00000166295,ANAPC16,ENSMUSG00000020107,Anapc16,ortholog_one2one
ENSG00000143190,POU2F1,ENSMUSG00000026565,Pou2f1,ortholog_one2one
ENSG00000108528,SLC25A11,ENSMUSG00000014606,Slc25a11,ortholog_one2one
ENSG00000125730,C3,ENSMUSG00000024164,C3,ortholog_one2one
ENSG00000107185,RGP1,ENSMUSG00000028468,Rgp1,ortholog_one2one
ENSG00000103707,MTFMT,ENSMUSG00000059183,Mtfmt,ortholog_one2one
ENSG00000122986,HVCN1,ENSMUSG00000064267,Hvcn1,ortholog_one2one
ENSG00000164031,DNAJB14,ENSMUSG00000074212,Dnajb14,ortholog_one2one
ENSG00000165102,HGSNAT,ENSMUSG00000037260,Hgsnat,ortholog_one2one
ENSG00000164975,SNAPC3,ENSMUSG00000028483,Snapc3,ortholog_one2one
ENSG00000047662,FAM184B,ENSMUSG00000015879,Fam184b,ortholog_one2one
ENSG00000140545,MFGE8,ENSMUSG00000030605,Mfge8,ortholog_one2one
ENSG00000278619,MRM1,ENSMUSG00000018405,Mrm1,ortholog_one2one
ENSG00000179387,ELMOD2,ENSMUSG00000035151,Elmod2,ortholog_one2one
ENSG00000169710,FASN,ENSMUSG00000025153,Fasn,ortholog_one2one
ENSG00000106976,DNM1,ENSMUSG00000026825,Dnm1,ortholog_one2one
ENSG00000132024,CC2D1A,ENSMUSG00000036686,Cc2d1a,ortholog_one2one
ENSG00000013810,TACC3,ENSMUSG00000037313,Tacc3,ortholog_one2one
ENSG00000123329,ARHGAP9,ENSMUSG00000040345,Arhgap9,ortholog_one2one
ENSG00000155975,VPS37A,ENSMUSG00000031600,Vps37a,ortholog_one2one
ENSG00000001167,NFYA,ENSMUSG00000023994,Nfya,ortholog_one2one
ENSG00000126698,DNAJC8,ENSMUSG00000054405,Dnajc8,ortholog_one2one
ENSG00000138029,HADHB,ENSMUSG00000059447,Hadhb,ortholog_one2one
ENSG00000109919,MTCH2,ENSMUSG00000027282,Mtch2,ortholog_one2one
ENSG00000197747,S100A10,ENSMUSG00000041959,S100a10,ortholog_one2one
ENSG00000117399,CDC20,ENSMUSG00000006398,Cdc20,ortholog_one2one
ENSG00000157450,RNF111,ENSMUSG00000032217,Rnf111,ortholog_one2one
ENSG00000172336,POP7,ENSMUSG00000029715,Pop7,ortholog_one2one
ENSG00000005469,CROT,ENSMUSG00000003623,Crot,ortholog_one2one
ENSG00000185909,KLHDC8B,ENSMUSG00000032609,Klhdc8b,ortholog_one2one
ENSG00000114573,ATP6V1A,ENSMUSG00000052459,Atp6v1a,ortholog_one2one
ENSG00000048028,USP28,ENSMUSG00000032267,Usp28,ortholog_one2one
ENSG00000016402,IL20RA,ENSMUSG00000020007,Il20ra,ortholog_one2one
ENSG00000168936,TMEM129,ENSMUSG00000019295,Tmem129,ortholog_one2one
ENSG00000183783,KCTD8,ENSMUSG00000037653,Kctd8,ortholog_one2one
ENSG00000136205,TNS3,ENSMUSG00000020422,Tns3,ortholog_one2one
ENSG00000109323,MANBA,ENSMUSG00000028164,Manba,ortholog_one2one
ENSG00000143376,SNX27,ENSMUSG00000028136,Snx27,ortholog_one2one
ENSG00000134291,TMEM106C,ENSMUSG00000052369,Tmem106c,ortholog_one2one
ENSG00000024422,EHD2,ENSMUSG00000074364,Ehd2,ortholog_one2one
ENSG00000025796,SEC63,ENSMUSG00000019802,Sec63,ortholog_one2one
ENSG00000129484,PARP2,ENSMUSG00000036023,Parp2,ortholog_one2one
ENSG00000171119,NRTN,ENSMUSG00000039481,Nrtn,ortholog_one2one
ENSG00000105251,SHD,ENSMUSG00000039154,Shd,ortholog_one2one
ENSG00000145730,PAM,ENSMUSG00000026335,Pam,ortholog_one2one
ENSG00000176095,IP6K1,ENSMUSG00000032594,Ip6k1,ortholog_one2one
ENSG00000198242,RPL23A,ENSMUSG00000058546,Rpl23a,ortholog_one2one
ENSG00000197858,GPAA1,ENSMUSG00000022561,Gpaa1,ortholog_one2one
ENSG00000258484,SPESP1,ENSMUSG00000046846,Spesp1,ortholog_one2one
ENSG00000168781,PPIP5K1,ENSMUSG00000033526,Ppip5k1,ortholog_one2one
ENSG00000168374,ARF4,ENSMUSG00000021877,Arf4,ortholog_one2one
ENSG00000173812,EIF1,ENSMUSG00000035530,Eif1,ortholog_one2one
ENSG00000073050,XRCC1,ENSMUSG00000051768,Xrcc1,ortholog_one2one
ENSG00000153944,MSI2,ENSMUSG00000069769,Msi2,ortholog_one2one
ENSG00000214706,IFRD2,ENSMUSG00000010048,Ifrd2,ortholog_one2one
ENSG00000155393,HEATR3,ENSMUSG00000031657,Heatr3,ortholog_one2one
ENSG00000139625,MAP3K12,ENSMUSG00000023050,Map3k12,ortholog_one2one
ENSG00000198517,MAFK,ENSMUSG00000018143,Mafk,ortholog_one2one
ENSG00000162735,PEX19,ENSMUSG00000003464,Pex19,ortholog_one2one
ENSG00000128833,MYO5C,ENSMUSG00000033590,Myo5c,ortholog_one2one
ENSG00000091127,PUS7,ENSMUSG00000057541,Pus7,ortholog_one2one
ENSG00000112139,MDGA1,ENSMUSG00000043557,Mdga1,ortholog_one2one
ENSG00000139083,ETV6,ENSMUSG00000030199,Etv6,ortholog_one2one
ENSG00000103275,UBE2I,ENSMUSG00000015120,Ube2i,ortholog_one2one
ENSG00000148175,STOM,ENSMUSG00000026880,Stom,ortholog_one2one
ENSG00000123415,SMUG1,ENSMUSG00000036061,Smug1,ortholog_one2one
ENSG00000155111,CDK19,ENSMUSG00000038481,Cdk19,ortholog_one2one
ENSG00000145431,PDGFC,ENSMUSG00000028019,Pdgfc,ortholog_one2one
ENSG00000161509,GRIN2C,ENSMUSG00000020734,Grin2c,ortholog_one2one
ENSG00000116698,SMG7,ENSMUSG00000042772,Smg7,ortholog_one2one
ENSG00000197646,PDCD1LG2,ENSMUSG00000016498,Pdcd1lg2,ortholog_one2one
ENSG00000185619,PCGF3,ENSMUSG00000033623,Pcgf3,ortholog_one2one
ENSG00000076928,ARHGEF1,ENSMUSG00000040940,Arhgef1,ortholog_one2one
ENSG00000076242,MLH1,ENSMUSG00000032498,Mlh1,ortholog_one2one
ENSG00000111859,NEDD9,ENSMUSG00000021365,Nedd9,ortholog_one2one
ENSG00000158604,TMED4,ENSMUSG00000004394,Tmed4,ortholog_one2one
ENSG00000087116,ADAMTS2,ENSMUSG00000036545,Adamts2,ortholog_one2one
ENSG00000120088,CRHR1,ENSMUSG00000018634,Crhr1,ortholog_one2one
ENSG00000137831,UACA,ENSMUSG00000034485,Uaca,ortholog_one2one
ENSG00000181513,ACBD4,ENSMUSG00000056938,Acbd4,ortholog_one2one
ENSG00000254087,LYN,ENSMUSG00000042228,Lyn,ortholog_one2one
ENSG00000139973,SYT16,ENSMUSG00000044912,Syt16,ortholog_one2one
ENSG00000119630,PGF,ENSMUSG00000004791,Pgf,ortholog_one2one
ENSG00000093144,ECHDC1,ENSMUSG00000019883,Echdc1,ortholog_one2one
ENSG00000165688,PMPCA,ENSMUSG00000026926,Pmpca,ortholog_one2one
ENSG00000137502,RAB30,ENSMUSG00000030643,Rab30,ortholog_one2one
ENSG00000134851,TMEM165,ENSMUSG00000029234,Tmem165,ortholog_one2one
ENSG00000213928,IRF9,ENSMUSG00000002325,Irf9,ortholog_one2one
ENSG00000104518,GSDMD,ENSMUSG00000022575,Gsdmd,ortholog_one2one
ENSG00000157765,SLC34A2,ENSMUSG00000029188,Slc34a2,ortholog_one2one
ENSG00000137834,SMAD6,ENSMUSG00000036867,Smad6,ortholog_one2one
ENSG00000134287,ARF3,ENSMUSG00000051853,Arf3,ortholog_one2one
ENSG00000152942,RAD17,ENSMUSG00000021635,Rad17,ortholog_one2one
ENSG00000138617,PARP16,ENSMUSG00000032392,Parp16,ortholog_one2one
ENSG00000213614,HEXA,ENSMUSG00000025232,Hexa,ortholog_one2one
ENSG00000188070,ZFTA,ENSMUSG00000053080,Zfta,ortholog_one2one
ENSG00000108599,AKAP10,ENSMUSG00000047804,Akap10,ortholog_one2one
ENSG00000109911,ELP4,ENSMUSG00000027167,Elp4,ortholog_one2one
ENSG00000167566,NCKAP5L,ENSMUSG00000023009,Nckap5l,ortholog_one2one
ENSG00000136319,TTC5,ENSMUSG00000006288,Ttc5,ortholog_one2one
ENSG00000145391,SETD7,ENSMUSG00000037111,Setd7,ortholog_one2one
ENSG00000111450,STX2,ENSMUSG00000029428,Stx2,ortholog_one2one
ENSG00000167632,TRAPPC9,ENSMUSG00000047921,Trappc9,ortholog_one2one
ENSG00000137440,FGFBP1,ENSMUSG00000048373,Fgfbp1,ortholog_one2one
ENSG00000183092,BEGAIN,ENSMUSG00000040867,Begain,ortholog_one2one
ENSG00000135605,TEC,ENSMUSG00000029217,Tec,ortholog_one2one
ENSG00000149929,HIRIP3,ENSMUSG00000042606,Hirip3,ortholog_one2one
ENSG00000122641,INHBA,ENSMUSG00000041324,Inhba,ortholog_one2one
ENSG00000092054,MYH7,ENSMUSG00000053093,Myh7,ortholog_one2one
ENSG00000164414,SLC35A1,ENSMUSG00000028293,Slc35a1,ortholog_one2one
ENSG00000146963,LUC7L2,ENSMUSG00000029823,Luc7l2,ortholog_one2one
ENSG00000161542,PRPSAP1,ENSMUSG00000015869,Prpsap1,ortholog_one2one
ENSG00000159713,TPPP3,ENSMUSG00000014846,Tppp3,ortholog_one2one
ENSG00000138722,MMRN1,ENSMUSG00000054641,Mmrn1,ortholog_one2one
ENSG00000204852,TCTN1,ENSMUSG00000038593,Tctn1,ortholog_one2one
ENSG00000042445,RETSAT,ENSMUSG00000056666,Retsat,ortholog_one2one
ENSG00000074935,TUBE1,ENSMUSG00000019845,Tube1,ortholog_one2one
ENSG00000164144,ARFIP1,ENSMUSG00000074513,Arfip1,ortholog_one2one
ENSG00000103174,NAGPA,ENSMUSG00000023143,Nagpa,ortholog_one2one
ENSG00000110330,BIRC2,ENSMUSG00000057367,Birc2,ortholog_one2one
ENSG00000213588,ZBTB9,ENSMUSG00000079605,Zbtb9,ortholog_one2one
ENSG00000108469,RECQL5,ENSMUSG00000020752,Recql5,ortholog_one2one
ENSG00000164535,DAGLB,ENSMUSG00000039206,Daglb,ortholog_one2one
ENSG00000172977,KAT5,ENSMUSG00000024926,Kat5,ortholog_one2one
ENSG00000148337,CIZ1,ENSMUSG00000039205,Ciz1,ortholog_one2one
ENSG00000065135,GNAI3,ENSMUSG00000000001,Gnai3,ortholog_one2one
ENSG00000151692,RNF144A,ENSMUSG00000020642,Rnf144a,ortholog_one2one
ENSG00000164879,CA3,ENSMUSG00000027559,Car3,ortholog_one2one
ENSG00000010310,GIPR,ENSMUSG00000030406,Gipr,ortholog_one2one
ENSG00000133056,PIK3C2B,ENSMUSG00000026447,Pik3c2b,ortholog_one2one
ENSG00000115694,STK25,ENSMUSG00000026277,Stk25,ortholog_one2one
ENSG00000065833,ME1,ENSMUSG00000032418,Me1,ortholog_one2one
ENSG00000104299,INTS9,ENSMUSG00000021975,Ints9,ortholog_one2one
ENSG00000172824,CES4A,ENSMUSG00000060560,Ces4a,ortholog_one2one
ENSG00000164077,MON1A,ENSMUSG00000032583,Mon1a,ortholog_one2one
ENSG00000137822,TUBGCP4,ENSMUSG00000027263,Tubgcp4,ortholog_one2one
ENSG00000167757,KLK11,ENSMUSG00000067616,Klk11,ortholog_one2one
ENSG00000196453,ZNF777,ENSMUSG00000071477,Zfp777,ortholog_one2one
ENSG00000004864,SLC25A13,ENSMUSG00000015112,Slc25a13,ortholog_one2one
ENSG00000204160,ZDHHC18,ENSMUSG00000037553,Zdhhc18,ortholog_one2one
ENSG00000096060,FKBP5,ENSMUSG00000024222,Fkbp5,ortholog_one2one
ENSG00000166106,ADAMTS15,ENSMUSG00000033453,Adamts15,ortholog_one2one
ENSG00000243678,NME2,ENSMUSG00000020857,Nme2,ortholog_one2one
ENSG00000164050,PLXNB1,ENSMUSG00000053646,Plxnb1,ortholog_one2one
ENSG00000170242,USP47,ENSMUSG00000059263,Usp47,ortholog_one2one
ENSG00000132698,RAB25,ENSMUSG00000008601,Rab25,ortholog_one2one
ENSG00000103145,HCFC1R1,ENSMUSG00000023904,Hcfc1r1,ortholog_one2one
ENSG00000142530,GARIN5A,ENSMUSG00000051113,Garin5a,ortholog_one2one
ENSG00000134020,PEBP4,ENSMUSG00000022085,Pebp4,ortholog_one2one
ENSG00000090266,NDUFB2,ENSMUSG00000002416,Ndufb2,ortholog_one2one
ENSG00000143333,RGS16,ENSMUSG00000026475,Rgs16,ortholog_one2one
ENSG00000105135,ILVBL,ENSMUSG00000032763,Ilvbl,ortholog_one2one
ENSG00000240694,PNMA2,ENSMUSG00000046204,Pnma2,ortholog_one2one
ENSG00000089280,FUS,ENSMUSG00000030795,Fus,ortholog_one2one
ENSG00000104043,ATP8B4,ENSMUSG00000060131,Atp8b4,ortholog_one2one
ENSG00000120910,PPP3CC,ENSMUSG00000022092,Ppp3cc,ortholog_one2one
ENSG00000122778,KIAA1549,ENSMUSG00000063455,D630045J12Rik,ortholog_one2one
ENSG00000108846,ABCC3,ENSMUSG00000020865,Abcc3,ortholog_one2one
ENSG00000068078,FGFR3,ENSMUSG00000054252,Fgfr3,ortholog_one2one
ENSG00000113163,CERT1,ENSMUSG00000021669,Cert1,ortholog_one2one
ENSG00000204580,DDR1,ENSMUSG00000003534,Ddr1,ortholog_one2one
ENSG00000128928,IVD,ENSMUSG00000027332,Ivd,ortholog_one2one
ENSG00000091732,ZC3HC1,ENSMUSG00000039130,Zc3hc1,ortholog_one2one
ENSG00000169299,PGM2,ENSMUSG00000029171,Pgm2,ortholog_one2one
ENSG00000135974,C2orf49,ENSMUSG00000010290,AI597479,ortholog_one2one
ENSG00000123268,ATF1,ENSMUSG00000023027,Atf1,ortholog_one2one
ENSG00000127990,SGCE,ENSMUSG00000004631,Sgce,ortholog_one2one
ENSG00000118160,SLC8A2,ENSMUSG00000030376,Slc8a2,ortholog_one2one
ENSG00000067369,TP53BP1,ENSMUSG00000043909,Trp53bp1,ortholog_one2one
ENSG00000137575,SDCBP,ENSMUSG00000028249,Sdcbp,ortholog_one2one
ENSG00000168092,PAFAH1B2,ENSMUSG00000003131,Pafah1b2,ortholog_one2one
ENSG00000198598,MMP17,ENSMUSG00000029436,Mmp17,ortholog_one2one
ENSG00000067715,SYT1,ENSMUSG00000035864,Syt1,ortholog_one2one
ENSG00000002549,LAP3,ENSMUSG00000039682,Lap3,ortholog_one2one
ENSG00000109205,ODAM,ENSMUSG00000009580,Odam,ortholog_one2one
ENSG00000167414,GNG8,ENSMUSG00000063594,Gng8,ortholog_one2one
ENSG00000037757,MRI1,ENSMUSG00000004996,Mri1,ortholog_one2one
ENSG00000177542,SLC25A22,ENSMUSG00000019082,Slc25a22,ortholog_one2one
ENSG00000063245,EPN1,ENSMUSG00000035203,Epn1,ortholog_one2one
ENSG00000138642,HERC6,ENSMUSG00000029798,Herc6,ortholog_one2one
ENSG00000174938,SEZ6L2,ENSMUSG00000030683,Sez6l2,ortholog_one2one
ENSG00000197329,PELI1,ENSMUSG00000020134,Peli1,ortholog_one2one
ENSG00000100678,SLC8A3,ENSMUSG00000079055,Slc8a3,ortholog_one2one
ENSG00000140612,SEC11A,ENSMUSG00000025724,Sec11a,ortholog_one2one
ENSG00000109445,ZNF330,ENSMUSG00000031711,Zfp330,ortholog_one2one
ENSG00000164292,RHOBTB3,ENSMUSG00000021589,Rhobtb3,ortholog_one2one
ENSG00000144455,SUMF1,ENSMUSG00000030101,Sumf1,ortholog_one2one
ENSG00000173221,GLRX,ENSMUSG00000021591,Glrx,ortholog_one2one
ENSG00000113396,SLC27A6,ENSMUSG00000024600,Slc27a6,ortholog_one2one
ENSG00000120925,RNF170,ENSMUSG00000013878,Rnf170,ortholog_one2one
ENSG00000119725,ZNF410,ENSMUSG00000042472,Zfp410,ortholog_one2one
ENSG00000118762,PKD2,ENSMUSG00000034462,Pkd2,ortholog_one2one
ENSG00000139697,SBNO1,ENSMUSG00000038095,Sbno1,ortholog_one2one
ENSG00000145907,G3BP1,ENSMUSG00000018583,G3bp1,ortholog_one2one
ENSG00000130294,KIF1A,ENSMUSG00000014602,Kif1a,ortholog_one2one
ENSG00000144677,CTDSPL,ENSMUSG00000047409,Ctdspl,ortholog_one2one
ENSG00000160948,VPS28,ENSMUSG00000115987,Vps28,ortholog_one2one
ENSG00000109424,UCP1,ENSMUSG00000031710,Ucp1,ortholog_one2one
ENSG00000198121,LPAR1,ENSMUSG00000038668,Lpar1,ortholog_one2one
ENSG00000168310,IRF2,ENSMUSG00000031627,Irf2,ortholog_one2one
ENSG00000013364,MVP,ENSMUSG00000030681,Mvp,ortholog_one2one
ENSG00000111647,BLTP3B,ENSMUSG00000019951,Bltp3b,ortholog_one2one
ENSG00000140474,ULK3,ENSMUSG00000032308,Ulk3,ortholog_one2one
ENSG00000144824,PHLDB2,ENSMUSG00000033149,Phldb2,ortholog_one2one
ENSG00000102879,CORO1A,ENSMUSG00000030707,Coro1a,ortholog_one2one
ENSG00000079999,KEAP1,ENSMUSG00000003308,Keap1,ortholog_one2one
ENSG00000164347,GFM2,ENSMUSG00000021666,Gfm2,ortholog_one2one
ENSG00000151470,C4orf33,ENSMUSG00000025766,D3Ertd751e,ortholog_one2one
ENSG00000064115,TM7SF3,ENSMUSG00000040234,Tm7sf3,ortholog_one2one
ENSG00000172889,EGFL7,ENSMUSG00000026921,Egfl7,ortholog_one2one
ENSG00000064607,SUGP2,ENSMUSG00000036054,Sugp2,ortholog_one2one
ENSG00000184916,JAG2,ENSMUSG00000002799,Jag2,ortholog_one2one
ENSG00000164035,EMCN,ENSMUSG00000054690,Emcn,ortholog_one2one
ENSG00000134463,ECHDC3,ENSMUSG00000039063,Echdc3,ortholog_one2one
ENSG00000107929,LARP4B,ENSMUSG00000033499,Larp4b,ortholog_one2one
ENSG00000167377,ZNF23,ENSMUSG00000044676,Zfp612,ortholog_one2one
ENSG00000276043,UHRF1,ENSMUSG00000001228,Uhrf1,ortholog_one2one
ENSG00000187486,KCNJ11,ENSMUSG00000096146,Kcnj11,ortholog_one2one
ENSG00000148700,ADD3,ENSMUSG00000025026,Add3,ortholog_one2one
ENSG00000103534,TMC5,ENSMUSG00000030650,Tmc5,ortholog_one2one
ENSG00000173933,RBM4,ENSMUSG00000094936,Rbm4,ortholog_one2one
ENSG00000076513,ANKRD13A,ENSMUSG00000041870,Ankrd13a,ortholog_one2one
ENSG00000109501,WFS1,ENSMUSG00000039474,Wfs1,ortholog_one2one
ENSG00000134013,LOXL2,ENSMUSG00000034205,Loxl2,ortholog_one2one
ENSG00000205302,SNX2,ENSMUSG00000034484,Snx2,ortholog_one2one
ENSG00000072954,TMEM38A,ENSMUSG00000031791,Tmem38a,ortholog_one2one
ENSG00000129151,BBOX1,ENSMUSG00000041660,Bbox1,ortholog_one2one
ENSG00000139970,RTN1,ENSMUSG00000021087,Rtn1,ortholog_one2one
ENSG00000078674,PCM1,ENSMUSG00000031592,Pcm1,ortholog_one2one
ENSG00000125746,EML2,ENSMUSG00000040811,Eml2,ortholog_one2one
ENSG00000137825,ITPKA,ENSMUSG00000027296,Itpka,ortholog_one2one
ENSG00000163291,PAQR3,ENSMUSG00000055725,Paqr3,ortholog_one2one
ENSG00000178802,MPI,ENSMUSG00000032306,Mpi,ortholog_one2one
ENSG00000273559,CWC25,ENSMUSG00000018541,Cwc25,ortholog_one2one
ENSG00000012963,UBR7,ENSMUSG00000041712,Ubr7,ortholog_one2one
ENSG00000052795,FNIP2,ENSMUSG00000061175,Fnip2,ortholog_one2one
ENSG00000151500,THYN1,ENSMUSG00000035443,Thyn1,ortholog_one2one
ENSG00000130921,MTRFR,ENSMUSG00000047635,Mtrfr,ortholog_one2one
ENSG00000188878,FBF1,ENSMUSG00000020776,Fbf1,ortholog_one2one
ENSG00000173040,EVC2,ENSMUSG00000050248,Evc2,ortholog_one2one
ENSG00000123064,DDX54,ENSMUSG00000029599,Ddx54,ortholog_one2one
ENSG00000177932,ZNF354C,ENSMUSG00000044807,Zfp354c,ortholog_one2one
ENSG00000100884,CPNE6,ENSMUSG00000022212,Cpne6,ortholog_one2one
ENSG00000149131,SERPING1,ENSMUSG00000023224,Serping1,ortholog_one2one
ENSG00000022355,GABRA1,ENSMUSG00000010803,Gabra1,ortholog_one2one
ENSG00000125445,MRPS7,ENSMUSG00000046756,Mrps7,ortholog_one2one
ENSG00000154001,PPP2R5E,ENSMUSG00000021051,Ppp2r5e,ortholog_one2one
ENSG00000040531,CTNS,ENSMUSG00000005949,Ctns,ortholog_one2one
ENSG00000010319,SEMA3G,ENSMUSG00000021904,Sema3g,ortholog_one2one
ENSG00000104946,TBC1D17,ENSMUSG00000038520,Tbc1d17,ortholog_one2one
ENSG00000131165,CHMP1A,ENSMUSG00000000743,Chmp1a,ortholog_one2one
ENSG00000041880,PARP3,ENSMUSG00000023249,Parp3,ortholog_one2one
ENSG00000138696,BMPR1B,ENSMUSG00000052430,Bmpr1b,ortholog_one2one
ENSG00000125457,MIF4GD,ENSMUSG00000020743,Mif4gd,ortholog_one2one
ENSG00000132612,VPS4A,ENSMUSG00000031913,Vps4a,ortholog_one2one
ENSG00000110628,SLC67A1,ENSMUSG00000000154,Slc22a18,ortholog_one2one
ENSG00000180209,MYL11,ENSMUSG00000030672,Mylpf,ortholog_one2one
ENSG00000105778,AVL9,ENSMUSG00000029787,Avl9,ortholog_one2one
ENSG00000170876,TMEM43,ENSMUSG00000030095,Tmem43,ortholog_one2one
ENSG00000104964,TLE5,ENSMUSG00000054452,Tle5,ortholog_one2one
ENSG00000170545,SMAGP,ENSMUSG00000053559,Smagp,ortholog_one2one
ENSG00000119139,TJP2,ENSMUSG00000024812,Tjp2,ortholog_one2one
ENSG00000131473,ACLY,ENSMUSG00000020917,Acly,ortholog_one2one
ENSG00000151304,SRFBP1,ENSMUSG00000024528,Srfbp1,ortholog_one2one
ENSG00000090905,TNRC6A,ENSMUSG00000052707,Tnrc6a,ortholog_one2one
ENSG00000109472,CPE,ENSMUSG00000037852,Cpe,ortholog_one2one
ENSG00000234284,ZNF879,ENSMUSG00000044296,Zfp879,ortholog_one2one
ENSG00000163071,SPATA18,ENSMUSG00000029155,Spata18,ortholog_one2one
ENSG00000198690,FAN1,ENSMUSG00000033458,Fan1,ortholog_one2one
ENSG00000166598,HSP90B1,ENSMUSG00000020048,Hsp90b1,ortholog_one2one
ENSG00000155034,FBXL18,ENSMUSG00000066640,Fbxl18,ortholog_one2one
ENSG00000170365,SMAD1,ENSMUSG00000031681,Smad1,ortholog_one2one
ENSG00000136261,BZW2,ENSMUSG00000020547,Bzw2,ortholog_one2one
ENSG00000145194,ECE2,ENSMUSG00000022842,Ece2,ortholog_one2one
ENSG00000162493,PDPN,ENSMUSG00000028583,Pdpn,ortholog_one2one
ENSG00000105726,ATP13A1,ENSMUSG00000031862,Atp13a1,ortholog_one2one
ENSG00000100749,VRK1,ENSMUSG00000021115,Vrk1,ortholog_one2one
ENSG00000205629,LCMT1,ENSMUSG00000030763,Lcmt1,ortholog_one2one
ENSG00000164398,ACSL6,ENSMUSG00000020333,Acsl6,ortholog_one2one
ENSG00000214114,MYCBP,ENSMUSG00000028647,Mycbp,ortholog_one2one
ENSG00000129744,ART1,ENSMUSG00000030996,Art1,ortholog_one2one
ENSG00000137496,IL18BP,ENSMUSG00000070427,Il18bp,ortholog_one2one
ENSG00000221866,PLXNA4,ENSMUSG00000029765,Plxna4,ortholog_one2one
ENSG00000059378,PARP12,ENSMUSG00000038507,Parp12,ortholog_one2one
ENSG00000092850,TEKT2,ENSMUSG00000028845,Tekt2,ortholog_one2one
ENSG00000168924,LETM1,ENSMUSG00000005299,Letm1,ortholog_one2one
ENSG00000144659,SLC25A38,ENSMUSG00000032519,Slc25a38,ortholog_one2one
ENSG00000164949,GEM,ENSMUSG00000028214,Gem,ortholog_one2one
ENSG00000165006,UBAP1,ENSMUSG00000028437,Ubap1,ortholog_one2one
ENSG00000161642,ZNF385A,ENSMUSG00000000552,Zfp385a,ortholog_one2one
ENSG00000164054,SHISA5,ENSMUSG00000025647,Shisa5,ortholog_one2one
ENSG00000100564,PIGH,ENSMUSG00000021120,Pigh,ortholog_one2one
ENSG00000185475,TMEM179B,ENSMUSG00000118346,Tmem179b,ortholog_one2one
ENSG00000142279,WTIP,ENSMUSG00000036459,Wtip,ortholog_one2one
ENSG00000143590,EFNA3,ENSMUSG00000028039,Efna3,ortholog_one2one
ENSG00000176148,TCP11L1,ENSMUSG00000027175,Tcp11l1,ortholog_one2one
ENSG00000106524,ANKMY2,ENSMUSG00000036188,Ankmy2,ortholog_one2one
ENSG00000130770,ATP5IF1,ENSMUSG00000054428,Atp5if1,ortholog_one2one
ENSG00000184428,TOP1MT,ENSMUSG00000000934,Top1mt,ortholog_one2one
ENSG00000145439,CBR4,ENSMUSG00000031641,Cbr4,ortholog_one2one
ENSG00000142233,NTN5,ENSMUSG00000070564,Ntn5,ortholog_one2one
ENSG00000131873,CHSY1,ENSMUSG00000032640,Chsy1,ortholog_one2one
ENSG00000105607,GCDH,ENSMUSG00000003809,Gcdh,ortholog_one2one
ENSG00000138764,CCNG2,ENSMUSG00000029385,Ccng2,ortholog_one2one
ENSG00000092010,PSME1,ENSMUSG00000022216,Psme1,ortholog_one2one
ENSG00000007392,LUC7L,ENSMUSG00000024188,Luc7l,ortholog_one2one
ENSG00000163380,LMOD3,ENSMUSG00000044086,Lmod3,ortholog_one2one
ENSG00000157036,EXOG,ENSMUSG00000042787,Exog,ortholog_one2one
ENSG00000050426,LETMD1,ENSMUSG00000037353,Letmd1,ortholog_one2one
ENSG00000132906,CASP9,ENSMUSG00000028914,Casp9,ortholog_one2one
ENSG00000090487,SPG21,ENSMUSG00000032388,Spg21,ortholog_one2one
ENSG00000170185,USP38,ENSMUSG00000038250,Usp38,ortholog_one2one
ENSG00000165917,RAPSN,ENSMUSG00000002104,Rapsn,ortholog_one2one
ENSG00000263001,GTF2I,ENSMUSG00000060261,Gtf2i,ortholog_one2one
ENSG00000163463,KRTCAP2,ENSMUSG00000042747,Krtcap2,ortholog_one2one
ENSG00000109534,GAR1,ENSMUSG00000028010,Gar1,ortholog_one2one
ENSG00000149187,CELF1,ENSMUSG00000005506,Celf1,ortholog_one2one
ENSG00000162623,TYW3,ENSMUSG00000047583,Tyw3,ortholog_one2one
ENSG00000169122,FAM110B,ENSMUSG00000049119,Fam110b,ortholog_one2one
ENSG00000163932,PRKCD,ENSMUSG00000021948,Prkcd,ortholog_one2one
ENSG00000179364,PACS2,ENSMUSG00000021143,Pacs2,ortholog_one2one
ENSG00000066827,ZFAT,ENSMUSG00000022335,Zfat,ortholog_one2one
ENSG00000143119,CD53,ENSMUSG00000040747,Cd53,ortholog_one2one
ENSG00000103479,RBL2,ENSMUSG00000031666,Rbl2,ortholog_one2one
ENSG00000153130,SCOC,ENSMUSG00000063253,Scoc,ortholog_one2one
ENSG00000167657,DAPK3,ENSMUSG00000034974,Dapk3,ortholog_one2one
ENSG00000106829,TLE4,ENSMUSG00000024642,Tle4,ortholog_one2one
ENSG00000188906,LRRK2,ENSMUSG00000036273,Lrrk2,ortholog_one2one
ENSG00000125503,PPP1R12C,ENSMUSG00000019254,Ppp1r12c,ortholog_one2one
ENSG00000109787,KLF3,ENSMUSG00000029178,Klf3,ortholog_one2one
ENSG00000198301,SDAD1,ENSMUSG00000029415,Sdad1,ortholog_one2one
ENSG00000086015,MAST2,ENSMUSG00000003810,Mast2,ortholog_one2one
ENSG00000175084,DES,ENSMUSG00000026208,Des,ortholog_one2one
ENSG00000242612,DECR2,ENSMUSG00000036775,Decr2,ortholog_one2one
ENSG00000013573,DDX11,ENSMUSG00000035842,Ddx11,ortholog_one2one
ENSG00000137509,PRCP,ENSMUSG00000061119,Prcp,ortholog_one2one
ENSG00000104320,NBN,ENSMUSG00000028224,Nbn,ortholog_one2one
ENSG00000064932,SBNO2,ENSMUSG00000035673,Sbno2,ortholog_one2one
ENSG00000166971,AKTIP,ENSMUSG00000031667,Aktip,ortholog_one2one
ENSG00000145526,CDH18,ENSMUSG00000040420,Cdh18,ortholog_one2one
ENSG00000172399,MYOZ2,ENSMUSG00000028116,Myoz2,ortholog_one2one
ENSG00000134461,ANKRD16,ENSMUSG00000047909,Ankrd16,ortholog_one2one
ENSG00000134853,PDGFRA,ENSMUSG00000029231,Pdgfra,ortholog_one2one
ENSG00000174672,BRSK2,ENSMUSG00000053046,Brsk2,ortholog_one2one
ENSG00000176986,SEC24C,ENSMUSG00000039367,Sec24c,ortholog_one2one
ENSG00000147955,SIGMAR1,ENSMUSG00000036078,Sigmar1,ortholog_one2one
ENSG00000253313,C1orf210,ENSMUSG00000028536,2610528J11Rik,ortholog_one2one
ENSG00000156958,GALK2,ENSMUSG00000027207,Galk2,ortholog_one2one
ENSG00000148248,SURF4,ENSMUSG00000014867,Surf4,ortholog_one2one
ENSG00000143379,SETDB1,ENSMUSG00000015697,Setdb1,ortholog_one2one
ENSG00000176049,JAKMIP2,ENSMUSG00000024502,Jakmip2,ortholog_one2one
ENSG00000105011,ASF1B,ENSMUSG00000005470,Asf1b,ortholog_one2one
ENSG00000105127,AKAP8,ENSMUSG00000024045,Akap8,ortholog_one2one
ENSG00000122692,SMU1,ENSMUSG00000028409,Smu1,ortholog_one2one
ENSG00000135686,KLHL36,ENSMUSG00000031828,Klhl36,ortholog_one2one
ENSG00000003393,ALS2,ENSMUSG00000026024,Als2,ortholog_one2one
ENSG00000166747,AP1G1,ENSMUSG00000031731,Ap1g1,ortholog_one2one
ENSG00000189050,RNFT1,ENSMUSG00000020521,Rnft1,ortholog_one2one
ENSG00000141753,IGFBP4,ENSMUSG00000017493,Igfbp4,ortholog_one2one
ENSG00000141497,ZMYND15,ENSMUSG00000040829,Zmynd15,ortholog_one2one
ENSG00000145623,OSMR,ENSMUSG00000022146,Osmr,ortholog_one2one
ENSG00000175376,EIF1AD,ENSMUSG00000024841,Eif1ad,ortholog_one2one
ENSG00000165819,METTL3,ENSMUSG00000022160,Mettl3,ortholog_one2one
ENSG00000178764,ZHX2,ENSMUSG00000071757,Zhx2,ortholog_one2one
ENSG00000166855,CLPX,ENSMUSG00000015357,Clpx,ortholog_one2one
ENSG00000196422,PPP1R26,ENSMUSG00000035829,Ppp1r26,ortholog_one2one
ENSG00000221947,XKR9,ENSMUSG00000067813,Xkr9,ortholog_one2one
ENSG00000117322,CR2,ENSMUSG00000026616,Cr2,ortholog_one2one
ENSG00000204001,LCN8,ENSMUSG00000036449,Lcn8,ortholog_one2one
ENSG00000085788,DDHD2,ENSMUSG00000061313,Ddhd2,ortholog_one2one
ENSG00000197746,PSAP,ENSMUSG00000004207,Psap,ortholog_one2one
ENSG00000178950,GAK,ENSMUSG00000062234,Gak,ortholog_one2one
ENSG00000144712,CAND2,ENSMUSG00000030319,Cand2,ortholog_one2one
ENSG00000166326,TRIM44,ENSMUSG00000027189,Trim44,ortholog_one2one
ENSG00000170624,SGCD,ENSMUSG00000020354,Sgcd,ortholog_one2one
ENSG00000165792,METTL17,ENSMUSG00000004561,Mettl17,ortholog_one2one
ENSG00000179168,GGN,ENSMUSG00000031493,Ggn,ortholog_one2one
ENSG00000140386,SCAPER,ENSMUSG00000034007,Scaper,ortholog_one2one
ENSG00000168010,ATG16L2,ENSMUSG00000047767,Atg16l2,ortholog_one2one
ENSG00000167815,PRDX2,ENSMUSG00000005161,Prdx2,ortholog_one2one
ENSG00000123472,ATPAF1,ENSMUSG00000028710,Atpaf1,ortholog_one2one
ENSG00000105656,ELL,ENSMUSG00000070002,Ell,ortholog_one2one
ENSG00000183258,DDX41,ENSMUSG00000021494,Ddx41,ortholog_one2one
ENSG00000132530,XAF1,ENSMUSG00000040483,Xaf1,ortholog_one2one
ENSG00000138131,LOXL4,ENSMUSG00000025185,Loxl4,ortholog_one2one
ENSG00000076641,PAG1,ENSMUSG00000027508,Pag1,ortholog_one2one
ENSG00000129991,TNNI3,ENSMUSG00000035458,Tnni3,ortholog_one2one
ENSG00000225556,C2CD4D,ENSMUSG00000091648,C2cd4d,ortholog_one2one
ENSG00000116649,SRM,ENSMUSG00000006442,Srm,ortholog_one2one
ENSG00000142655,PEX14,ENSMUSG00000028975,Pex14,ortholog_one2one
ENSG00000168077,SCARA3,ENSMUSG00000034463,Scara3,ortholog_one2one
ENSG00000172731,LRRC20,ENSMUSG00000037151,Lrrc20,ortholog_one2one
ENSG00000171747,LGALS4,ENSMUSG00000053964,Lgals4,ortholog_one2one
ENSG00000126822,PLEKHG3,ENSMUSG00000052609,Plekhg3,ortholog_one2one
ENSG00000173890,GPR160,ENSMUSG00000037661,Gpr160,ortholog_one2one
ENSG00000006025,OSBPL7,ENSMUSG00000038534,Osbpl7,ortholog_one2one
ENSG00000116288,PARK7,ENSMUSG00000028964,Park7,ortholog_one2one
ENSG00000165886,UBTD1,ENSMUSG00000025171,Ubtd1,ortholog_one2one
ENSG00000065308,TRAM2,ENSMUSG00000041779,Tram2,ortholog_one2one
ENSG00000107863,ARHGAP21,ENSMUSG00000036591,Arhgap21,ortholog_one2one
ENSG00000104472,CHRAC1,ENSMUSG00000068391,Chrac1,ortholog_one2one
ENSG00000215114,UBXN2B,ENSMUSG00000028243,Ubxn2b,ortholog_one2one
ENSG00000120733,KDM3B,ENSMUSG00000038773,Kdm3b,ortholog_one2one
ENSG00000087074,PPP1R15A,ENSMUSG00000040435,Ppp1r15a,ortholog_one2one
ENSG00000145945,FAM50B,ENSMUSG00000038246,Fam50b,ortholog_one2one
ENSG00000047936,ROS1,ENSMUSG00000019893,Ros1,ortholog_one2one
ENSG00000140511,HAPLN3,ENSMUSG00000030606,Hapln3,ortholog_one2one
ENSG00000196867,ZFP28,ENSMUSG00000062861,Zfp28,ortholog_one2one
ENSG00000197181,PIWIL2,ENSMUSG00000033644,Piwil2,ortholog_one2one
ENSG00000140527,WDR93,ENSMUSG00000039099,Wdr93,ortholog_one2one
ENSG00000142002,DPP9,ENSMUSG00000001229,Dpp9,ortholog_one2one
ENSG00000121577,POPDC2,ENSMUSG00000022803,Popdc2,ortholog_one2one
ENSG00000099377,HSD3B7,ENSMUSG00000042289,Hsd3b7,ortholog_one2one
ENSG00000145012,LPP,ENSMUSG00000033306,Lpp,ortholog_one2one
ENSG00000161970,RPL26,ENSMUSG00000060938,Rpl26,ortholog_one2one
ENSG00000146039,SLC17A4,ENSMUSG00000021336,Slc17a4,ortholog_one2one
ENSG00000128739,SNRPN,ENSMUSG00000102252,Snrpn,ortholog_one2one
ENSG00000174021,GNG5,ENSMUSG00000068523,Gng5,ortholog_one2one
ENSG00000136305,CIDEB,ENSMUSG00000022219,Cideb,ortholog_one2one
ENSG00000162650,ATXN7L2,ENSMUSG00000048997,Atxn7l2,ortholog_one2one
ENSG00000169174,PCSK9,ENSMUSG00000044254,Pcsk9,ortholog_one2one
ENSG00000060339,CCAR1,ENSMUSG00000020074,Ccar1,ortholog_one2one
ENSG00000132842,AP3B1,ENSMUSG00000021686,Ap3b1,ortholog_one2one
ENSG00000140043,PTGR2,ENSMUSG00000072946,Ptgr2,ortholog_one2one
ENSG00000180596,H2BC4,ENSMUSG00000058385,H2bc8,ortholog_one2one
ENSG00000072958,AP1M1,ENSMUSG00000003033,Ap1m1,ortholog_one2one
ENSG00000119899,SLC17A5,ENSMUSG00000049624,Slc17a5,ortholog_one2one
ENSG00000168079,SCARA5,ENSMUSG00000022032,Scara5,ortholog_one2one
ENSG00000189091,SF3B3,ENSMUSG00000033732,Sf3b3,ortholog_one2one
ENSG00000060688,SNRNP40,ENSMUSG00000074088,Snrnp40,ortholog_one2one
ENSG00000118418,HMGN3,ENSMUSG00000066456,Hmgn3,ortholog_one2one
ENSG00000076351,SLC46A1,ENSMUSG00000020829,Slc46a1,ortholog_one2one
ENSG00000085719,CPNE3,ENSMUSG00000028228,Cpne3,ortholog_one2one
ENSG00000054116,TRAPPC3,ENSMUSG00000028847,Trappc3,ortholog_one2one
ENSG00000175931,UBE2O,ENSMUSG00000020802,Ube2o,ortholog_one2one
ENSG00000158186,MRAS,ENSMUSG00000032470,Mras,ortholog_one2one
ENSG00000134215,VAV3,ENSMUSG00000033721,Vav3,ortholog_one2one
ENSG00000167107,ACSF2,ENSMUSG00000076435,Acsf2,ortholog_one2one
ENSG00000188747,NOXA1,ENSMUSG00000036805,Noxa1,ortholog_one2one
ENSG00000082805,ERC1,ENSMUSG00000030172,Erc1,ortholog_one2one
ENSG00000100926,TM9SF1,ENSMUSG00000002320,Tm9sf1,ortholog_one2one
ENSG00000122194,PLG,ENSMUSG00000059481,Plg,ortholog_one2one
ENSG00000187288,CIDEC,ENSMUSG00000030278,Cidec,ortholog_one2one
ENSG00000249115,HAUS5,ENSMUSG00000078762,Haus5,ortholog_one2one
ENSG00000143373,ZNF687,ENSMUSG00000019338,Zfp687,ortholog_one2one
ENSG00000255587,RAB44,ENSMUSG00000064147,Rab44,ortholog_one2one
ENSG00000188001,TPRG1,ENSMUSG00000048399,Tprg1,ortholog_one2one
ENSG00000135334,AKIRIN2,ENSMUSG00000028291,Akirin2,ortholog_one2one
ENSG00000027697,IFNGR1,ENSMUSG00000020009,Ifngr1,ortholog_one2one
ENSG00000156414,TDRD9,ENSMUSG00000054003,Tdrd9,ortholog_one2one
ENSG00000164904,ALDH7A1,ENSMUSG00000053644,Aldh7a1,ortholog_one2one
ENSG00000134250,NOTCH2,ENSMUSG00000027878,Notch2,ortholog_one2one
ENSG00000138380,CARF,ENSMUSG00000026017,Carf,ortholog_one2one
ENSG00000147912,FBXO10,ENSMUSG00000048232,Fbxo10,ortholog_one2one
ENSG00000185697,MYBL1,ENSMUSG00000025912,Mybl1,ortholog_one2one
ENSG00000196961,AP2A1,ENSMUSG00000060279,Ap2a1,ortholog_one2one
ENSG00000146151,HMGCLL1,ENSMUSG00000007908,Hmgcll1,ortholog_one2one
ENSG00000164053,ATRIP,ENSMUSG00000025646,Atrip,ortholog_one2one
ENSG00000188833,ENTPD8,ENSMUSG00000036813,Entpd8,ortholog_one2one
ENSG00000166181,API5,ENSMUSG00000027193,Api5,ortholog_one2one
ENSG00000100604,CHGA,ENSMUSG00000021194,Chga,ortholog_one2one
ENSG00000135469,COQ10A,ENSMUSG00000039914,Coq10a,ortholog_one2one
ENSG00000183831,ANKRD45,ENSMUSG00000044835,Ankrd45,ortholog_one2one
ENSG00000116161,CACYBP,ENSMUSG00000014226,Cacybp,ortholog_one2one
ENSG00000167772,ANGPTL4,ENSMUSG00000002289,Angptl4,ortholog_one2one
ENSG00000186577,SMIM29,ENSMUSG00000062753,Smim29,ortholog_one2one
ENSG00000189046,ALKBH2,ENSMUSG00000044339,Alkbh2,ortholog_one2one
ENSG00000163297,ANTXR2,ENSMUSG00000029338,Antxr2,ortholog_one2one
ENSG00000105397,TYK2,ENSMUSG00000032175,Tyk2,ortholog_one2one
ENSG00000187796,CARD9,ENSMUSG00000026928,Card9,ortholog_one2one
ENSG00000118200,CAMSAP2,ENSMUSG00000041570,Camsap2,ortholog_one2one
ENSG00000168546,GFRA2,ENSMUSG00000022103,Gfra2,ortholog_one2one
ENSG00000161800,RACGAP1,ENSMUSG00000023015,Racgap1,ortholog_one2one
ENSG00000103248,MTHFSD,ENSMUSG00000031816,Mthfsd,ortholog_one2one
ENSG00000143742,SRP9,ENSMUSG00000026511,Srp9,ortholog_one2one
ENSG00000171714,ANO5,ENSMUSG00000055489,Ano5,ortholog_one2one
ENSG00000147655,RSPO2,ENSMUSG00000051920,Rspo2,ortholog_one2one
ENSG00000181773,GPR3,ENSMUSG00000049649,Gpr3,ortholog_one2one
ENSG00000067533,RRP15,ENSMUSG00000001305,Rrp15,ortholog_one2one
ENSG00000143633,FSAF1,ENSMUSG00000031984,Fsaf1,ortholog_one2one
ENSG00000066855,MTFR1,ENSMUSG00000027601,Mtfr1,ortholog_one2one
ENSG00000132600,PRMT7,ENSMUSG00000060098,Prmt7,ortholog_one2one
ENSG00000063660,GPC1,ENSMUSG00000034220,Gpc1,ortholog_one2one
ENSG00000136457,CHAD,ENSMUSG00000039084,Chad,ortholog_one2one
ENSG00000090432,MUL1,ENSMUSG00000041241,Mul1,ortholog_one2one
ENSG00000166263,STXBP4,ENSMUSG00000020546,Stxbp4,ortholog_one2one
ENSG00000100519,PSMC6,ENSMUSG00000021832,Psmc6,ortholog_one2one
ENSG00000105711,SCN1B,ENSMUSG00000019194,Scn1b,ortholog_one2one
ENSG00000162408,NOL9,ENSMUSG00000028948,Nol9,ortholog_one2one
ENSG00000010361,FUZ,ENSMUSG00000011658,Fuz,ortholog_one2one
ENSG00000106692,FKTN,ENSMUSG00000028414,Fktn,ortholog_one2one
ENSG00000113272,THG1L,ENSMUSG00000011254,Thg1l,ortholog_one2one
ENSG00000108654,DDX5,ENSMUSG00000020719,Ddx5,ortholog_one2one
ENSG00000175356,SCUBE2,ENSMUSG00000007279,Scube2,ortholog_one2one
ENSG00000160949,TONSL,ENSMUSG00000059323,Tonsl,ortholog_one2one
ENSG00000153832,FBXO36,ENSMUSG00000073633,Fbxo36,ortholog_one2one
ENSG00000189045,ANKDD1B,ENSMUSG00000047117,Ankdd1b,ortholog_one2one
ENSG00000115290,GRB14,ENSMUSG00000026888,Grb14,ortholog_one2one
ENSG00000140859,KIFC3,ENSMUSG00000031788,Kifc3,ortholog_one2one
ENSG00000107951,MTPAP,ENSMUSG00000024234,Mtpap,ortholog_one2one
ENSG00000168398,BDKRB2,ENSMUSG00000021070,Bdkrb2,ortholog_one2one
ENSG00000155903,RASA2,ENSMUSG00000032413,Rasa2,ortholog_one2one
ENSG00000215788,TNFRSF25,ENSMUSG00000024793,Tnfrsf25,ortholog_one2one
ENSG00000113282,CLINT1,ENSMUSG00000006169,Clint1,ortholog_one2one
ENSG00000197616,MYH6,ENSMUSG00000040752,Myh6,ortholog_one2one
ENSG00000104375,STK3,ENSMUSG00000022329,Stk3,ortholog_one2one
ENSG00000164039,BDH2,ENSMUSG00000028167,Bdh2,ortholog_one2one
ENSG00000107897,ACBD5,ENSMUSG00000026781,Acbd5,ortholog_one2one
ENSG00000076003,MCM6,ENSMUSG00000026355,Mcm6,ortholog_one2one
ENSG00000167641,PPP1R14A,ENSMUSG00000037166,Ppp1r14a,ortholog_one2one
ENSG00000160408,ST6GALNAC6,ENSMUSG00000026811,St6galnac6,ortholog_one2one
ENSG00000170909,OSCAR,ENSMUSG00000054594,Oscar,ortholog_one2one
ENSG00000145191,EIF2B5,ENSMUSG00000003235,Eif2b5,ortholog_one2one
ENSG00000137218,FRS3,ENSMUSG00000023266,Frs3,ortholog_one2one
ENSG00000057663,ATG5,ENSMUSG00000038160,Atg5,ortholog_one2one
ENSG00000105559,PLEKHA4,ENSMUSG00000040428,Plekha4,ortholog_one2one
ENSG00000121989,ACVR2A,ENSMUSG00000052155,Acvr2a,ortholog_one2one
ENSG00000138686,BBS7,ENSMUSG00000037325,Bbs7,ortholog_one2one
ENSG00000070081,NUCB2,ENSMUSG00000030659,Nucb2,ortholog_one2one
ENSG00000051596,THOC3,ENSMUSG00000025872,Thoc3,ortholog_one2one
ENSG00000047056,WDR37,ENSMUSG00000021147,Wdr37,ortholog_one2one
ENSG00000120820,GLT8D2,ENSMUSG00000020251,Glt8d2,ortholog_one2one
ENSG00000117118,SDHB,ENSMUSG00000009863,Sdhb,ortholog_one2one
ENSG00000198515,CNGA1,ENSMUSG00000067220,Cnga1,ortholog_one2one
ENSG00000239382,ALKBH6,ENSMUSG00000042831,Alkbh6,ortholog_one2one
ENSG00000145725,PPIP5K2,ENSMUSG00000040648,Ppip5k2,ortholog_one2one
ENSG00000103811,CTSH,ENSMUSG00000032359,Ctsh,ortholog_one2one
ENSG00000136021,SCYL2,ENSMUSG00000069539,Scyl2,ortholog_one2one
ENSG00000068615,REEP1,ENSMUSG00000052852,Reep1,ortholog_one2one
ENSG00000112406,HECA,ENSMUSG00000039879,Heca,ortholog_one2one
ENSG00000072858,SIDT1,ENSMUSG00000022696,Sidt1,ortholog_one2one
ENSG00000137166,FOXP4,ENSMUSG00000023991,Foxp4,ortholog_one2one
ENSG00000157796,WDR19,ENSMUSG00000037890,Wdr19,ortholog_one2one
ENSG00000011260,UTP18,ENSMUSG00000054079,Utp18,ortholog_one2one
ENSG00000081870,IFT25,ENSMUSG00000063172,Ift25,ortholog_one2one
ENSG00000169813,HNRNPF,ENSMUSG00000042079,Hnrnpf,ortholog_one2one
ENSG00000187147,RNF220,ENSMUSG00000028677,Rnf220,ortholog_one2one
ENSG00000134294,SLC38A2,ENSMUSG00000022462,Slc38a2,ortholog_one2one
ENSG00000163466,ARPC2,ENSMUSG00000006304,Arpc2,ortholog_one2one
ENSG00000171017,LRRC8E,ENSMUSG00000046589,Lrrc8e,ortholog_one2one
ENSG00000118849,RARRES1,ENSMUSG00000049404,Rarres1,ortholog_one2one
ENSG00000105576,TNPO2,ENSMUSG00000031691,Tnpo2,ortholog_one2one
ENSG00000182676,PPP1R27,ENSMUSG00000025129,Ppp1r27,ortholog_one2one
ENSG00000204590,GNL1,ENSMUSG00000024429,Gnl1,ortholog_one2one
ENSG00000114113,RBP2,ENSMUSG00000032454,Rbp2,ortholog_one2one
ENSG00000070731,ST6GALNAC2,ENSMUSG00000057286,St6galnac2,ortholog_one2one
ENSG00000073803,MAP3K13,ENSMUSG00000033618,Map3k13,ortholog_one2one
ENSG00000109390,NDUFC1,ENSMUSG00000037152,Ndufc1,ortholog_one2one
ENSG00000165637,VDAC2,ENSMUSG00000021771,Vdac2,ortholog_one2one
ENSG00000197702,PARVA,ENSMUSG00000030770,Parva,ortholog_one2one
ENSG00000103507,BCKDK,ENSMUSG00000030802,Bckdk,ortholog_one2one
ENSG00000120963,ZNF706,ENSMUSG00000062397,Zfp706,ortholog_one2one
ENSG00000198700,IPO9,ENSMUSG00000041879,Ipo9,ortholog_one2one
ENSG00000136444,RSAD1,ENSMUSG00000039096,Rsad1,ortholog_one2one
ENSG00000179335,CLK3,ENSMUSG00000032316,Clk3,ortholog_one2one
ENSG00000108828,VAT1,ENSMUSG00000034993,Vat1,ortholog_one2one
ENSG00000120162,MOB3B,ENSMUSG00000073910,Mob3b,ortholog_one2one
ENSG00000100505,TRIM9,ENSMUSG00000021071,Trim9,ortholog_one2one
ENSG00000187109,NAP1L1,ENSMUSG00000058799,Nap1l1,ortholog_one2one
ENSG00000165495,PKNOX2,ENSMUSG00000035934,Pknox2,ortholog_one2one
ENSG00000180537,RNF182,ENSMUSG00000044164,Rnf182,ortholog_one2one
ENSG00000154945,ANKRD40,ENSMUSG00000020864,Ankrd40,ortholog_one2one
ENSG00000104442,ARMC1,ENSMUSG00000027599,Armc1,ortholog_one2one
ENSG00000204315,FKBPL,ENSMUSG00000033739,Fkbpl,ortholog_one2one
ENSG00000136828,RALGPS1,ENSMUSG00000038831,Ralgps1,ortholog_one2one
ENSG00000178425,NT5DC1,ENSMUSG00000039480,Nt5dc1,ortholog_one2one
ENSG00000100628,ASB2,ENSMUSG00000021200,Asb2,ortholog_one2one
ENSG00000178038,ALS2CL,ENSMUSG00000044037,Als2cl,ortholog_one2one
ENSG00000164125,GASK1B,ENSMUSG00000027955,Gask1b,ortholog_one2one
ENSG00000124785,NRN1,ENSMUSG00000039114,Nrn1,ortholog_one2one
ENSG00000204427,ABHD16A,ENSMUSG00000007036,Abhd16a,ortholog_one2one
ENSG00000144136,SLC20A1,ENSMUSG00000027397,Slc20a1,ortholog_one2one
ENSG00000109814,UGDH,ENSMUSG00000029201,Ugdh,ortholog_one2one
ENSG00000110697,PITPNM1,ENSMUSG00000024851,Pitpnm1,ortholog_one2one
ENSG00000129691,ASH2L,ENSMUSG00000031575,Ash2l,ortholog_one2one
ENSG00000108509,CAMTA2,ENSMUSG00000040712,Camta2,ortholog_one2one
ENSG00000143412,ANXA9,ENSMUSG00000015702,Anxa9,ortholog_one2one
ENSG00000119431,HDHD3,ENSMUSG00000038422,Hdhd3,ortholog_one2one
ENSG00000187741,FANCA,ENSMUSG00000032815,Fanca,ortholog_one2one
ENSG00000140455,USP3,ENSMUSG00000032376,Usp3,ortholog_one2one
ENSG00000157657,ZNF618,ENSMUSG00000028358,Zfp618,ortholog_one2one
ENSG00000115556,PLCD4,ENSMUSG00000026173,Plcd4,ortholog_one2one
ENSG00000167491,GATAD2A,ENSMUSG00000036180,Gatad2a,ortholog_one2one
ENSG00000171729,TMEM51,ENSMUSG00000040616,Tmem51,ortholog_one2one
ENSG00000164609,SLU7,ENSMUSG00000020409,Slu7,ortholog_one2one
ENSG00000163624,CDS1,ENSMUSG00000029330,Cds1,ortholog_one2one
ENSG00000116586,LAMTOR2,ENSMUSG00000028062,Lamtor2,ortholog_one2one
ENSG00000142405,NLRP12,ENSMUSG00000078817,Nlrp12,ortholog_one2one
ENSG00000143772,ITPKB,ENSMUSG00000038855,Itpkb,ortholog_one2one
ENSG00000166257,SCN3B,ENSMUSG00000049281,Scn3b,ortholog_one2one
ENSG00000188389,PDCD1,ENSMUSG00000026285,Pdcd1,ortholog_one2one
ENSG00000168488,ATXN2L,ENSMUSG00000032637,Atxn2l,ortholog_one2one
ENSG00000041982,TNC,ENSMUSG00000028364,Tnc,ortholog_one2one
ENSG00000174371,EXO1,ENSMUSG00000039748,Exo1,ortholog_one2one
ENSG00000182578,CSF1R,ENSMUSG00000024621,Csf1r,ortholog_one2one
ENSG00000071205,ARHGAP10,ENSMUSG00000037148,Arhgap10,ortholog_one2one
ENSG00000178814,OPLAH,ENSMUSG00000022562,Oplah,ortholog_one2one
ENSG00000165912,PACSIN3,ENSMUSG00000027257,Pacsin3,ortholog_one2one
ENSG00000011600,TYROBP,ENSMUSG00000030579,Tyrobp,ortholog_one2one
ENSG00000114948,ADAM23,ENSMUSG00000025964,Adam23,ortholog_one2one
ENSG00000105289,TJP3,ENSMUSG00000034917,Tjp3,ortholog_one2one
ENSG00000140092,FBLN5,ENSMUSG00000021186,Fbln5,ortholog_one2one
ENSG00000042286,AIFM2,ENSMUSG00000020085,Aifm2,ortholog_one2one
ENSG00000179604,CDC42EP4,ENSMUSG00000041598,Cdc42ep4,ortholog_one2one
ENSG00000017260,ATP2C1,ENSMUSG00000032570,Atp2c1,ortholog_one2one
ENSG00000135778,NTPCR,ENSMUSG00000031851,Ntpcr,ortholog_one2one
ENSG00000156642,NPTN,ENSMUSG00000032336,Nptn,ortholog_one2one
ENSG00000161896,IP6K3,ENSMUSG00000024210,Ip6k3,ortholog_one2one
ENSG00000160094,ZNF362,ENSMUSG00000028799,Zfp362,ortholog_one2one
ENSG00000134057,CCNB1,ENSMUSG00000041431,Ccnb1,ortholog_one2one
ENSG00000143320,CRABP2,ENSMUSG00000004885,Crabp2,ortholog_one2one
ENSG00000168653,NDUFS5,ENSMUSG00000028648,Ndufs5,ortholog_one2one
ENSG00000112078,KCTD20,ENSMUSG00000005936,Kctd20,ortholog_one2one
ENSG00000178974,FBXO34,ENSMUSG00000037536,Fbxo34,ortholog_one2one
ENSG00000104081,BMF,ENSMUSG00000040093,Bmf,ortholog_one2one
ENSG00000075413,MARK3,ENSMUSG00000007411,Mark3,ortholog_one2one
ENSG00000175592,FOSL1,ENSMUSG00000024912,Fosl1,ortholog_one2one
ENSG00000142945,KIF2C,ENSMUSG00000028678,Kif2c,ortholog_one2one
ENSG00000196531,NACA,ENSMUSG00000061315,Naca,ortholog_one2one
ENSG00000103496,STX4,ENSMUSG00000030805,Stx4a,ortholog_one2one
ENSG00000166825,ANPEP,ENSMUSG00000039062,Anpep,ortholog_one2one
ENSG00000198939,ZFP2,ENSMUSG00000049321,Zfp2,ortholog_one2one
ENSG00000160613,PCSK7,ENSMUSG00000035382,Pcsk7,ortholog_one2one
ENSG00000120709,FAM53C,ENSMUSG00000034300,Fam53c,ortholog_one2one
ENSG00000165806,CASP7,ENSMUSG00000025076,Casp7,ortholog_one2one
ENSG00000109738,GLRB,ENSMUSG00000028020,Glrb,ortholog_one2one
ENSG00000132837,DMGDH,ENSMUSG00000042102,Dmgdh,ortholog_one2one
ENSG00000089356,FXYD3,ENSMUSG00000057092,Fxyd3,ortholog_one2one
ENSG00000158805,ZNF276,ENSMUSG00000001065,Zfp276,ortholog_one2one
ENSG00000151834,GABRA2,ENSMUSG00000000560,Gabra2,ortholog_one2one
ENSG00000137776,SLTM,ENSMUSG00000032212,Sltm,ortholog_one2one
ENSG00000159921,GNE,ENSMUSG00000028479,Gne,ortholog_one2one
ENSG00000096717,SIRT1,ENSMUSG00000020063,Sirt1,ortholog_one2one
ENSG00000188488,SERPINA5,ENSMUSG00000041550,Serpina5,ortholog_one2one
ENSG00000164576,SAP30L,ENSMUSG00000020519,Sap30l,ortholog_one2one
ENSG00000130349,MTRES1,ENSMUSG00000019797,Mtres1,ortholog_one2one
ENSG00000160957,RECQL4,ENSMUSG00000033762,Recql4,ortholog_one2one
ENSG00000161013,MGAT4B,ENSMUSG00000036620,Mgat4b,ortholog_one2one
ENSG00000005194,CIAPIN1,ENSMUSG00000031781,Ciapin1,ortholog_one2one
ENSG00000170915,PAQR8,ENSMUSG00000025931,Paqr8,ortholog_one2one
ENSG00000153234,NR4A2,ENSMUSG00000026826,Nr4a2,ortholog_one2one
ENSG00000183137,CEP57L1,ENSMUSG00000019813,Cep57l1,ortholog_one2one
ENSG00000138286,FAM149B1,ENSMUSG00000039599,Fam149b,ortholog_one2one
ENSG00000139998,RAB15,ENSMUSG00000021062,Rab15,ortholog_one2one
ENSG00000107147,KCNT1,ENSMUSG00000058740,Kcnt1,ortholog_one2one
ENSG00000179051,RCC2,ENSMUSG00000040945,Rcc2,ortholog_one2one
ENSG00000111275,ALDH2,ENSMUSG00000029455,Aldh2,ortholog_one2one
ENSG00000109184,DCUN1D4,ENSMUSG00000051674,Dcun1d4,ortholog_one2one
ENSG00000108669,CYTH1,ENSMUSG00000017132,Cyth1,ortholog_one2one
ENSG00000081177,EXD2,ENSMUSG00000032705,Exd2,ortholog_one2one
ENSG00000151376,ME3,ENSMUSG00000030621,Me3,ortholog_one2one
ENSG00000147465,STAR,ENSMUSG00000031574,Star,ortholog_one2one
ENSG00000129292,PHF20L1,ENSMUSG00000072501,Phf20l1,ortholog_one2one
ENSG00000135373,EHF,ENSMUSG00000012350,Ehf,ortholog_one2one
ENSG00000073712,FERMT2,ENSMUSG00000037712,Fermt2,ortholog_one2one
ENSG00000134516,DOCK2,ENSMUSG00000020143,Dock2,ortholog_one2one
ENSG00000103160,HSDL1,ENSMUSG00000034189,Hsdl1,ortholog_one2one
ENSG00000168610,STAT3,ENSMUSG00000004040,Stat3,ortholog_one2one
ENSG00000119285,HEATR1,ENSMUSG00000050244,Heatr1,ortholog_one2one
ENSG00000118898,PPL,ENSMUSG00000039457,Ppl,ortholog_one2one
ENSG00000074966,TXK,ENSMUSG00000054892,Txk,ortholog_one2one
ENSG00000237489,C10orf143,ENSMUSG00000040139,9430038I01Rik,ortholog_one2one
ENSG00000103932,RPAP1,ENSMUSG00000034032,Rpap1,ortholog_one2one
ENSG00000148795,CYP17A1,ENSMUSG00000003555,Cyp17a1,ortholog_one2one
ENSG00000155744,HYCC2,ENSMUSG00000038174,Hycc2,ortholog_one2one
ENSG00000156219,ART3,ENSMUSG00000034842,Art3,ortholog_one2one
ENSG00000112419,PHACTR2,ENSMUSG00000062866,Phactr2,ortholog_one2one
ENSG00000168872,DDX19A,ENSMUSG00000015023,Ddx19a,ortholog_one2one
ENSG00000104331,BPNT2,ENSMUSG00000066324,Bpnt2,ortholog_one2one
ENSG00000142552,RCN3,ENSMUSG00000019539,Rcn3,ortholog_one2one
ENSG00000138207,RBP4,ENSMUSG00000024990,Rbp4,ortholog_one2one
ENSG00000104529,EEF1D,ENSMUSG00000055762,Eef1d,ortholog_one2one
ENSG00000213585,VDAC1,ENSMUSG00000020402,Vdac1,ortholog_one2one
ENSG00000142252,GEMIN7,ENSMUSG00000044709,Gemin7,ortholog_one2one
ENSG00000156110,ADK,ENSMUSG00000039197,Adk,ortholog_one2one
ENSG00000092051,JPH4,ENSMUSG00000022208,Jph4,ortholog_one2one
ENSG00000143398,PIP5K1A,ENSMUSG00000028126,Pip5k1a,ortholog_one2one
ENSG00000179218,CALR,ENSMUSG00000003814,Calr,ortholog_one2one
ENSG00000153179,RASSF3,ENSMUSG00000025795,Rassf3,ortholog_one2one
ENSG00000166669,ATF7IP2,ENSMUSG00000039200,Atf7ip2,ortholog_one2one
ENSG00000129170,CSRP3,ENSMUSG00000030470,Csrp3,ortholog_one2one
ENSG00000070367,EXOC5,ENSMUSG00000061244,Exoc5,ortholog_one2one
ENSG00000137814,HAUS2,ENSMUSG00000027285,Haus2,ortholog_one2one
ENSG00000121361,KCNJ8,ENSMUSG00000030247,Kcnj8,ortholog_one2one
ENSG00000107959,PITRM1,ENSMUSG00000021193,Pitrm1,ortholog_one2one
ENSG00000172572,PDE3A,ENSMUSG00000041741,Pde3a,ortholog_one2one
ENSG00000064547,LPAR2,ENSMUSG00000031861,Lpar2,ortholog_one2one
ENSG00000185043,CIB1,ENSMUSG00000030538,Cib1,ortholog_one2one
ENSG00000213694,S1PR3,ENSMUSG00000067586,S1pr3,ortholog_one2one
ENSG00000198925,ATG9A,ENSMUSG00000033124,Atg9a,ortholog_one2one
ENSG00000091039,OSBPL8,ENSMUSG00000020189,Osbpl8,ortholog_one2one
ENSG00000137269,LRRC1,ENSMUSG00000032352,Lrrc1,ortholog_one2one
ENSG00000137648,TMPRSS4,ENSMUSG00000032091,Tmprss4,ortholog_one2one
ENSG00000114062,UBE3A,ENSMUSG00000025326,Ube3a,ortholog_one2one
ENSG00000113384,GOLPH3,ENSMUSG00000022200,Golph3,ortholog_one2one
ENSG00000100433,KCNK10,ENSMUSG00000033854,Kcnk10,ortholog_one2one
ENSG00000204616,TRIM31,ENSMUSG00000058063,Trim31,ortholog_one2one
ENSG00000167608,TMC4,ENSMUSG00000019734,Tmc4,ortholog_one2one
ENSG00000179044,EXOC3L1,ENSMUSG00000043251,Exoc3l,ortholog_one2one
ENSG00000119684,MLH3,ENSMUSG00000021245,Mlh3,ortholog_one2one
ENSG00000163281,GNPDA2,ENSMUSG00000029209,Gnpda2,ortholog_one2one
ENSG00000112562,SMOC2,ENSMUSG00000023886,Smoc2,ortholog_one2one
ENSG00000159674,SPON2,ENSMUSG00000037379,Spon2,ortholog_one2one
ENSG00000107758,PPP3CB,ENSMUSG00000021816,Ppp3cb,ortholog_one2one
ENSG00000138777,PPA2,ENSMUSG00000028013,Ppa2,ortholog_one2one
ENSG00000146070,PLA2G7,ENSMUSG00000023913,Pla2g7,ortholog_one2one
ENSG00000080298,RFX3,ENSMUSG00000040929,Rfx3,ortholog_one2one
ENSG00000145675,PIK3R1,ENSMUSG00000041417,Pik3r1,ortholog_one2one
ENSG00000112312,GMNN,ENSMUSG00000006715,Gmnn,ortholog_one2one
ENSG00000156858,PRR14,ENSMUSG00000030822,Prr14,ortholog_one2one
ENSG00000151338,MIPOL1,ENSMUSG00000047022,Mipol1,ortholog_one2one
ENSG00000173218,VANGL1,ENSMUSG00000027860,Vangl1,ortholog_one2one
ENSG00000169181,GSG1L,ENSMUSG00000046182,Gsg1l,ortholog_one2one
ENSG00000165030,NFIL3,ENSMUSG00000056749,Nfil3,ortholog_one2one
ENSG00000165406,MARCHF8,ENSMUSG00000025702,Marchf8,ortholog_one2one
ENSG00000148090,AUH,ENSMUSG00000021460,Auh,ortholog_one2one
ENSG00000143033,MTF2,ENSMUSG00000029267,Mtf2,ortholog_one2one
ENSG00000051108,HERPUD1,ENSMUSG00000031770,Herpud1,ortholog_one2one
ENSG00000164465,DCBLD1,ENSMUSG00000019891,Dcbld1,ortholog_one2one
ENSG00000092108,SCFD1,ENSMUSG00000020952,Scfd1,ortholog_one2one
ENSG00000173599,PC,ENSMUSG00000024892,Pcx,ortholog_one2one
ENSG00000135679,MDM2,ENSMUSG00000020184,Mdm2,ortholog_one2one
ENSG00000197070,ARRDC1,ENSMUSG00000026972,Arrdc1,ortholog_one2one
ENSG00000135299,ANKRD6,ENSMUSG00000040183,Ankrd6,ortholog_one2one
ENSG00000171476,HOPX,ENSMUSG00000059325,Hopx,ortholog_one2one
ENSG00000165929,TC2N,ENSMUSG00000021187,Tc2n,ortholog_one2one
ENSG00000137124,ALDH1B1,ENSMUSG00000035561,Aldh1b1,ortholog_one2one
ENSG00000128908,INO80,ENSMUSG00000034154,Ino80,ortholog_one2one
ENSG00000165280,VCP,ENSMUSG00000028452,Vcp,ortholog_one2one
ENSG00000072840,EVC,ENSMUSG00000029122,Evc,ortholog_one2one
ENSG00000157349,DDX19B,ENSMUSG00000033658,Ddx19b,ortholog_one2one
ENSG00000116584,ARHGEF2,ENSMUSG00000028059,Arhgef2,ortholog_one2one
ENSG00000160867,FGFR4,ENSMUSG00000005320,Fgfr4,ortholog_one2one
ENSG00000105321,CCDC9,ENSMUSG00000041375,Ccdc9,ortholog_one2one
ENSG00000075884,ARHGAP15,ENSMUSG00000049744,Arhgap15,ortholog_one2one
ENSG00000198948,MFAP3L,ENSMUSG00000031647,Mfap3l,ortholog_one2one
ENSG00000079805,DNM2,ENSMUSG00000033335,Dnm2,ortholog_one2one
ENSG00000169814,BTD,ENSMUSG00000021900,Btd,ortholog_one2one
ENSG00000145241,CENPC,ENSMUSG00000029253,Cenpc1,ortholog_one2one
ENSG00000165626,BEND7,ENSMUSG00000048186,Bend7,ortholog_one2one
ENSG00000115750,TAF1B,ENSMUSG00000059669,Taf1b,ortholog_one2one
ENSG00000258818,RNASE4,ENSMUSG00000021876,Rnase4,ortholog_one2one
ENSG00000144224,UBXN4,ENSMUSG00000026353,Ubxn4,ortholog_one2one
ENSG00000196663,TECPR2,ENSMUSG00000021275,Tecpr2,ortholog_one2one
ENSG00000165887,ANKRD2,ENSMUSG00000025172,Ankrd2,ortholog_one2one
ENSG00000091490,SEL1L3,ENSMUSG00000029189,Sel1l3,ortholog_one2one
ENSG00000168904,LRRC28,ENSMUSG00000030556,Lrrc28,ortholog_one2one
ENSG00000188690,UROS,ENSMUSG00000030979,Uros,ortholog_one2one
ENSG00000162402,USP24,ENSMUSG00000028514,Usp24,ortholog_one2one
ENSG00000154175,ABI3BP,ENSMUSG00000035258,Abi3bp,ortholog_one2one
ENSG00000197776,KLHDC1,ENSMUSG00000051890,Klhdc1,ortholog_one2one
ENSG00000166965,RCCD1,ENSMUSG00000038930,Rccd1,ortholog_one2one
ENSG00000165521,EML5,ENSMUSG00000051166,Eml5,ortholog_one2one
ENSG00000115677,HDLBP,ENSMUSG00000034088,Hdlbp,ortholog_one2one
ENSG00000166589,CDH16,ENSMUSG00000031881,Cdh16,ortholog_one2one
ENSG00000197614,MFAP5,ENSMUSG00000030116,Mfap5,ortholog_one2one
ENSG00000188807,TMEM201,ENSMUSG00000044700,Tmem201,ortholog_one2one
ENSG00000138778,CENPE,ENSMUSG00000045328,Cenpe,ortholog_one2one
ENSG00000104980,TIMM44,ENSMUSG00000002949,Timm44,ortholog_one2one
ENSG00000107201,RIGI,ENSMUSG00000040296,Rigi,ortholog_one2one
ENSG00000185880,TRIM69,ENSMUSG00000033368,Trim69,ortholog_one2one
ENSG00000116954,RRAGC,ENSMUSG00000028646,Rragc,ortholog_one2one
ENSG00000231852,CYP21A2,ENSMUSG00000024365,Cyp21a1,ortholog_one2one
ENSG00000100802,C14orf93,ENSMUSG00000022179,4931414P19Rik,ortholog_one2one
ENSG00000197587,DMBX1,ENSMUSG00000028707,Dmbx1,ortholog_one2one
ENSG00000116874,WARS2,ENSMUSG00000004233,Wars2,ortholog_one2one
ENSG00000137693,YAP1,ENSMUSG00000053110,Yap1,ortholog_one2one
ENSG00000010165,METTL13,ENSMUSG00000026694,Mettl13,ortholog_one2one
ENSG00000128973,CLN6,ENSMUSG00000032245,Cln6,ortholog_one2one
ENSG00000181035,SLC25A42,ENSMUSG00000002346,Slc25a42,ortholog_one2one
ENSG00000142494,SLC47A1,ENSMUSG00000010122,Slc47a1,ortholog_one2one
ENSG00000185988,PLK5,ENSMUSG00000035486,Plk5,ortholog_one2one
ENSG00000164978,NUDT2,ENSMUSG00000028443,Nudt2,ortholog_one2one
ENSG00000118193,KIF14,ENSMUSG00000041498,Kif14,ortholog_one2one
ENSG00000118369,USP35,ENSMUSG00000035713,Usp35,ortholog_one2one
ENSG00000117906,RCN2,ENSMUSG00000032320,Rcn2,ortholog_one2one
ENSG00000163874,ZC3H12A,ENSMUSG00000042677,Zc3h12a,ortholog_one2one
ENSG00000136891,TEX10,ENSMUSG00000028345,Tex10,ortholog_one2one
ENSG00000133265,HSPBP1,ENSMUSG00000063802,Hspbp1,ortholog_one2one
ENSG00000004139,SARM1,ENSMUSG00000050132,Sarm1,ortholog_one2one
ENSG00000240563,L1TD1,ENSMUSG00000087166,L1td1,ortholog_one2one
ENSG00000010295,IFFO1,ENSMUSG00000038271,Iffo1,ortholog_one2one
ENSG00000156136,DCK,ENSMUSG00000029366,Dck,ortholog_one2one
ENSG00000140553,UNC45A,ENSMUSG00000030533,Unc45a,ortholog_one2one
ENSG00000162624,LHX8,ENSMUSG00000096225,Lhx8,ortholog_one2one
ENSG00000167900,TK1,ENSMUSG00000025574,Tk1,ortholog_one2one
ENSG00000165533,TTC8,ENSMUSG00000021013,Ttc8,ortholog_one2one
ENSG00000160075,SSU72,ENSMUSG00000029038,Ssu72,ortholog_one2one
ENSG00000112305,SMAP1,ENSMUSG00000026155,Smap1,ortholog_one2one
ENSG00000129347,KRI1,ENSMUSG00000035047,Kri1,ortholog_one2one
ENSG00000116251,RPL22,ENSMUSG00000028936,Rpl22,ortholog_one2one
ENSG00000179593,ALOX15B,ENSMUSG00000020891,Alox8,ortholog_one2one
ENSG00000123352,SPATS2,ENSMUSG00000051934,Spats2,ortholog_one2one
ENSG00000177674,AGTRAP,ENSMUSG00000029007,Agtrap,ortholog_one2one
ENSG00000012779,ALOX5,ENSMUSG00000025701,Alox5,ortholog_one2one
ENSG00000137074,APTX,ENSMUSG00000028411,Aptx,ortholog_one2one
ENSG00000065882,TBC1D1,ENSMUSG00000029174,Tbc1d1,ortholog_one2one
ENSG00000105355,PLIN3,ENSMUSG00000024197,Plin3,ortholog_one2one
ENSG00000030582,GRN,ENSMUSG00000034708,Grn,ortholog_one2one
ENSG00000175756,AURKAIP1,ENSMUSG00000065990,Aurkaip1,ortholog_one2one
ENSG00000204463,BAG6,ENSMUSG00000024392,Bag6,ortholog_one2one
ENSG00000167207,NOD2,ENSMUSG00000055994,Nod2,ortholog_one2one
ENSG00000187097,ENTPD5,ENSMUSG00000021236,Entpd5,ortholog_one2one
ENSG00000117751,PPP1R8,ENSMUSG00000028882,Ppp1r8,ortholog_one2one
ENSG00000090857,PDPR,ENSMUSG00000033624,Pdpr,ortholog_one2one
ENSG00000174915,PTDSS2,ENSMUSG00000025495,Ptdss2,ortholog_one2one
ENSG00000105523,FAM83E,ENSMUSG00000054161,Fam83e,ortholog_one2one
ENSG00000132485,ZRANB2,ENSMUSG00000028180,Zranb2,ortholog_one2one
ENSG00000070423,RNF126,ENSMUSG00000035890,Rnf126,ortholog_one2one
ENSG00000168000,BSCL2,ENSMUSG00000071657,Bscl2,ortholog_one2one
ENSG00000167202,TBC1D2B,ENSMUSG00000037410,Tbc1d2b,ortholog_one2one
ENSG00000138279,ANXA7,ENSMUSG00000021814,Anxa7,ortholog_one2one
ENSG00000127329,PTPRB,ENSMUSG00000020154,Ptprb,ortholog_one2one
ENSG00000141012,GALNS,ENSMUSG00000015027,Galns,ortholog_one2one
ENSG00000121454,LHX4,ENSMUSG00000026468,Lhx4,ortholog_one2one
ENSG00000196365,LONP1,ENSMUSG00000041168,Lonp1,ortholog_one2one
ENSG00000087157,PGS1,ENSMUSG00000017715,Pgs1,ortholog_one2one
ENSG00000132122,SPATA6,ENSMUSG00000034401,Spata6,ortholog_one2one
ENSG00000110768,GTF2H1,ENSMUSG00000006599,Gtf2h1,ortholog_one2one
ENSG00000066933,MYO9A,ENSMUSG00000039585,Myo9a,ortholog_one2one
ENSG00000119514,GALNT12,ENSMUSG00000039774,Galnt12,ortholog_one2one
ENSG00000197562,RAB40C,ENSMUSG00000025730,Rab40c,ortholog_one2one
ENSG00000167280,ENGASE,ENSMUSG00000033857,Engase,ortholog_one2one
ENSG00000122481,RWDD3,ENSMUSG00000028133,Rwdd3,ortholog_one2one
ENSG00000165272,AQP3,ENSMUSG00000028435,Aqp3,ortholog_one2one
ENSG00000137055,PLAA,ENSMUSG00000028577,Plaa,ortholog_one2one
ENSG00000143543,JTB,ENSMUSG00000027937,Jtb,ortholog_one2one
ENSG00000090861,AARS1,ENSMUSG00000031960,Aars1,ortholog_one2one
ENSG00000131188,PRR7,ENSMUSG00000034686,Prr7,ortholog_one2one
ENSG00000145780,FEM1C,ENSMUSG00000033319,Fem1c,ortholog_one2one
ENSG00000204764,RANBP17,ENSMUSG00000040594,Ranbp17,ortholog_one2one
ENSG00000162188,GNG3,ENSMUSG00000071658,Gng3,ortholog_one2one
ENSG00000083290,ULK2,ENSMUSG00000004798,Ulk2,ortholog_one2one
ENSG00000166477,LEO1,ENSMUSG00000042487,Leo1,ortholog_one2one
ENSG00000116771,AGMAT,ENSMUSG00000040706,Agmat,ortholog_one2one
ENSG00000184545,DUSP8,ENSMUSG00000037887,Dusp8,ortholog_one2one
ENSG00000117419,ERI3,ENSMUSG00000033423,Eri3,ortholog_one2one
ENSG00000182919,C11orf54,ENSMUSG00000031938,4931406C07Rik,ortholog_one2one
ENSG00000182718,ANXA2,ENSMUSG00000032231,Anxa2,ortholog_one2one
ENSG00000107331,ABCA2,ENSMUSG00000026944,Abca2,ortholog_one2one
ENSG00000154277,UCHL1,ENSMUSG00000029223,Uchl1,ortholog_one2one
ENSG00000100722,ZC3H14,ENSMUSG00000021012,Zc3h14,ortholog_one2one
ENSG00000162601,MYSM1,ENSMUSG00000062627,Mysm1,ortholog_one2one
ENSG00000136436,CALCOCO2,ENSMUSG00000006056,Calcoco2,ortholog_one2one
ENSG00000143858,SYT2,ENSMUSG00000026452,Syt2,ortholog_one2one
ENSG00000127946,HIP1,ENSMUSG00000039959,Hip1,ortholog_one2one
ENSG00000273274,ZBTB8B,ENSMUSG00000048485,Zbtb8b,ortholog_one2one
ENSG00000196754,S100A2,ENSMUSG00000094018,S100a2,ortholog_one2one
ENSG00000135040,NAA35,ENSMUSG00000021555,Naa35,ortholog_one2one
ENSG00000213281,NRAS,ENSMUSG00000027852,Nras,ortholog_one2one
ENSG00000187094,CCK,ENSMUSG00000032532,Cck,ortholog_one2one
ENSG00000197561,ELANE,ENSMUSG00000020125,Elane,ortholog_one2one
ENSG00000164076,CAMKV,ENSMUSG00000032936,Camkv,ortholog_one2one
ENSG00000145332,KLHL8,ENSMUSG00000029312,Klhl8,ortholog_one2one
ENSG00000154380,ENAH,ENSMUSG00000022995,Enah,ortholog_one2one
ENSG00000067248,DHX29,ENSMUSG00000042426,Dhx29,ortholog_one2one
ENSG00000002016,RAD52,ENSMUSG00000030166,Rad52,ortholog_one2one
ENSG00000008256,CYTH3,ENSMUSG00000018001,Cyth3,ortholog_one2one
ENSG00000203867,RBM20,ENSMUSG00000043639,Rbm20,ortholog_one2one
ENSG00000159069,FBXW5,ENSMUSG00000015095,Fbxw5,ortholog_one2one
ENSG00000099821,POLRMT,ENSMUSG00000020329,Polrmt,ortholog_one2one
ENSG00000065618,COL17A1,ENSMUSG00000025064,Col17a1,ortholog_one2one
ENSG00000175287,PHYHD1,ENSMUSG00000079484,Phyhd1,ortholog_one2one
ENSG00000010256,UQCRC1,ENSMUSG00000025651,Uqcrc1,ortholog_one2one
ENSG00000145715,RASA1,ENSMUSG00000021549,Rasa1,ortholog_one2one
ENSG00000169435,RASSF6,ENSMUSG00000029370,Rassf6,ortholog_one2one
ENSG00000116830,TTF2,ENSMUSG00000033222,Ttf2,ortholog_one2one
ENSG00000103043,VAC14,ENSMUSG00000010936,Vac14,ortholog_one2one
ENSG00000012048,BRCA1,ENSMUSG00000017146,Brca1,ortholog_one2one
ENSG00000166888,STAT6,ENSMUSG00000002147,Stat6,ortholog_one2one
ENSG00000158092,NCK1,ENSMUSG00000032475,Nck1,ortholog_one2one
ENSG00000132406,TMEM128,ENSMUSG00000067365,Tmem128,ortholog_one2one
ENSG00000197993,KEL,ENSMUSG00000029866,Kel,ortholog_one2one
ENSG00000163349,HIPK1,ENSMUSG00000008730,Hipk1,ortholog_one2one
ENSG00000138670,RASGEF1B,ENSMUSG00000089809,Rasgef1b,ortholog_one2one
ENSG00000140740,UQCRC2,ENSMUSG00000030884,Uqcrc2,ortholog_one2one
ENSG00000114698,PLSCR4,ENSMUSG00000032377,Plscr4,ortholog_one2one
ENSG00000150760,DOCK1,ENSMUSG00000058325,Dock1,ortholog_one2one
ENSG00000205903,ZNF316,ENSMUSG00000046658,Zfp316,ortholog_one2one
ENSG00000172262,ZNF131,ENSMUSG00000094870,Zfp131,ortholog_one2one
ENSG00000106366,SERPINE1,ENSMUSG00000037411,Serpine1,ortholog_one2one
ENSG00000145244,CORIN,ENSMUSG00000005220,Corin,ortholog_one2one
ENSG00000198668,CALM1,ENSMUSG00000001175,Calm1,ortholog_one2one
ENSG00000165209,STRBP,ENSMUSG00000026915,Strbp,ortholog_one2one
ENSG00000222011,FAM185A,ENSMUSG00000047221,Fam185a,ortholog_one2one
ENSG00000166333,ILK,ENSMUSG00000030890,Ilk,ortholog_one2one
ENSG00000092148,HECTD1,ENSMUSG00000035247,Hectd1,ortholog_one2one
ENSG00000134480,CCNH,ENSMUSG00000021548,Ccnh,ortholog_one2one
ENSG00000128591,FLNC,ENSMUSG00000068699,Flnc,ortholog_one2one
ENSG00000018408,WWTR1,ENSMUSG00000027803,Wwtr1,ortholog_one2one
ENSG00000151208,DLG5,ENSMUSG00000021782,Dlg5,ortholog_one2one
ENSG00000264364,DYNLL2,ENSMUSG00000020483,Dynll2,ortholog_one2one
ENSG00000131389,SLC6A6,ENSMUSG00000030096,Slc6a6,ortholog_one2one
ENSG00000141994,DUS3L,ENSMUSG00000007603,Dus3l,ortholog_one2one
ENSG00000151292,CSNK1G3,ENSMUSG00000073563,Csnk1g3,ortholog_one2one
ENSG00000072778,ACADVL,ENSMUSG00000018574,Acadvl,ortholog_one2one
ENSG00000117154,IGSF21,ENSMUSG00000040972,Igsf21,ortholog_one2one
ENSG00000159593,NAE1,ENSMUSG00000031878,Nae1,ortholog_one2one
ENSG00000266094,RASSF5,ENSMUSG00000026430,Rassf5,ortholog_one2one
ENSG00000116221,MRPL37,ENSMUSG00000028622,Mrpl37,ortholog_one2one
ENSG00000099326,MZF1,ENSMUSG00000030380,Mzf1,ortholog_one2one
ENSG00000059377,TBXAS1,ENSMUSG00000029925,Tbxas1,ortholog_one2one
ENSG00000162636,EEIG2,ENSMUSG00000040339,Eeig2,ortholog_one2one
ENSG00000070214,SLC44A1,ENSMUSG00000028412,Slc44a1,ortholog_one2one
ENSG00000188916,INSYN2A,ENSMUSG00000073805,Insyn2a,ortholog_one2one
ENSG00000110324,IL10RA,ENSMUSG00000032089,Il10ra,ortholog_one2one
ENSG00000163827,LRRC2,ENSMUSG00000032495,Lrrc2,ortholog_one2one
ENSG00000148814,LRRC27,ENSMUSG00000015980,Lrrc27,ortholog_one2one
ENSG00000065717,TLE2,ENSMUSG00000034771,Tle2,ortholog_one2one
ENSG00000008118,CAMK1G,ENSMUSG00000016179,Camk1g,ortholog_one2one
ENSG00000110446,SLC15A3,ENSMUSG00000024737,Slc15a3,ortholog_one2one
ENSG00000169714,CNBP,ENSMUSG00000030057,Cnbp,ortholog_one2one
ENSG00000167323,STIM1,ENSMUSG00000030987,Stim1,ortholog_one2one
ENSG00000123737,EXOSC9,ENSMUSG00000027714,Exosc9,ortholog_one2one
ENSG00000171813,PWWP2B,ENSMUSG00000060260,Pwwp2b,ortholog_one2one
ENSG00000108001,EBF3,ENSMUSG00000010476,Ebf3,ortholog_one2one
ENSG00000106631,MYL7,ENSMUSG00000020469,Myl7,ortholog_one2one
ENSG00000266412,NCOA4,ENSMUSG00000056234,Ncoa4,ortholog_one2one
ENSG00000110651,CD81,ENSMUSG00000037706,Cd81,ortholog_one2one
ENSG00000165025,SYK,ENSMUSG00000021457,Syk,ortholog_one2one
ENSG00000146826,TRAPPC14,ENSMUSG00000036948,Trappc14,ortholog_one2one
ENSG00000104953,TLE6,ENSMUSG00000034758,Tle6,ortholog_one2one
ENSG00000172331,BPGM,ENSMUSG00000038871,Bpgm,ortholog_one2one
ENSG00000134077,THUMPD3,ENSMUSG00000030264,Thumpd3,ortholog_one2one
ENSG00000105976,MET,ENSMUSG00000009376,Met,ortholog_one2one
ENSG00000151498,ACAD8,ENSMUSG00000031969,Acad8,ortholog_one2one
ENSG00000066044,ELAVL1,ENSMUSG00000040028,Elavl1,ortholog_one2one
ENSG00000118777,ABCG2,ENSMUSG00000029299,Abcg3,ortholog_one2one
ENSG00000146013,GFRA3,ENSMUSG00000024366,Gfra3,ortholog_one2one
ENSG00000072803,FBXW11,ENSMUSG00000020271,Fbxw11,ortholog_one2one
ENSG00000144468,RHBDD1,ENSMUSG00000026142,Rhbdd1,ortholog_one2one
ENSG00000105701,FKBP8,ENSMUSG00000019428,Fkbp8,ortholog_one2one
ENSG00000174628,IQCK,ENSMUSG00000073856,Iqck,ortholog_one2one
ENSG00000075624,ACTB,ENSMUSG00000029580,Actb,ortholog_one2one
ENSG00000186952,TMEM232,ENSMUSG00000045036,Tmem232,ortholog_one2one
ENSG00000166455,C16orf46,ENSMUSG00000031847,1700030J22Rik,ortholog_one2one
ENSG00000150455,TIRAP,ENSMUSG00000032041,Tirap,ortholog_one2one
ENSG00000168140,VASN,ENSMUSG00000039646,Vasn,ortholog_one2one
ENSG00000186889,TMEM17,ENSMUSG00000049904,Tmem17,ortholog_one2one
ENSG00000145911,N4BP3,ENSMUSG00000001053,N4bp3,ortholog_one2one
ENSG00000167113,COQ4,ENSMUSG00000026798,Coq4,ortholog_one2one
ENSG00000070770,CSNK2A2,ENSMUSG00000046707,Csnk2a2,ortholog_one2one
ENSG00000166033,HTRA1,ENSMUSG00000006205,Htra1,ortholog_one2one
ENSG00000013016,EHD3,ENSMUSG00000024065,Ehd3,ortholog_one2one
ENSG00000145936,KCNMB1,ENSMUSG00000020155,Kcnmb1,ortholog_one2one
ENSG00000198643,FAM3D,ENSMUSG00000021749,Fam3d,ortholog_one2one
ENSG00000080493,SLC4A4,ENSMUSG00000060961,Slc4a4,ortholog_one2one
ENSG00000137656,BUD13,ENSMUSG00000032077,Bud13,ortholog_one2one
ENSG00000134318,ROCK2,ENSMUSG00000020580,Rock2,ortholog_one2one
ENSG00000107140,TESK1,ENSMUSG00000028458,Tesk1,ortholog_one2one
ENSG00000166123,GPT2,ENSMUSG00000031700,Gpt2,ortholog_one2one
ENSG00000110435,PDHX,ENSMUSG00000010914,Pdhx,ortholog_one2one
ENSG00000023041,ZDHHC6,ENSMUSG00000024982,Zdhhc6,ortholog_one2one
ENSG00000141750,STAC2,ENSMUSG00000017400,Stac2,ortholog_one2one
ENSG00000106823,ECM2,ENSMUSG00000043631,Ecm2,ortholog_one2one
ENSG00000105989,WNT2,ENSMUSG00000010797,Wnt2,ortholog_one2one
ENSG00000111596,CNOT2,ENSMUSG00000020166,Cnot2,ortholog_one2one
ENSG00000171298,GAA,ENSMUSG00000025579,Gaa,ortholog_one2one
ENSG00000005020,SKAP2,ENSMUSG00000059182,Skap2,ortholog_one2one
ENSG00000198853,RUSC2,ENSMUSG00000035969,Rusc2,ortholog_one2one
ENSG00000161714,PLCD3,ENSMUSG00000020937,Plcd3,ortholog_one2one
ENSG00000167081,PBX3,ENSMUSG00000038718,Pbx3,ortholog_one2one
ENSG00000160695,VPS11,ENSMUSG00000032127,Vps11,ortholog_one2one
ENSG00000135698,MPHOSPH6,ENSMUSG00000031843,Mphosph6,ortholog_one2one
ENSG00000181045,SLC26A11,ENSMUSG00000039908,Slc26a11,ortholog_one2one
ENSG00000095713,CRTAC1,ENSMUSG00000042401,Crtac1,ortholog_one2one
ENSG00000115970,THADA,ENSMUSG00000024251,Thada,ortholog_one2one
ENSG00000130558,OLFM1,ENSMUSG00000026833,Olfm1,ortholog_one2one
ENSG00000001626,CFTR,ENSMUSG00000041301,Cftr,ortholog_one2one
ENSG00000172663,TMEM134,ENSMUSG00000024845,Tmem134,ortholog_one2one
ENSG00000106799,TGFBR1,ENSMUSG00000007613,Tgfbr1,ortholog_one2one
ENSG00000134470,IL15RA,ENSMUSG00000023206,Il15ra,ortholog_one2one
ENSG00000157368,IL34,ENSMUSG00000031750,Il34,ortholog_one2one
ENSG00000127663,KDM4B,ENSMUSG00000024201,Kdm4b,ortholog_one2one
ENSG00000186635,ARAP1,ENSMUSG00000032812,Arap1,ortholog_one2one
ENSG00000196155,PLEKHG4,ENSMUSG00000014782,Plekhg4,ortholog_one2one
ENSG00000103647,CORO2B,ENSMUSG00000041729,Coro2b,ortholog_one2one
ENSG00000166886,NAB2,ENSMUSG00000025402,Nab2,ortholog_one2one
ENSG00000168421,RHOH,ENSMUSG00000029204,Rhoh,ortholog_one2one
ENSG00000173726,TOMM20,ENSMUSG00000093904,Tomm20,ortholog_one2one
ENSG00000136378,ADAMTS7,ENSMUSG00000032363,Adamts7,ortholog_one2one
ENSG00000081803,CADPS2,ENSMUSG00000017978,Cadps2,ortholog_one2one
ENSG00000024526,DEPDC1,ENSMUSG00000028175,Depdc1a,ortholog_one2one
ENSG00000135048,CEMIP2,ENSMUSG00000024754,Cemip2,ortholog_one2one
ENSG00000175970,UNC119B,ENSMUSG00000046562,Unc119b,ortholog_one2one
ENSG00000184209,SNRNP35,ENSMUSG00000029402,Snrnp35,ortholog_one2one
ENSG00000198087,CD2AP,ENSMUSG00000061665,Cd2ap,ortholog_one2one
ENSG00000085365,SCAMP1,ENSMUSG00000021687,Scamp1,ortholog_one2one
ENSG00000061987,MON2,ENSMUSG00000034602,Mon2,ortholog_one2one
ENSG00000243449,NICOL1,ENSMUSG00000070858,Nicol1,ortholog_one2one
ENSG00000152642,GPD1L,ENSMUSG00000050627,Gpd1l,ortholog_one2one
ENSG00000168214,RBPJ,ENSMUSG00000039191,Rbpj,ortholog_one2one
ENSG00000155265,GOLGA7B,ENSMUSG00000042532,Golga7b,ortholog_one2one
ENSG00000107816,LZTS2,ENSMUSG00000035342,Lzts2,ortholog_one2one
ENSG00000152492,CCDC50,ENSMUSG00000038127,Ccdc50,ortholog_one2one
ENSG00000143107,FNDC7,ENSMUSG00000045326,Fndc7,ortholog_one2one
ENSG00000039123,MTREX,ENSMUSG00000016018,Mtrex,ortholog_one2one
ENSG00000103404,USP31,ENSMUSG00000063317,Usp31,ortholog_one2one
ENSG00000163191,S100A11,ENSMUSG00000027907,S100a11,ortholog_one2one
ENSG00000160803,UBQLN4,ENSMUSG00000008604,Ubqln4,ortholog_one2one
ENSG00000071626,DAZAP1,ENSMUSG00000069565,Dazap1,ortholog_one2one
ENSG00000168038,ULK4,ENSMUSG00000040936,Ulk4,ortholog_one2one
ENSG00000148572,NRBF2,ENSMUSG00000075000,Nrbf2,ortholog_one2one
ENSG00000085999,RAD54L,ENSMUSG00000028702,Rad54l,ortholog_one2one
ENSG00000166816,LDHD,ENSMUSG00000031958,Ldhd,ortholog_one2one
ENSG00000148498,PARD3,ENSMUSG00000025812,Pard3,ortholog_one2one
ENSG00000127415,IDUA,ENSMUSG00000033540,Idua,ortholog_one2one
ENSG00000174992,ZG16,ENSMUSG00000049350,Zg16,ortholog_one2one
ENSG00000127241,MASP1,ENSMUSG00000022887,Masp1,ortholog_one2one
ENSG00000108342,CSF3,ENSMUSG00000038067,Csf3,ortholog_one2one
ENSG00000176678,FOXL1,ENSMUSG00000097084,Foxl1,ortholog_one2one
ENSG00000124508,BTN2A2,ENSMUSG00000053216,Btn2a2,ortholog_one2one
ENSG00000182473,EXOC7,ENSMUSG00000020792,Exoc7,ortholog_one2one
ENSG00000148339,SLC25A25,ENSMUSG00000026819,Slc25a25,ortholog_one2one
ENSG00000175130,MARCKSL1,ENSMUSG00000047945,Marcksl1,ortholog_one2one
ENSG00000163875,MEAF6,ENSMUSG00000028863,Meaf6,ortholog_one2one
ENSG00000172340,SUCLG2,ENSMUSG00000061838,Suclg2,ortholog_one2one
ENSG00000179820,MYADM,ENSMUSG00000068566,Myadm,ortholog_one2one
ENSG00000153266,FEZF2,ENSMUSG00000021743,Fezf2,ortholog_one2one
ENSG00000142751,GPN2,ENSMUSG00000028848,Gpn2,ortholog_one2one
ENSG00000127540,UQCR11,ENSMUSG00000020163,Uqcr11,ortholog_one2one
ENSG00000181555,SETD2,ENSMUSG00000044791,Setd2,ortholog_one2one
ENSG00000142937,RPS8,ENSMUSG00000047675,Rps8,ortholog_one2one
ENSG00000124302,CHST8,ENSMUSG00000060402,Chst8,ortholog_one2one
ENSG00000116209,TMEM59,ENSMUSG00000028618,Tmem59,ortholog_one2one
ENSG00000145217,SLC26A1,ENSMUSG00000046959,Slc26a1,ortholog_one2one
ENSG00000174521,TTC9B,ENSMUSG00000007944,Ttc9b,ortholog_one2one
ENSG00000151718,WWC2,ENSMUSG00000031563,Wwc2,ortholog_one2one
ENSG00000094880,CDC23,ENSMUSG00000024370,Cdc23,ortholog_one2one
ENSG00000132423,COQ3,ENSMUSG00000028247,Coq3,ortholog_one2one
ENSG00000103021,CFAP263,ENSMUSG00000036598,Ccdc113,ortholog_one2one
ENSG00000185250,PPIL6,ENSMUSG00000078451,Ppil6,ortholog_one2one
ENSG00000131037,EPS8L1,ENSMUSG00000006154,Eps8l1,ortholog_one2one
ENSG00000178773,CPNE7,ENSMUSG00000034796,Cpne7,ortholog_one2one
ENSG00000136933,RABEPK,ENSMUSG00000070953,Rabepk,ortholog_one2one
ENSG00000090097,PCBP4,ENSMUSG00000023495,Pcbp4,ortholog_one2one
ENSG00000130305,NSUN5,ENSMUSG00000000916,Nsun5,ortholog_one2one
ENSG00000013561,RNF14,ENSMUSG00000060450,Rnf14,ortholog_one2one
ENSG00000137486,ARRB1,ENSMUSG00000018909,Arrb1,ortholog_one2one
ENSG00000102981,PARD6A,ENSMUSG00000005699,Pard6a,ortholog_one2one
ENSG00000029639,TFB1M,ENSMUSG00000036983,Tfb1m,ortholog_one2one
ENSG00000143786,CNIH3,ENSMUSG00000026514,Cnih3,ortholog_one2one
ENSG00000197355,UAP1L1,ENSMUSG00000026956,Uap1l1,ortholog_one2one
ENSG00000125166,GOT2,ENSMUSG00000031672,Got2,ortholog_one2one
ENSG00000111880,RNGTT,ENSMUSG00000028274,Rngtt,ortholog_one2one
ENSG00000146842,TMEM209,ENSMUSG00000029782,Tmem209,ortholog_one2one
ENSG00000183439,TRIM61,ENSMUSG00000109718,Trim61,ortholog_one2one
ENSG00000176261,ZBTB8OS,ENSMUSG00000057572,Zbtb8os,ortholog_one2one
ENSG00000134852,CLOCK,ENSMUSG00000029238,Clock,ortholog_one2one
ENSG00000119408,NEK6,ENSMUSG00000026749,Nek6,ortholog_one2one
ENSG00000163481,RNF25,ENSMUSG00000026171,Rnf25,ortholog_one2one
ENSG00000105854,PON2,ENSMUSG00000032667,Pon2,ortholog_one2one
ENSG00000146463,ZMYM4,ENSMUSG00000042446,Zmym4,ortholog_one2one
ENSG00000124541,RRP36,ENSMUSG00000023971,Rrp36,ortholog_one2one
ENSG00000153048,CARHSP1,ENSMUSG00000008393,Carhsp1,ortholog_one2one
ENSG00000198755,RPL10A,ENSMUSG00000037805,Rpl10a,ortholog_one2one
ENSG00000176531,PHLDB3,ENSMUSG00000074277,Phldb3,ortholog_one2one
ENSG00000146122,DAAM2,ENSMUSG00000040260,Daam2,ortholog_one2one
ENSG00000171522,PTGER4,ENSMUSG00000039942,Ptger4,ortholog_one2one
ENSG00000141905,NFIC,ENSMUSG00000055053,Nfic,ortholog_one2one
ENSG00000120868,APAF1,ENSMUSG00000019979,Apaf1,ortholog_one2one
ENSG00000119729,RHOQ,ENSMUSG00000024143,Rhoq,ortholog_one2one
ENSG00000079215,SLC1A3,ENSMUSG00000005360,Slc1a3,ortholog_one2one
ENSG00000138081,FBXO11,ENSMUSG00000005371,Fbxo11,ortholog_one2one
ENSG00000196937,FAM3C,ENSMUSG00000029672,Fam3c,ortholog_one2one
ENSG00000148180,GSN,ENSMUSG00000026879,Gsn,ortholog_one2one
ENSG00000175567,UCP2,ENSMUSG00000033685,Ucp2,ortholog_one2one
ENSG00000108424,KPNB1,ENSMUSG00000001440,Kpnb1,ortholog_one2one
ENSG00000116774,OLFML3,ENSMUSG00000027848,Olfml3,ortholog_one2one
ENSG00000137942,FNBP1L,ENSMUSG00000039735,Fnbp1l,ortholog_one2one
ENSG00000006715,VPS41,ENSMUSG00000041236,Vps41,ortholog_one2one
ENSG00000141873,SLC39A3,ENSMUSG00000046822,Slc39a3,ortholog_one2one
ENSG00000143771,CNIH4,ENSMUSG00000062169,Cnih4,ortholog_one2one
ENSG00000014824,SLC30A9,ENSMUSG00000029221,Slc30a9,ortholog_one2one
ENSG00000104983,CCDC61,ENSMUSG00000074358,Ccdc61,ortholog_one2one
ENSG00000166444,DENND2B,ENSMUSG00000031024,Dennd2b,ortholog_one2one
ENSG00000115211,EIF2B4,ENSMUSG00000029145,Eif2b4,ortholog_one2one
ENSG00000159377,PSMB4,ENSMUSG00000005779,Psmb4,ortholog_one2one
ENSG00000113312,TTC1,ENSMUSG00000041278,Ttc1,ortholog_one2one
ENSG00000153786,ZDHHC7,ENSMUSG00000031823,Zdhhc7,ortholog_one2one
ENSG00000243649,CFB,ENSMUSG00000090231,Cfb,ortholog_one2one
ENSG00000127125,PPCS,ENSMUSG00000028636,Ppcs,ortholog_one2one
ENSG00000132763,MMACHC,ENSMUSG00000028690,Mmachc,ortholog_one2one
ENSG00000112874,NUDT12,ENSMUSG00000024228,Nudt12,ortholog_one2one
ENSG00000149923,PPP4C,ENSMUSG00000030697,Ppp4c,ortholog_one2one
ENSG00000143748,NVL,ENSMUSG00000026516,Nvl,ortholog_one2one
ENSG00000141569,TRIM65,ENSMUSG00000054517,Trim65,ortholog_one2one
ENSG00000112981,NME5,ENSMUSG00000035984,Nme5,ortholog_one2one
ENSG00000126247,CAPNS1,ENSMUSG00000001794,Capns1,ortholog_one2one
ENSG00000145506,NKD2,ENSMUSG00000021567,Nkd2,ortholog_one2one
ENSG00000180329,CCDC43,ENSMUSG00000020925,Ccdc43,ortholog_one2one
ENSG00000109790,KLHL5,ENSMUSG00000054920,Klhl5,ortholog_one2one
ENSG00000128050,PAICS,ENSMUSG00000029247,Paics,ortholog_one2one
ENSG00000198624,CCDC69,ENSMUSG00000049588,Ccdc69,ortholog_one2one
ENSG00000124615,MOCS1,ENSMUSG00000064120,Mocs1,ortholog_one2one
ENSG00000164587,RPS14,ENSMUSG00000024608,Rps14,ortholog_one2one
ENSG00000104863,LIN7B,ENSMUSG00000003872,Lin7b,ortholog_one2one
ENSG00000122566,HNRNPA2B1,ENSMUSG00000004980,Hnrnpa2b1,ortholog_one2one
ENSG00000103056,SMPD3,ENSMUSG00000031906,Smpd3,ortholog_one2one
ENSG00000126561,STAT5A,ENSMUSG00000004043,Stat5a,ortholog_one2one
ENSG00000143106,PSMA5,ENSMUSG00000068749,Psma5,ortholog_one2one
ENSG00000169247,SH3TC2,ENSMUSG00000045629,Sh3tc2,ortholog_one2one
ENSG00000104812,GYS1,ENSMUSG00000003865,Gys1,ortholog_one2one
ENSG00000038210,PI4K2B,ENSMUSG00000029186,Pi4k2b,ortholog_one2one
ENSG00000204227,RING1,ENSMUSG00000024325,Ring1,ortholog_one2one
ENSG00000163586,FABP1,ENSMUSG00000054422,Fabp1,ortholog_one2one
ENSG00000122406,RPL5,ENSMUSG00000058558,Rpl5,ortholog_one2one
ENSG00000168743,NPNT,ENSMUSG00000040998,Npnt,ortholog_one2one
ENSG00000112343,TRIM38,ENSMUSG00000064140,Trim38,ortholog_one2one
ENSG00000178226,PRSS36,ENSMUSG00000070371,Prss36,ortholog_one2one
ENSG00000171604,CXXC5,ENSMUSG00000046668,Cxxc5,ortholog_one2one
ENSG00000204351,SKIC2,ENSMUSG00000040356,Skic2,ortholog_one2one
ENSG00000111670,GNPTAB,ENSMUSG00000035311,Gnptab,ortholog_one2one
ENSG00000126453,BCL2L12,ENSMUSG00000003190,Bcl2l12,ortholog_one2one
ENSG00000053372,MRTO4,ENSMUSG00000028741,Mrto4,ortholog_one2one
ENSG00000168385,SEPTIN2,ENSMUSG00000026276,Septin2,ortholog_one2one
ENSG00000154122,ANKH,ENSMUSG00000022265,Ank,ortholog_one2one
ENSG00000123094,RASSF8,ENSMUSG00000030259,Rassf8,ortholog_one2one
ENSG00000084636,COL16A1,ENSMUSG00000040690,Col16a1,ortholog_one2one
ENSG00000150753,CCT5,ENSMUSG00000022234,Cct5,ortholog_one2one
ENSG00000140968,IRF8,ENSMUSG00000041515,Irf8,ortholog_one2one
ENSG00000205403,CFI,ENSMUSG00000058952,Cfi,ortholog_one2one
ENSG00000023697,DERA,ENSMUSG00000030225,Dera,ortholog_one2one
ENSG00000105290,APLP1,ENSMUSG00000006651,Aplp1,ortholog_one2one
ENSG00000214941,ZSWIM7,ENSMUSG00000014243,Zswim7,ortholog_one2one
ENSG00000163738,MTHFD2L,ENSMUSG00000029376,Mthfd2l,ortholog_one2one
ENSG00000135473,PAN2,ENSMUSG00000005682,Pan2,ortholog_one2one
ENSG00000163703,CRELD1,ENSMUSG00000030284,Creld1,ortholog_one2one
ENSG00000168818,STX18,ENSMUSG00000029125,Stx18,ortholog_one2one
ENSG00000153132,CLGN,ENSMUSG00000002190,Clgn,ortholog_one2one
ENSG00000134690,CDCA8,ENSMUSG00000028873,Cdca8,ortholog_one2one
ENSG00000168824,NSG1,ENSMUSG00000029126,Nsg1,ortholog_one2one
ENSG00000164330,EBF1,ENSMUSG00000057098,Ebf1,ortholog_one2one
ENSG00000198793,MTOR,ENSMUSG00000028991,Mtor,ortholog_one2one
ENSG00000010017,RANBP9,ENSMUSG00000038546,Ranbp9,ortholog_one2one
ENSG00000112237,CCNC,ENSMUSG00000028252,Ccnc,ortholog_one2one
ENSG00000104907,TRMT1,ENSMUSG00000001909,Trmt1,ortholog_one2one
ENSG00000169762,TAPT1,ENSMUSG00000046985,Tapt1,ortholog_one2one
ENSG00000005844,ITGAL,ENSMUSG00000030830,Itgal,ortholog_one2one
ENSG00000087266,SH3BP2,ENSMUSG00000054520,Sh3bp2,ortholog_one2one
ENSG00000106415,GLCCI1,ENSMUSG00000029638,Glcci1,ortholog_one2one
ENSG00000248487,ABHD14A,ENSMUSG00000042210,Abhd14a,ortholog_one2one
ENSG00000042753,AP2S1,ENSMUSG00000008036,Ap2s1,ortholog_one2one
ENSG00000144895,EIF2A,ENSMUSG00000027810,Eif2a,ortholog_one2one
ENSG00000181444,ZNF467,ENSMUSG00000068551,Zfp467,ortholog_one2one
ENSG00000127526,SLC35E1,ENSMUSG00000019731,Slc35e1,ortholog_one2one
ENSG00000135454,B4GALNT1,ENSMUSG00000006731,B4galnt1,ortholog_one2one
ENSG00000132589,FLOT2,ENSMUSG00000061981,Flot2,ortholog_one2one
ENSG00000197050,ZNF420,ENSMUSG00000063047,Zfp780b,ortholog_one2one
ENSG00000157954,WIPI2,ENSMUSG00000029578,Wipi2,ortholog_one2one
ENSG00000103355,PRSS33,ENSMUSG00000049620,Prss33,ortholog_one2one
ENSG00000177551,NHLH2,ENSMUSG00000048540,Nhlh2,ortholog_one2one
ENSG00000077152,UBE2T,ENSMUSG00000026429,Ube2t,ortholog_one2one
ENSG00000140854,KATNB1,ENSMUSG00000031787,Katnb1,ortholog_one2one
ENSG00000089876,DHX32,ENSMUSG00000030986,Dhx32,ortholog_one2one
ENSG00000114631,PODXL2,ENSMUSG00000033152,Podxl2,ortholog_one2one
ENSG00000110888,CAPRIN2,ENSMUSG00000030309,Caprin2,ortholog_one2one
ENSG00000163520,FBLN2,ENSMUSG00000064080,Fbln2,ortholog_one2one
ENSG00000122359,ANXA11,ENSMUSG00000021866,Anxa11,ortholog_one2one
ENSG00000138814,PPP3CA,ENSMUSG00000028161,Ppp3ca,ortholog_one2one
ENSG00000197256,KANK2,ENSMUSG00000032194,Kank2,ortholog_one2one
ENSG00000127980,PEX1,ENSMUSG00000005907,Pex1,ortholog_one2one
ENSG00000086205,FOLH1,ENSMUSG00000001773,Folh1,ortholog_one2one
ENSG00000081019,RSBN1,ENSMUSG00000044098,Rsbn1,ortholog_one2one
ENSG00000186439,TRDN,ENSMUSG00000019787,Trdn,ortholog_one2one
ENSG00000163285,GABRG1,ENSMUSG00000001260,Gabrg1,ortholog_one2one
ENSG00000142669,SH3BGRL3,ENSMUSG00000028843,Sh3bgrl3,ortholog_one2one
ENSG00000117724,CENPF,ENSMUSG00000026605,Cenpf,ortholog_one2one
ENSG00000117614,SYF2,ENSMUSG00000028821,Syf2,ortholog_one2one
ENSG00000266472,MRPS21,ENSMUSG00000054312,Mrps21,ortholog_one2one
ENSG00000104892,KLC3,ENSMUSG00000040714,Klc3,ortholog_one2one
ENSG00000121578,B4GALT4,ENSMUSG00000022793,B4galt4,ortholog_one2one
ENSG00000164008,C1orf50,ENSMUSG00000078584,AU022252,ortholog_one2one
ENSG00000169221,TBC1D10B,ENSMUSG00000042492,Tbc1d10b,ortholog_one2one
ENSG00000117500,TMED5,ENSMUSG00000063406,Tmed5,ortholog_one2one
ENSG00000117697,NSL1,ENSMUSG00000062510,Nsl1,ortholog_one2one
ENSG00000224470,ATXN1L,ENSMUSG00000069895,Atxn1l,ortholog_one2one
ENSG00000167977,KCTD5,ENSMUSG00000016946,Kctd5,ortholog_one2one
ENSG00000170889,RPS9,ENSMUSG00000006333,Rps9,ortholog_one2one
ENSG00000117748,RPA2,ENSMUSG00000028884,Rpa2,ortholog_one2one
ENSG00000182255,KCNA4,ENSMUSG00000042604,Kcna4,ortholog_one2one
ENSG00000110367,DDX6,ENSMUSG00000032097,Ddx6,ortholog_one2one
ENSG00000161682,FAM171A2,ENSMUSG00000034685,Fam171a2,ortholog_one2one
ENSG00000143476,DTL,ENSMUSG00000037474,Dtl,ortholog_one2one
ENSG00000239697,TNFSF12,ENSMUSG00000097328,Tnfsf12,ortholog_one2one
ENSG00000164494,PDSS2,ENSMUSG00000038240,Pdss2,ortholog_one2one
ENSG00000167705,RILP,ENSMUSG00000038195,Rilp,ortholog_one2one
ENSG00000111877,MCM9,ENSMUSG00000058298,Mcm9,ortholog_one2one
ENSG00000002834,LASP1,ENSMUSG00000038366,Lasp1,ortholog_one2one
ENSG00000105568,PPP2R1A,ENSMUSG00000007564,Ppp2r1a,ortholog_one2one
ENSG00000108953,YWHAE,ENSMUSG00000020849,Ywhae,ortholog_one2one
ENSG00000134369,NAV1,ENSMUSG00000009418,Nav1,ortholog_one2one
ENSG00000103313,MEFV,ENSMUSG00000022534,Mefv,ortholog_one2one
ENSG00000073969,NSF,ENSMUSG00000034187,Nsf,ortholog_one2one
ENSG00000001561,ENPP4,ENSMUSG00000023961,Enpp4,ortholog_one2one
ENSG00000204371,EHMT2,ENSMUSG00000013787,Ehmt2,ortholog_one2one
ENSG00000149090,PAMR1,ENSMUSG00000027188,Pamr1,ortholog_one2one
ENSG00000160796,NBEAL2,ENSMUSG00000056724,Nbeal2,ortholog_one2one
ENSG00000130313,PGLS,ENSMUSG00000031807,Pgls,ortholog_one2one
ENSG00000060566,CREB3L3,ENSMUSG00000035041,Creb3l3,ortholog_one2one
ENSG00000159720,ATP6V0D1,ENSMUSG00000013160,Atp6v0d1,ortholog_one2one
ENSG00000162851,TFB2M,ENSMUSG00000026492,Tfb2m,ortholog_one2one
ENSG00000145335,SNCA,ENSMUSG00000025889,Snca,ortholog_one2one
ENSG00000149541,B3GAT3,ENSMUSG00000071649,B3gat3,ortholog_one2one
ENSG00000197785,ATAD3A,ENSMUSG00000029036,Atad3a,ortholog_one2one
ENSG00000059573,ALDH18A1,ENSMUSG00000025007,Aldh18a1,ortholog_one2one
ENSG00000129757,CDKN1C,ENSMUSG00000037664,Cdkn1c,ortholog_one2one
ENSG00000093167,LRRFIP2,ENSMUSG00000032497,Lrrfip2,ortholog_one2one
ENSG00000164880,INTS1,ENSMUSG00000029547,Ints1,ortholog_one2one
ENSG00000110075,PPP6R3,ENSMUSG00000024908,Ppp6r3,ortholog_one2one
ENSG00000103148,NPRL3,ENSMUSG00000020289,Nprl3,ortholog_one2one
ENSG00000108602,ALDH3A1,ENSMUSG00000019102,Aldh3a1,ortholog_one2one
ENSG00000104824,HNRNPL,ENSMUSG00000015165,Hnrnpl,ortholog_one2one
ENSG00000092621,PHGDH,ENSMUSG00000053398,Phgdh,ortholog_one2one
ENSG00000150593,PDCD4,ENSMUSG00000024975,Pdcd4,ortholog_one2one
ENSG00000151694,ADAM17,ENSMUSG00000052593,Adam17,ortholog_one2one
ENSG00000104835,SARS2,ENSMUSG00000070699,Sars2,ortholog_one2one
ENSG00000171345,KRT19,ENSMUSG00000020911,Krt19,ortholog_one2one
ENSG00000182173,TSEN54,ENSMUSG00000020781,Tsen54,ortholog_one2one
ENSG00000176788,BASP1,ENSMUSG00000045763,Basp1,ortholog_one2one
ENSG00000178175,ZNF366,ENSMUSG00000050919,Zfp366,ortholog_one2one
ENSG00000122008,POLK,ENSMUSG00000021668,Polk,ortholog_one2one
ENSG00000184922,FMNL1,ENSMUSG00000055805,Fmnl1,ortholog_one2one
ENSG00000106392,C1GALT1,ENSMUSG00000042460,C1galt1,ortholog_one2one
ENSG00000179134,SAMD4B,ENSMUSG00000109336,Samd4b,ortholog_one2one
ENSG00000168283,BMI1,ENSMUSG00000026739,Bmi1,ortholog_one2one
ENSG00000156076,WIF1,ENSMUSG00000020218,Wif1,ortholog_one2one
ENSG00000115446,UNC50,ENSMUSG00000026111,Unc50,ortholog_one2one
ENSG00000174567,GOLT1A,ENSMUSG00000103421,Golt1a,ortholog_one2one
ENSG00000142541,RPL13A,ENSMUSG00000074129,Rpl13a,ortholog_one2one
ENSG00000145293,ENOPH1,ENSMUSG00000029326,Enoph1,ortholog_one2one
ENSG00000157216,SSBP3,ENSMUSG00000061887,Ssbp3,ortholog_one2one
ENSG00000128059,PPAT,ENSMUSG00000029246,Ppat,ortholog_one2one
ENSG00000141232,TOB1,ENSMUSG00000037573,Tob1,ortholog_one2one
ENSG00000127314,RAP1B,ENSMUSG00000052681,Rap1b,ortholog_one2one
ENSG00000188895,MSL1,ENSMUSG00000052915,Msl1,ortholog_one2one
ENSG00000138002,IFT172,ENSMUSG00000038564,Ift172,ortholog_one2one
ENSG00000183018,SPNS2,ENSMUSG00000040447,Spns2,ortholog_one2one
ENSG00000099785,MARCHF2,ENSMUSG00000079557,Marchf2,ortholog_one2one
ENSG00000145864,GABRB2,ENSMUSG00000007653,Gabrb2,ortholog_one2one
ENSG00000105967,TFEC,ENSMUSG00000029553,Tfec,ortholog_one2one
ENSG00000177302,TOP3A,ENSMUSG00000002814,Top3a,ortholog_one2one
ENSG00000189409,MMP23B,ENSMUSG00000029061,Mmp23,ortholog_one2one
ENSG00000170502,NUDT9,ENSMUSG00000029310,Nudt9,ortholog_one2one
ENSG00000170430,MGMT,ENSMUSG00000054612,Mgmt,ortholog_one2one
ENSG00000095066,HOOK2,ENSMUSG00000052566,Hook2,ortholog_one2one
ENSG00000103091,WDR59,ENSMUSG00000031959,Wdr59,ortholog_one2one
ENSG00000112039,FANCE,ENSMUSG00000007570,Fance,ortholog_one2one
ENSG00000180817,PPA1,ENSMUSG00000020089,Ppa1,ortholog_one2one
ENSG00000137960,GIPC2,ENSMUSG00000039131,Gipc2,ortholog_one2one
ENSG00000162373,BEND5,ENSMUSG00000028545,Bend5,ortholog_one2one
ENSG00000270647,TAF15,ENSMUSG00000020680,Taf15,ortholog_one2one
ENSG00000179085,DPM3,ENSMUSG00000042737,Dpm3,ortholog_one2one
ENSG00000069275,NUCKS1,ENSMUSG00000026434,Nucks1,ortholog_one2one
ENSG00000169026,SLC49A3,ENSMUSG00000029490,Slc49a3,ortholog_one2one
ENSG00000112290,WASF1,ENSMUSG00000019831,Wasf1,ortholog_one2one
ENSG00000146592,CREB5,ENSMUSG00000053007,Creb5,ortholog_one2one
ENSG00000105063,PPP6R1,ENSMUSG00000052296,Ppp6r1,ortholog_one2one
ENSG00000125347,IRF1,ENSMUSG00000018899,Irf1,ortholog_one2one
ENSG00000162512,SDC3,ENSMUSG00000025743,Sdc3,ortholog_one2one
ENSG00000214413,BBIP1,ENSMUSG00000084957,Bbip1,ortholog_one2one
ENSG00000058453,CROCC,ENSMUSG00000040860,Crocc,ortholog_one2one
ENSG00000132434,LANCL2,ENSMUSG00000062190,Lancl2,ortholog_one2one
ENSG00000109180,OCIAD1,ENSMUSG00000029152,Ociad1,ortholog_one2one
ENSG00000067057,PFKP,ENSMUSG00000021196,Pfkp,ortholog_one2one
ENSG00000029725,RABEP1,ENSMUSG00000020817,Rabep1,ortholog_one2one
ENSG00000131653,TRAF7,ENSMUSG00000052752,Traf7,ortholog_one2one
ENSG00000160991,ORAI2,ENSMUSG00000039747,Orai2,ortholog_one2one
ENSG00000070614,NDST1,ENSMUSG00000054008,Ndst1,ortholog_one2one
ENSG00000169919,GUSB,ENSMUSG00000025534,Gusb,ortholog_one2one
ENSG00000117505,DR1,ENSMUSG00000029265,Dr1,ortholog_one2one
ENSG00000064703,DDX20,ENSMUSG00000027905,Ddx20,ortholog_one2one
ENSG00000170162,VGLL2,ENSMUSG00000049641,Vgll2,ortholog_one2one
ENSG00000198563,DDX39B,ENSMUSG00000019432,Ddx39b,ortholog_one2one
ENSG00000145687,SSBP2,ENSMUSG00000003992,Ssbp2,ortholog_one2one
ENSG00000000460,FIRRM,ENSMUSG00000041406,Firrm,ortholog_one2one
ENSG00000095739,BAMBI,ENSMUSG00000024232,Bambi,ortholog_one2one
ENSG00000115170,ACVR1,ENSMUSG00000026836,Acvr1,ortholog_one2one
ENSG00000175395,ZNF25,ENSMUSG00000072623,Zfp9,ortholog_one2one
ENSG00000197430,OPALIN,ENSMUSG00000050121,Opalin,ortholog_one2one
ENSG00000154678,PDE1C,ENSMUSG00000004347,Pde1c,ortholog_one2one
ENSG00000167720,SRR,ENSMUSG00000001323,Srr,ortholog_one2one
ENSG00000078114,NEBL,ENSMUSG00000053702,Nebl,ortholog_one2one
ENSG00000166685,COG1,ENSMUSG00000018661,Cog1,ortholog_one2one
ENSG00000185361,TNFAIP8L1,ENSMUSG00000044469,Tnfaip8l1,ortholog_one2one
ENSG00000158717,RNF166,ENSMUSG00000014470,Rnf166,ortholog_one2one
ENSG00000167721,TSR1,ENSMUSG00000038335,Tsr1,ortholog_one2one
ENSG00000167967,E4F1,ENSMUSG00000024137,E4f1,ortholog_one2one
ENSG00000139192,TAPBPL,ENSMUSG00000038213,Tapbpl,ortholog_one2one
ENSG00000119979,DENND10,ENSMUSG00000024993,Dennd10,ortholog_one2one
ENSG00000167543,TP53I13,ENSMUSG00000044328,Trp53i13,ortholog_one2one
ENSG00000139531,SUOX,ENSMUSG00000049858,Suox,ortholog_one2one
ENSG00000148832,PAOX,ENSMUSG00000025464,Paox,ortholog_one2one
ENSG00000104870,FCGRT,ENSMUSG00000003420,Fcgrt,ortholog_one2one
ENSG00000055483,USP36,ENSMUSG00000033909,Usp36,ortholog_one2one
ENSG00000074582,BCS1L,ENSMUSG00000026172,Bcs1l,ortholog_one2one
ENSG00000198964,SGMS1,ENSMUSG00000040451,Sgms1,ortholog_one2one
ENSG00000162814,SPATA17,ENSMUSG00000026611,Spata17,ortholog_one2one
ENSG00000007516,BAIAP3,ENSMUSG00000047507,Baiap3,ortholog_one2one
ENSG00000048540,LMO3,ENSMUSG00000030226,Lmo3,ortholog_one2one
ENSG00000030110,BAK1,ENSMUSG00000057789,Bak1,ortholog_one2one
ENSG00000126522,ASL,ENSMUSG00000025533,Asl,ortholog_one2one
ENSG00000157637,SLC38A10,ENSMUSG00000061306,Slc38a10,ortholog_one2one
ENSG00000204936,CD177,ENSMUSG00000052212,Cd177,ortholog_one2one
ENSG00000136770,DNAJC1,ENSMUSG00000026740,Dnajc1,ortholog_one2one
ENSG00000119559,C19orf25,ENSMUSG00000020133,2310011J03Rik,ortholog_one2one
ENSG00000111684,LPCAT3,ENSMUSG00000004270,Lpcat3,ortholog_one2one
ENSG00000117602,RCAN3,ENSMUSG00000059713,Rcan3,ortholog_one2one
ENSG00000181027,FKRP,ENSMUSG00000048920,Fkrp,ortholog_one2one
ENSG00000107521,HPS1,ENSMUSG00000025188,Hps1,ortholog_one2one
ENSG00000132773,TOE1,ENSMUSG00000028688,Toe1,ortholog_one2one
ENSG00000174130,TLR6,ENSMUSG00000051498,Tlr6,ortholog_one2one
ENSG00000178163,ZNF518B,ENSMUSG00000046572,Zfp518b,ortholog_one2one
ENSG00000234127,TRIM26,ENSMUSG00000024457,Trim26,ortholog_one2one
ENSG00000092853,CLSPN,ENSMUSG00000042489,Clspn,ortholog_one2one
ENSG00000145358,DDIT4L,ENSMUSG00000046818,Ddit4l,ortholog_one2one
ENSG00000044115,CTNNA1,ENSMUSG00000037815,Ctnna1,ortholog_one2one
ENSG00000150625,GPM6A,ENSMUSG00000031517,Gpm6a,ortholog_one2one
ENSG00000130300,PLVAP,ENSMUSG00000034845,Plvap,ortholog_one2one
ENSG00000142546,NOSIP,ENSMUSG00000003421,Nosip,ortholog_one2one
ENSG00000052126,PLEKHA5,ENSMUSG00000030231,Plekha5,ortholog_one2one
ENSG00000108384,RAD51C,ENSMUSG00000007646,Rad51c,ortholog_one2one
ENSG00000082898,XPO1,ENSMUSG00000020290,Xpo1,ortholog_one2one
ENSG00000109320,NFKB1,ENSMUSG00000028163,Nfkb1,ortholog_one2one
ENSG00000141526,SLC16A3,ENSMUSG00000025161,Slc16a3,ortholog_one2one
ENSG00000143842,SOX13,ENSMUSG00000070643,Sox13,ortholog_one2one
ENSG00000204655,MOG,ENSMUSG00000076439,Mog,ortholog_one2one
ENSG00000141968,VAV1,ENSMUSG00000034116,Vav1,ortholog_one2one
ENSG00000215845,TSTD1,ENSMUSG00000103711,Tstd1,ortholog_one2one
ENSG00000117245,KIF17,ENSMUSG00000028758,Kif17,ortholog_one2one
ENSG00000060140,STYK1,ENSMUSG00000032899,Styk1,ortholog_one2one
ENSG00000115504,EHBP1,ENSMUSG00000042302,Ehbp1,ortholog_one2one
ENSG00000135837,CEP350,ENSMUSG00000033671,Cep350,ortholog_one2one
ENSG00000112787,FBRSL1,ENSMUSG00000043323,Fbrsl1,ortholog_one2one
ENSG00000104859,CLASRP,ENSMUSG00000061028,Clasrp,ortholog_one2one
ENSG00000087269,NOP14,ENSMUSG00000036693,Nop14,ortholog_one2one
ENSG00000159479,MED8,ENSMUSG00000006392,Med8,ortholog_one2one
ENSG00000008294,SPAG9,ENSMUSG00000020859,Spag9,ortholog_one2one
ENSG00000247077,PGAM5,ENSMUSG00000029500,Pgam5,ortholog_one2one
ENSG00000122550,KLHL7,ENSMUSG00000028986,Klhl7,ortholog_one2one
ENSG00000117519,CNN3,ENSMUSG00000053931,Cnn3,ortholog_one2one
ENSG00000126458,RRAS,ENSMUSG00000038387,Rras,ortholog_one2one
ENSG00000221988,PPT2,ENSMUSG00000015474,Ppt2,ortholog_one2one
ENSG00000137462,TLR2,ENSMUSG00000027995,Tlr2,ortholog_one2one
ENSG00000087250,MT3,ENSMUSG00000031760,Mt3,ortholog_one2one
ENSG00000090316,MAEA,ENSMUSG00000079562,Maea,ortholog_one2one
ENSG00000079156,OSBPL6,ENSMUSG00000042359,Osbpl6,ortholog_one2one
ENSG00000198822,GRM3,ENSMUSG00000003974,Grm3,ortholog_one2one
ENSG00000130176,CNN1,ENSMUSG00000001349,Cnn1,ortholog_one2one
ENSG00000164815,ORC5,ENSMUSG00000029012,Orc5,ortholog_one2one
ENSG00000162694,EXTL2,ENSMUSG00000027963,Extl2,ortholog_one2one
ENSG00000172081,MOB3A,ENSMUSG00000003348,Mob3a,ortholog_one2one
ENSG00000060656,PTPRU,ENSMUSG00000028909,Ptpru,ortholog_one2one
ENSG00000148985,PGAP2,ENSMUSG00000030990,Pgap2,ortholog_one2one
ENSG00000125505,MBOAT7,ENSMUSG00000035596,Mboat7,ortholog_one2one
ENSG00000139540,SLC39A5,ENSMUSG00000039878,Slc39a5,ortholog_one2one
ENSG00000166592,RRAD,ENSMUSG00000031880,Rrad,ortholog_one2one
ENSG00000091129,NRCAM,ENSMUSG00000020598,Nrcam,ortholog_one2one
ENSG00000040731,CDH10,ENSMUSG00000022321,Cdh10,ortholog_one2one
ENSG00000109686,SH3D19,ENSMUSG00000028082,Sh3d19,ortholog_one2one
ENSG00000118689,FOXO3,ENSMUSG00000048756,Foxo3,ortholog_one2one
ENSG00000146094,DOK3,ENSMUSG00000035711,Dok3,ortholog_one2one
ENSG00000137364,TPMT,ENSMUSG00000021376,Tpmt,ortholog_one2one
ENSG00000167460,TPM4,ENSMUSG00000031799,Tpm4,ortholog_one2one
ENSG00000027847,B4GALT7,ENSMUSG00000021504,B4galt7,ortholog_one2one
ENSG00000076685,NT5C2,ENSMUSG00000025041,Nt5c2,ortholog_one2one
ENSG00000047932,GOPC,ENSMUSG00000019861,Gopc,ortholog_one2one
ENSG00000205250,E2F4,ENSMUSG00000014859,E2f4,ortholog_one2one
ENSG00000117410,ATP6V0B,ENSMUSG00000033379,Atp6v0b,ortholog_one2one
ENSG00000121380,BCL2L14,ENSMUSG00000030200,Bcl2l14,ortholog_one2one
ENSG00000107745,MICU1,ENSMUSG00000020111,Micu1,ortholog_one2one
ENSG00000149806,FAU,ENSMUSG00000038274,Fau,ortholog_one2one
ENSG00000156427,FGF18,ENSMUSG00000057967,Fgf18,ortholog_one2one
ENSG00000113389,NPR3,ENSMUSG00000022206,Npr3,ortholog_one2one
ENSG00000142459,EVI5L,ENSMUSG00000011832,Evi5l,ortholog_one2one
ENSG00000204644,ZFP57,ENSMUSG00000036036,Zfp57,ortholog_one2one
ENSG00000102977,ACD,ENSMUSG00000038000,Acd,ortholog_one2one
ENSG00000143155,TIPRL,ENSMUSG00000040843,Tiprl,ortholog_one2one
ENSG00000158555,GDPD5,ENSMUSG00000035314,Gdpd5,ortholog_one2one
ENSG00000197712,FAM114A1,ENSMUSG00000029185,Fam114a1,ortholog_one2one
ENSG00000124279,FASTKD3,ENSMUSG00000021532,Fastkd3,ortholog_one2one
ENSG00000163344,PMVK,ENSMUSG00000027952,Pmvk,ortholog_one2one
ENSG00000049656,CLPTM1L,ENSMUSG00000021610,Clptm1l,ortholog_one2one
ENSG00000143179,UCK2,ENSMUSG00000026558,Uck2,ortholog_one2one
ENSG00000138744,NAAA,ENSMUSG00000029413,Naaa,ortholog_one2one
ENSG00000111344,RASAL1,ENSMUSG00000029602,Rasal1,ortholog_one2one
ENSG00000103042,SLC38A7,ENSMUSG00000036534,Slc38a7,ortholog_one2one
ENSG00000145362,ANK2,ENSMUSG00000032826,Ank2,ortholog_one2one
ENSG00000269858,EGLN2,ENSMUSG00000058709,Egln2,ortholog_one2one
ENSG00000097021,ACOT7,ENSMUSG00000028937,Acot7,ortholog_one2one
ENSG00000138172,CALHM2,ENSMUSG00000033033,Calhm2,ortholog_one2one
ENSG00000198825,INPP5F,ENSMUSG00000042105,Inpp5f,ortholog_one2one
ENSG00000141338,ABCA8,ENSMUSG00000020620,Abca8b,ortholog_one2one
ENSG00000167969,ECI1,ENSMUSG00000024132,Eci1,ortholog_one2one
ENSG00000168724,DNAJC21,ENSMUSG00000044224,Dnajc21,ortholog_one2one
ENSG00000185800,DMWD,ENSMUSG00000030410,Dmwd,ortholog_one2one
ENSG00000143368,SF3B4,ENSMUSG00000068856,Sf3b4,ortholog_one2one
ENSG00000164506,STXBP5,ENSMUSG00000019790,Stxbp5,ortholog_one2one
ENSG00000090971,NAT14,ENSMUSG00000035285,Nat14,ortholog_one2one
ENSG00000130529,TRPM4,ENSMUSG00000038260,Trpm4,ortholog_one2one
ENSG00000135773,CAPN9,ENSMUSG00000031981,Capn9,ortholog_one2one
ENSG00000179965,ZNF771,ENSMUSG00000054716,Zfp771,ortholog_one2one
ENSG00000099246,RAB18,ENSMUSG00000073639,Rab18,ortholog_one2one
ENSG00000102908,NFAT5,ENSMUSG00000003847,Nfat5,ortholog_one2one
ENSG00000158793,NIT1,ENSMUSG00000013997,Nit1,ortholog_one2one
ENSG00000152409,JMY,ENSMUSG00000021690,Jmy,ortholog_one2one
ENSG00000180233,ZNRF2,ENSMUSG00000058446,Znrf2,ortholog_one2one
ENSG00000023445,BIRC3,ENSMUSG00000032000,Birc3,ortholog_one2one
ENSG00000146090,RASGEF1C,ENSMUSG00000020374,Rasgef1c,ortholog_one2one
ENSG00000214960,CRPPA,ENSMUSG00000043153,Crppa,ortholog_one2one
ENSG00000119927,GPAM,ENSMUSG00000024978,Gpam,ortholog_one2one
ENSG00000133597,ADCK2,ENSMUSG00000046947,Adck2,ortholog_one2one
ENSG00000079387,SENP1,ENSMUSG00000033075,Senp1,ortholog_one2one
ENSG00000110497,AMBRA1,ENSMUSG00000040506,Ambra1,ortholog_one2one
ENSG00000142973,CYP4B1,ENSMUSG00000028713,Cyp4b1,ortholog_one2one
ENSG00000146276,GABRR1,ENSMUSG00000028280,Gabrr1,ortholog_one2one
ENSG00000272047,GTF2H5,ENSMUSG00000034345,Gtf2h5,ortholog_one2one
ENSG00000112210,RAB23,ENSMUSG00000004768,Rab23,ortholog_one2one
ENSG00000105851,PIK3CG,ENSMUSG00000020573,Pik3cg,ortholog_one2one
ENSG00000167775,CD320,ENSMUSG00000002308,Cd320,ortholog_one2one
ENSG00000111371,SLC38A1,ENSMUSG00000023169,Slc38a1,ortholog_one2one
ENSG00000105202,FBL,ENSMUSG00000046865,Fbl,ortholog_one2one
ENSG00000149380,P4HA3,ENSMUSG00000051048,P4ha3,ortholog_one2one
ENSG00000159461,AMFR,ENSMUSG00000031751,Amfr,ortholog_one2one
ENSG00000024048,UBR2,ENSMUSG00000023977,Ubr2,ortholog_one2one
ENSG00000185009,AP3M1,ENSMUSG00000021824,Ap3m1,ortholog_one2one
ENSG00000152078,TLCD4,ENSMUSG00000028132,Tlcd4,ortholog_one2one
ENSG00000173838,MARCHF10,ENSMUSG00000078627,Marchf10,ortholog_one2one
ENSG00000137261,KIAA0319,ENSMUSG00000006711,D130043K22Rik,ortholog_one2one
ENSG00000082438,COBLL1,ENSMUSG00000034903,Cobll1,ortholog_one2one
ENSG00000181830,SLC35C1,ENSMUSG00000049922,Slc35c1,ortholog_one2one
ENSG00000016082,ISL1,ENSMUSG00000042258,Isl1,ortholog_one2one
ENSG00000204219,TCEA3,ENSMUSG00000001604,Tcea3,ortholog_one2one
ENSG00000067365,METTL22,ENSMUSG00000039345,Mettl22,ortholog_one2one
ENSG00000213316,LTC4S,ENSMUSG00000020377,Ltc4s,ortholog_one2one
ENSG00000130159,ECSIT,ENSMUSG00000066839,Ecsit,ortholog_one2one
ENSG00000148660,CAMK2G,ENSMUSG00000021820,Camk2g,ortholog_one2one
ENSG00000153395,LPCAT1,ENSMUSG00000021608,Lpcat1,ortholog_one2one
ENSG00000133030,MPRIP,ENSMUSG00000005417,Mprip,ortholog_one2one
ENSG00000112701,SENP6,ENSMUSG00000034252,Senp6,ortholog_one2one
ENSG00000221978,CCNL2,ENSMUSG00000029068,Ccnl2,ortholog_one2one
ENSG00000113300,CNOT6,ENSMUSG00000020362,Cnot6,ortholog_one2one
ENSG00000170231,FABP6,ENSMUSG00000020405,Fabp6,ortholog_one2one
ENSG00000064270,ATP2C2,ENSMUSG00000034112,Atp2c2,ortholog_one2one
ENSG00000113575,PPP2CA,ENSMUSG00000020349,Ppp2ca,ortholog_one2one
ENSG00000170606,HSPA4,ENSMUSG00000020361,Hspa4,ortholog_one2one
ENSG00000132004,FBXW9,ENSMUSG00000008167,Fbxw9,ortholog_one2one
ENSG00000166292,TMEM100,ENSMUSG00000069763,Tmem100,ortholog_one2one
ENSG00000104998,IL27RA,ENSMUSG00000005465,Il27ra,ortholog_one2one
ENSG00000185624,P4HB,ENSMUSG00000025130,P4hb,ortholog_one2one
ENSG00000214530,STARD10,ENSMUSG00000030688,Stard10,ortholog_one2one
ENSG00000064961,HMG20B,ENSMUSG00000020232,Hmg20b,ortholog_one2one
ENSG00000115507,OTX1,ENSMUSG00000005917,Otx1,ortholog_one2one
ENSG00000168883,USP39,ENSMUSG00000056305,Usp39,ortholog_one2one
ENSG00000119396,RAB14,ENSMUSG00000026878,Rab14,ortholog_one2one
ENSG00000112893,MAN2A1,ENSMUSG00000024085,Man2a1,ortholog_one2one
ENSG00000154920,EME1,ENSMUSG00000039055,Eme1,ortholog_one2one
ENSG00000179889,PDXDC1,ENSMUSG00000022680,Pdxdc1,ortholog_one2one
ENSG00000075223,SEMA3C,ENSMUSG00000028780,Sema3c,ortholog_one2one
ENSG00000105538,RASIP1,ENSMUSG00000044562,Rasip1,ortholog_one2one
ENSG00000124507,PACSIN1,ENSMUSG00000040276,Pacsin1,ortholog_one2one
ENSG00000215041,NEURL4,ENSMUSG00000047284,Neurl4,ortholog_one2one
ENSG00000146247,PHIP,ENSMUSG00000032253,Phip,ortholog_one2one
ENSG00000170340,B3GNT2,ENSMUSG00000051650,B3gnt2,ortholog_one2one
ENSG00000160584,SIK3,ENSMUSG00000034135,Sik3,ortholog_one2one
ENSG00000138032,PPM1B,ENSMUSG00000061130,Ppm1b,ortholog_one2one
ENSG00000135480,KRT7,ENSMUSG00000023039,Krt7,ortholog_one2one
ENSG00000120729,MYOT,ENSMUSG00000024471,Myot,ortholog_one2one
ENSG00000112208,BAG2,ENSMUSG00000042215,Bag2,ortholog_one2one
ENSG00000130024,PHF10,ENSMUSG00000023883,Phf10,ortholog_one2one
ENSG00000049540,ELN,ENSMUSG00000029675,Eln,ortholog_one2one
ENSG00000145740,SLC30A5,ENSMUSG00000021629,Slc30a5,ortholog_one2one
ENSG00000105401,CDC37,ENSMUSG00000019471,Cdc37,ortholog_one2one
ENSG00000092871,RFFL,ENSMUSG00000020696,Rffl,ortholog_one2one
ENSG00000198001,IRAK4,ENSMUSG00000059883,Irak4,ortholog_one2one
ENSG00000124608,AARS2,ENSMUSG00000023938,Aars2,ortholog_one2one
ENSG00000115318,LOXL3,ENSMUSG00000000693,Loxl3,ortholog_one2one
ENSG00000105229,PIAS4,ENSMUSG00000004934,Pias4,ortholog_one2one
ENSG00000113558,SKP1,ENSMUSG00000036309,Skp1,ortholog_one2one
ENSG00000124702,KLHDC3,ENSMUSG00000063576,Klhdc3,ortholog_one2one
ENSG00000178951,ZBTB7A,ENSMUSG00000035011,Zbtb7a,ortholog_one2one
ENSG00000108788,MLX,ENSMUSG00000017801,Mlx,ortholog_one2one
ENSG00000099337,KCNK6,ENSMUSG00000046410,Kcnk6,ortholog_one2one
ENSG00000135392,DNAJC14,ENSMUSG00000025354,Dnajc14,ortholog_one2one
ENSG00000043462,LCP2,ENSMUSG00000002699,Lcp2,ortholog_one2one
ENSG00000089009,RPL6,ENSMUSG00000029614,Rpl6,ortholog_one2one
ENSG00000132470,ITGB4,ENSMUSG00000020758,Itgb4,ortholog_one2one
ENSG00000130669,PAK4,ENSMUSG00000030602,Pak4,ortholog_one2one
ENSG00000173926,MARCHF3,ENSMUSG00000032656,Marchf3,ortholog_one2one
ENSG00000113318,MSH3,ENSMUSG00000014850,Msh3,ortholog_one2one
ENSG00000162949,CAPN13,ENSMUSG00000043705,Capn13,ortholog_one2one
ENSG00000167986,DDB1,ENSMUSG00000024740,Ddb1,ortholog_one2one
ENSG00000140992,PDPK1,ENSMUSG00000024122,Pdpk1,ortholog_one2one
ENSG00000132429,POPDC3,ENSMUSG00000019848,Popdc3,ortholog_one2one
ENSG00000204305,AGER,ENSMUSG00000015452,Ager,ortholog_one2one
ENSG00000115325,DOK1,ENSMUSG00000068335,Dok1,ortholog_one2one
ENSG00000082153,BZW1,ENSMUSG00000051223,Bzw1,ortholog_one2one
ENSG00000167613,LAIR1,ENSMUSG00000055541,Lair1,ortholog_one2one
ENSG00000198677,SKIC3,ENSMUSG00000033991,Skic3,ortholog_one2one
ENSG00000103126,AXIN1,ENSMUSG00000024182,Axin1,ortholog_one2one
ENSG00000148444,COMMD3,ENSMUSG00000051154,Commd3,ortholog_one2one
ENSG00000108219,TSPAN14,ENSMUSG00000037824,Tspan14,ortholog_one2one
ENSG00000102897,LYRM1,ENSMUSG00000030922,Lyrm1,ortholog_one2one
ENSG00000251247,ZNF345,ENSMUSG00000051034,Zfp11,ortholog_one2one
ENSG00000104774,MAN2B1,ENSMUSG00000005142,Man2b1,ortholog_one2one
ENSG00000168807,SNTB2,ENSMUSG00000041308,Sntb2,ortholog_one2one
ENSG00000144214,LYG1,ENSMUSG00000026085,Lyg1,ortholog_one2one
ENSG00000184182,UBE2F,ENSMUSG00000034343,Ube2f,ortholog_one2one
ENSG00000150394,CDH8,ENSMUSG00000036510,Cdh8,ortholog_one2one
ENSG00000197948,FCHSD1,ENSMUSG00000038524,Fchsd1,ortholog_one2one
ENSG00000001036,FUCA2,ENSMUSG00000019810,Fuca2,ortholog_one2one
ENSG00000116641,DOCK7,ENSMUSG00000028556,Dock7,ortholog_one2one
ENSG00000139436,GIT2,ENSMUSG00000041890,Git2,ortholog_one2one
ENSG00000198945,L3MBTL3,ENSMUSG00000039089,L3mbtl3,ortholog_one2one
ENSG00000149932,TMEM219,ENSMUSG00000060538,Tmem219,ortholog_one2one
ENSG00000166451,CENPN,ENSMUSG00000031756,Cenpn,ortholog_one2one
ENSG00000138308,PLA2G12B,ENSMUSG00000009646,Pla2g12b,ortholog_one2one
ENSG00000164574,GALNT10,ENSMUSG00000020520,Galnt10,ortholog_one2one
ENSG00000107862,GBF1,ENSMUSG00000025224,Gbf1,ortholog_one2one
ENSG00000130511,SSBP4,ENSMUSG00000070003,Ssbp4,ortholog_one2one
ENSG00000102984,ZNF821,ENSMUSG00000031728,Zfp821,ortholog_one2one
ENSG00000152348,ATG10,ENSMUSG00000021619,Atg10,ortholog_one2one
ENSG00000111845,PAK1IP1,ENSMUSG00000038683,Pak1ip1,ortholog_one2one
ENSG00000112584,FAM120B,ENSMUSG00000014763,Fam120b,ortholog_one2one
ENSG00000105186,ANKRD27,ENSMUSG00000034867,Ankrd27,ortholog_one2one
ENSG00000146005,PSD2,ENSMUSG00000024347,Psd2,ortholog_one2one
ENSG00000113161,HMGCR,ENSMUSG00000021670,Hmgcr,ortholog_one2one
ENSG00000140983,RHOT2,ENSMUSG00000025733,Rhot2,ortholog_one2one
ENSG00000143867,OSR1,ENSMUSG00000048387,Osr1,ortholog_one2one
ENSG00000187123,LYPD6,ENSMUSG00000050447,Lypd6,ortholog_one2one
ENSG00000198719,DLL1,ENSMUSG00000014773,Dll1,ortholog_one2one
ENSG00000003756,RBM5,ENSMUSG00000032580,Rbm5,ortholog_one2one
ENSG00000184281,TSSC4,ENSMUSG00000045752,Tssc4,ortholog_one2one
ENSG00000095002,MSH2,ENSMUSG00000024151,Msh2,ortholog_one2one
ENSG00000108559,NUP88,ENSMUSG00000040667,Nup88,ortholog_one2one
ENSG00000010810,FYN,ENSMUSG00000019843,Fyn,ortholog_one2one
ENSG00000140678,ITGAX,ENSMUSG00000030789,Itgax,ortholog_one2one
ENSG00000176102,CSTF3,ENSMUSG00000027176,Cstf3,ortholog_one2one
ENSG00000152910,CNTNAP4,ENSMUSG00000031772,Cntnap4,ortholog_one2one
ENSG00000151572,ANO4,ENSMUSG00000035189,Ano4,ortholog_one2one
ENSG00000187550,SBK2,ENSMUSG00000030433,Sbk2,ortholog_one2one
ENSG00000095139,ARCN1,ENSMUSG00000032096,Arcn1,ortholog_one2one
ENSG00000129250,KIF1C,ENSMUSG00000020821,Kif1c,ortholog_one2one
ENSG00000102967,DHODH,ENSMUSG00000031730,Dhodh,ortholog_one2one
ENSG00000126391,FRMD8,ENSMUSG00000024816,Frmd8,ortholog_one2one
ENSG00000067955,CBFB,ENSMUSG00000031885,Cbfb,ortholog_one2one
ENSG00000172456,FGGY,ENSMUSG00000028573,Fggy,ortholog_one2one
ENSG00000156599,ZDHHC5,ENSMUSG00000034075,Zdhhc5,ortholog_one2one
ENSG00000156873,PHKG2,ENSMUSG00000030815,Phkg2,ortholog_one2one
ENSG00000175899,A2M,ENSMUSG00000030111,A2m,ortholog_one2one
ENSG00000055955,ITIH4,ENSMUSG00000021922,Itih4,ortholog_one2one
ENSG00000213023,SYT3,ENSMUSG00000030731,Syt3,ortholog_one2one
ENSG00000002330,BAD,ENSMUSG00000024959,Bad,ortholog_one2one
ENSG00000143951,WDPCP,ENSMUSG00000020319,Wdpcp,ortholog_one2one
ENSG00000070404,FSTL3,ENSMUSG00000020325,Fstl3,ortholog_one2one
ENSG00000166394,CYB5R2,ENSMUSG00000048065,Cyb5r2,ortholog_one2one
ENSG00000065427,KARS1,ENSMUSG00000031948,Kars1,ortholog_one2one
ENSG00000035403,VCL,ENSMUSG00000021823,Vcl,ortholog_one2one
ENSG00000072210,ALDH3A2,ENSMUSG00000010025,Aldh3a2,ortholog_one2one
ENSG00000011243,AKAP8L,ENSMUSG00000002625,Akap8l,ortholog_one2one
ENSG00000143933,CALM2,ENSMUSG00000036438,Calm2,ortholog_one2one
ENSG00000103222,ABCC1,ENSMUSG00000023088,Abcc1,ortholog_one2one
ENSG00000173264,GPR137,ENSMUSG00000024958,Gpr137,ortholog_one2one
ENSG00000119943,PYROXD2,ENSMUSG00000060224,Pyroxd2,ortholog_one2one
ENSG00000112308,C6orf62,ENSMUSG00000019132,BC005537,ortholog_one2one
ENSG00000065548,ZC3H15,ENSMUSG00000027091,Zc3h15,ortholog_one2one
ENSG00000154133,ROBO4,ENSMUSG00000032125,Robo4,ortholog_one2one
ENSG00000172137,CALB2,ENSMUSG00000003657,Calb2,ortholog_one2one
ENSG00000162545,CAMK2N1,ENSMUSG00000046447,Camk2n1,ortholog_one2one
ENSG00000163032,VSNL1,ENSMUSG00000054459,Vsnl1,ortholog_one2one
ENSG00000185761,ADAMTSL5,ENSMUSG00000043822,Adamtsl5,ortholog_one2one
ENSG00000074706,IPCEF1,ENSMUSG00000064065,Ipcef1,ortholog_one2one
ENSG00000138792,ENPEP,ENSMUSG00000028024,Enpep,ortholog_one2one
ENSG00000169696,ASPSCR1,ENSMUSG00000025142,Aspscr1,ortholog_one2one
ENSG00000105048,TNNT1,ENSMUSG00000064179,Tnnt1,ortholog_one2one
ENSG00000099260,PALMD,ENSMUSG00000033377,Palmd,ortholog_one2one
ENSG00000169180,XPO6,ENSMUSG00000000131,Xpo6,ortholog_one2one
ENSG00000162419,GMEB1,ENSMUSG00000028901,Gmeb1,ortholog_one2one
ENSG00000172247,C1QTNF4,ENSMUSG00000040794,C1qtnf4,ortholog_one2one
ENSG00000110583,NAA40,ENSMUSG00000024764,Naa40,ortholog_one2one
ENSG00000144115,THNSL2,ENSMUSG00000054474,Thnsl2,ortholog_one2one
ENSG00000099834,CDHR5,ENSMUSG00000025497,Cdhr5,ortholog_one2one
ENSG00000250510,GPR162,ENSMUSG00000038390,Gpr162,ortholog_one2one
ENSG00000169213,RAB3B,ENSMUSG00000003411,Rab3b,ortholog_one2one
ENSG00000057657,PRDM1,ENSMUSG00000038151,Prdm1,ortholog_one2one
ENSG00000109736,MFSD10,ENSMUSG00000001082,Mfsd10,ortholog_one2one
ENSG00000068137,PLEKHH3,ENSMUSG00000035172,Plekhh3,ortholog_one2one
ENSG00000134245,WNT2B,ENSMUSG00000027840,Wnt2b,ortholog_one2one
ENSG00000189079,ARID2,ENSMUSG00000033237,Arid2,ortholog_one2one
ENSG00000168763,CNNM3,ENSMUSG00000001138,Cnnm3,ortholog_one2one
ENSG00000071242,RPS6KA2,ENSMUSG00000023809,Rps6ka2,ortholog_one2one
ENSG00000196388,INCA1,ENSMUSG00000057054,Inca1,ortholog_one2one
ENSG00000103343,ZNF174,ENSMUSG00000054939,Zfp174,ortholog_one2one
ENSG00000102871,TRADD,ENSMUSG00000031887,Tradd,ortholog_one2one
ENSG00000144290,SLC4A10,ENSMUSG00000026904,Slc4a10,ortholog_one2one
ENSG00000110925,CSRNP2,ENSMUSG00000044636,Csrnp2,ortholog_one2one
ENSG00000103051,COG4,ENSMUSG00000031753,Cog4,ortholog_one2one
ENSG00000123342,MMP19,ENSMUSG00000025355,Mmp19,ortholog_one2one
ENSG00000141510,TP53,ENSMUSG00000059552,Trp53,ortholog_one2one
ENSG00000109667,SLC2A9,ENSMUSG00000005107,Slc2a9,ortholog_one2one
ENSG00000023734,STRAP,ENSMUSG00000030224,Strap,ortholog_one2one
ENSG00000035928,RFC1,ENSMUSG00000029191,Rfc1,ortholog_one2one
ENSG00000079246,XRCC5,ENSMUSG00000026187,Xrcc5,ortholog_one2one
ENSG00000006712,PAF1,ENSMUSG00000003437,Paf1,ortholog_one2one
ENSG00000166856,GPR182,ENSMUSG00000058396,Gpr182,ortholog_one2one
ENSG00000170515,PA2G4,ENSMUSG00000025364,Pa2g4,ortholog_one2one
ENSG00000137198,GMPR,ENSMUSG00000000253,Gmpr,ortholog_one2one
ENSG00000166575,TMEM135,ENSMUSG00000039428,Tmem135,ortholog_one2one
ENSG00000230989,HSBP1,ENSMUSG00000031839,Hsbp1,ortholog_one2one
ENSG00000140853,NLRC5,ENSMUSG00000074151,Nlrc5,ortholog_one2one
ENSG00000099817,POLR2E,ENSMUSG00000004667,Polr2e,ortholog_one2one
ENSG00000144909,OSBPL11,ENSMUSG00000022807,Osbpl11,ortholog_one2one
ENSG00000164128,NPY1R,ENSMUSG00000036437,Npy1r,ortholog_one2one
ENSG00000125388,GRK4,ENSMUSG00000052783,Grk4,ortholog_one2one
ENSG00000165810,BTNL9,ENSMUSG00000040283,Btnl9,ortholog_one2one
ENSG00000050405,LIMA1,ENSMUSG00000023022,Lima1,ortholog_one2one
ENSG00000154813,DPH3,ENSMUSG00000021905,Dph3,ortholog_one2one
ENSG00000163811,WDR43,ENSMUSG00000041057,Wdr43,ortholog_one2one
ENSG00000154814,OXNAD1,ENSMUSG00000021906,Oxnad1,ortholog_one2one
ENSG00000173145,NOC3L,ENSMUSG00000024999,Noc3l,ortholog_one2one
ENSG00000169519,METTL15,ENSMUSG00000057234,Mettl15,ortholog_one2one
ENSG00000145685,LHFPL2,ENSMUSG00000045312,Lhfpl2,ortholog_one2one
ENSG00000166900,STX3,ENSMUSG00000041488,Stx3,ortholog_one2one
ENSG00000198203,SULT1C2,ENSMUSG00000023122,Sult1c2,ortholog_one2one
ENSG00000177791,MYOZ1,ENSMUSG00000068697,Myoz1,ortholog_one2one
ENSG00000170584,NUDCD2,ENSMUSG00000020328,Nudcd2,ortholog_one2one
ENSG00000113569,NUP155,ENSMUSG00000022142,Nup155,ortholog_one2one
ENSG00000108055,SMC3,ENSMUSG00000024974,Smc3,ortholog_one2one
ENSG00000145348,TBCK,ENSMUSG00000028030,Tbck,ortholog_one2one
ENSG00000111652,COPS7A,ENSMUSG00000030127,Cops7a,ortholog_one2one
ENSG00000157077,ZFYVE9,ENSMUSG00000034557,Zfyve9,ortholog_one2one
ENSG00000051009,FHIP1B,ENSMUSG00000044465,Fhip1b,ortholog_one2one
ENSG00000135722,FBXL8,ENSMUSG00000033313,Fbxl8,ortholog_one2one
ENSG00000186187,ZNRF1,ENSMUSG00000033545,Znrf1,ortholog_one2one
ENSG00000168002,POLR2G,ENSMUSG00000071662,Polr2g,ortholog_one2one
ENSG00000118473,SGIP1,ENSMUSG00000028524,Sgip1,ortholog_one2one
ENSG00000121691,CAT,ENSMUSG00000027187,Cat,ortholog_one2one
ENSG00000197771,MCMBP,ENSMUSG00000048170,Mcmbp,ortholog_one2one
ENSG00000161904,LEMD2,ENSMUSG00000044857,Lemd2,ortholog_one2one
ENSG00000155287,SLC25A28,ENSMUSG00000040414,Slc25a28,ortholog_one2one
ENSG00000124784,RIOK1,ENSMUSG00000021428,Riok1,ortholog_one2one
ENSG00000163898,LIPH,ENSMUSG00000044626,Liph,ortholog_one2one
ENSG00000150093,ITGB1,ENSMUSG00000025809,Itgb1,ortholog_one2one
ENSG00000164129,NPY5R,ENSMUSG00000044014,Npy5r,ortholog_one2one
ENSG00000198561,CTNND1,ENSMUSG00000034101,Ctnnd1,ortholog_one2one
ENSG00000109255,NMU,ENSMUSG00000029236,Nmu,ortholog_one2one
ENSG00000113460,BRIX1,ENSMUSG00000022247,Brix1,ortholog_one2one
ENSG00000189058,APOD,ENSMUSG00000022548,Apod,ortholog_one2one
ENSG00000137275,RIPK1,ENSMUSG00000021408,Ripk1,ortholog_one2one
ENSG00000163781,TOPBP1,ENSMUSG00000032555,Topbp1,ortholog_one2one
ENSG00000276023,DUSP14,ENSMUSG00000018648,Dusp14,ortholog_one2one
ENSG00000137216,TMEM63B,ENSMUSG00000036026,Tmem63b,ortholog_one2one
ENSG00000087206,UIMC1,ENSMUSG00000025878,Uimc1,ortholog_one2one
ENSG00000033178,UBA6,ENSMUSG00000035898,Uba6,ortholog_one2one
ENSG00000083457,ITGAE,ENSMUSG00000005947,Itgae,ortholog_one2one
ENSG00000122912,SLC25A16,ENSMUSG00000071253,Slc25a16,ortholog_one2one
ENSG00000113296,THBS4,ENSMUSG00000021702,Thbs4,ortholog_one2one
ENSG00000011376,LARS2,ENSMUSG00000035202,Lars2,ortholog_one2one
ENSG00000123095,BHLHE41,ENSMUSG00000030256,Bhlhe41,ortholog_one2one
ENSG00000111642,CHD4,ENSMUSG00000063870,Chd4,ortholog_one2one
ENSG00000151876,FBXO4,ENSMUSG00000022184,Fbxo4,ortholog_one2one
ENSG00000108774,RAB5C,ENSMUSG00000019173,Rab5c,ortholog_one2one
ENSG00000165733,BMS1,ENSMUSG00000030138,Bms1,ortholog_one2one
ENSG00000028137,TNFRSF1B,ENSMUSG00000028599,Tnfrsf1b,ortholog_one2one
ENSG00000164136,IL15,ENSMUSG00000031712,Il15,ortholog_one2one
ENSG00000113763,UNC5A,ENSMUSG00000025876,Unc5a,ortholog_one2one
ENSG00000105509,HAS1,ENSMUSG00000003665,Has1,ortholog_one2one
ENSG00000152413,HOMER1,ENSMUSG00000007617,Homer1,ortholog_one2one
ENSG00000142227,EMP3,ENSMUSG00000040212,Emp3,ortholog_one2one
ENSG00000112759,SLC29A1,ENSMUSG00000023942,Slc29a1,ortholog_one2one
ENSG00000117153,KLHL12,ENSMUSG00000026455,Klhl12,ortholog_one2one
ENSG00000133706,LARS1,ENSMUSG00000024493,Lars1,ortholog_one2one
ENSG00000141568,FOXK2,ENSMUSG00000039275,Foxk2,ortholog_one2one
ENSG00000165630,PRPF18,ENSMUSG00000039449,Prpf18,ortholog_one2one
ENSG00000160392,C19orf47,ENSMUSG00000049643,2310022A10Rik,ortholog_one2one
ENSG00000125459,MSTO1,ENSMUSG00000068922,Msto1,ortholog_one2one
ENSG00000119203,CPSF3,ENSMUSG00000054309,Cpsf3,ortholog_one2one
ENSG00000070526,ST6GALNAC1,ENSMUSG00000009588,St6galnac1,ortholog_one2one
ENSG00000065000,AP3D1,ENSMUSG00000020198,Ap3d1,ortholog_one2one
ENSG00000161533,ACOX1,ENSMUSG00000020777,Acox1,ortholog_one2one
ENSG00000175093,SPSB4,ENSMUSG00000046997,Spsb4,ortholog_one2one
ENSG00000109762,SNX25,ENSMUSG00000038291,Snx25,ortholog_one2one
ENSG00000243989,ACY1,ENSMUSG00000023262,Acy1,ortholog_one2one
ENSG00000134242,PTPN22,ENSMUSG00000027843,Ptpn22,ortholog_one2one
ENSG00000141485,SLC13A5,ENSMUSG00000020805,Slc13a5,ortholog_one2one
ENSG00000175029,CTBP2,ENSMUSG00000030970,Ctbp2,ortholog_one2one
ENSG00000034152,MAP2K3,ENSMUSG00000018932,Map2k3,ortholog_one2one
ENSG00000135736,CCDC102A,ENSMUSG00000063605,Ccdc102a,ortholog_one2one
ENSG00000109475,RPL34,ENSMUSG00000062006,Rpl34,ortholog_one2one
ENSG00000140694,PARN,ENSMUSG00000022685,Parn,ortholog_one2one
ENSG00000129116,PALLD,ENSMUSG00000058056,Palld,ortholog_one2one
ENSG00000176155,CCDC57,ENSMUSG00000048445,Ccdc57,ortholog_one2one
ENSG00000142583,SLC2A5,ENSMUSG00000028976,Slc2a5,ortholog_one2one
ENSG00000164161,HHIP,ENSMUSG00000064325,Hhip,ortholog_one2one
ENSG00000154222,CC2D1B,ENSMUSG00000028582,Cc2d1b,ortholog_one2one
ENSG00000167642,SPINT2,ENSMUSG00000074227,Spint2,ortholog_one2one
ENSG00000163110,PDLIM5,ENSMUSG00000028273,Pdlim5,ortholog_one2one
ENSG00000005961,ITGA2B,ENSMUSG00000034664,Itga2b,ortholog_one2one
ENSG00000160883,HK3,ENSMUSG00000025877,Hk3,ortholog_one2one
ENSG00000198740,ZNF652,ENSMUSG00000075595,Zfp652,ortholog_one2one
ENSG00000167635,ZNF146,ENSMUSG00000037029,Zfp146,ortholog_one2one
ENSG00000091640,SPAG7,ENSMUSG00000018287,Spag7,ortholog_one2one
ENSG00000162873,KLHDC8A,ENSMUSG00000042115,Klhdc8a,ortholog_one2one
ENSG00000099864,PALM,ENSMUSG00000035863,Palm,ortholog_one2one
ENSG00000113716,HMGXB3,ENSMUSG00000024622,Hmgxb3,ortholog_one2one
ENSG00000174282,ZBTB4,ENSMUSG00000018750,Zbtb4,ortholog_one2one
ENSG00000008382,MPND,ENSMUSG00000003199,Mpnd,ortholog_one2one
ENSG00000270885,RASL10B,ENSMUSG00000020684,Rasl10b,ortholog_one2one
ENSG00000169660,HEXD,ENSMUSG00000039307,Hexd,ortholog_one2one
ENSG00000144674,GOLGA4,ENSMUSG00000038708,Golga4,ortholog_one2one
ENSG00000184584,STING1,ENSMUSG00000024349,Sting1,ortholog_one2one
ENSG00000116750,UCHL5,ENSMUSG00000018189,Uchl5,ortholog_one2one
ENSG00000134352,IL6ST,ENSMUSG00000021756,Il6st,ortholog_one2one
ENSG00000109107,ALDOC,ENSMUSG00000017390,Aldoc,ortholog_one2one
ENSG00000132026,RTBDN,ENSMUSG00000048617,Rtbdn,ortholog_one2one
ENSG00000118307,DNAI7,ENSMUSG00000043541,Dnai7,ortholog_one2one
ENSG00000136717,BIN1,ENSMUSG00000024381,Bin1,ortholog_one2one
ENSG00000065054,NHERF2,ENSMUSG00000002504,Nherf2,ortholog_one2one
ENSG00000134815,DHX34,ENSMUSG00000006019,Dhx34,ortholog_one2one
ENSG00000111321,LTBR,ENSMUSG00000030339,Ltbr,ortholog_one2one
ENSG00000039650,PNKP,ENSMUSG00000002963,Pnkp,ortholog_one2one
ENSG00000114423,CBLB,ENSMUSG00000022637,Cblb,ortholog_one2one
ENSG00000167508,MVD,ENSMUSG00000006517,Mvd,ortholog_one2one
ENSG00000170801,HTRA3,ENSMUSG00000029096,Htra3,ortholog_one2one
ENSG00000174705,SH3PXD2B,ENSMUSG00000040711,Sh3pxd2b,ortholog_one2one
ENSG00000141542,RAB40B,ENSMUSG00000025170,Rab40b,ortholog_one2one
ENSG00000175087,PDIK1L,ENSMUSG00000050890,Pdik1l,ortholog_one2one
ENSG00000170382,LRRN2,ENSMUSG00000026443,Lrrn2,ortholog_one2one
ENSG00000151229,SLC2A13,ENSMUSG00000036298,Slc2a13,ortholog_one2one
ENSG00000165606,DRGX,ENSMUSG00000041730,Drgx,ortholog_one2one
ENSG00000145920,CPLX2,ENSMUSG00000025867,Cplx2,ortholog_one2one
ENSG00000121940,CLCC1,ENSMUSG00000027884,Clcc1,ortholog_one2one
ENSG00000148719,DNAJB12,ENSMUSG00000020109,Dnajb12,ortholog_one2one
ENSG00000135655,USP15,ENSMUSG00000020124,Usp15,ortholog_one2one
ENSG00000103066,PLA2G15,ENSMUSG00000031903,Pla2g15,ortholog_one2one
ENSG00000077943,ITGA8,ENSMUSG00000026768,Itga8,ortholog_one2one
ENSG00000113580,NR3C1,ENSMUSG00000024431,Nr3c1,ortholog_one2one
ENSG00000180992,MRPL14,ENSMUSG00000023939,Mrpl14,ortholog_one2one
ENSG00000096746,HNRNPH3,ENSMUSG00000020069,Hnrnph3,ortholog_one2one
ENSG00000103274,NUBP1,ENSMUSG00000022503,Nubp1,ortholog_one2one
ENSG00000108666,C17orf75,ENSMUSG00000057181,5730455P16Rik,ortholog_one2one
ENSG00000162729,IGSF8,ENSMUSG00000038034,Igsf8,ortholog_one2one
ENSG00000175662,TOM1L2,ENSMUSG00000000538,Tom1l2,ortholog_one2one
ENSG00000114812,VIPR1,ENSMUSG00000032528,Vipr1,ortholog_one2one
ENSG00000197444,OGDHL,ENSMUSG00000021913,Ogdhl,ortholog_one2one
ENSG00000256870,SLC5A8,ENSMUSG00000020062,Slc5a8,ortholog_one2one
ENSG00000088986,DYNLL1,ENSMUSG00000009013,Dynll1,ortholog_one2one
ENSG00000183751,TBL3,ENSMUSG00000040688,Tbl3,ortholog_one2one
ENSG00000104884,ERCC2,ENSMUSG00000030400,Ercc2,ortholog_one2one
ENSG00000109576,AADAT,ENSMUSG00000057228,Aadat,ortholog_one2one
ENSG00000198673,TAFA2,ENSMUSG00000044071,Tafa2,ortholog_one2one
ENSG00000068383,INPP5A,ENSMUSG00000025477,Inpp5a,ortholog_one2one
ENSG00000111671,SPSB2,ENSMUSG00000038451,Spsb2,ortholog_one2one
ENSG00000112936,C7,ENSMUSG00000079105,C7,ortholog_one2one
ENSG00000111786,SRSF9,ENSMUSG00000029538,Srsf9,ortholog_one2one
ENSG00000111046,MYF6,ENSMUSG00000035923,Myf6,ortholog_one2one
ENSG00000155329,ZCCHC10,ENSMUSG00000018239,Zcchc10,ortholog_one2one
ENSG00000164024,METAP1,ENSMUSG00000005813,Metap1,ortholog_one2one
ENSG00000196458,ZNF605,ENSMUSG00000023284,Zfp605,ortholog_one2one
ENSG00000157388,CACNA1D,ENSMUSG00000015968,Cacna1d,ortholog_one2one
ENSG00000155324,GRAMD2B,ENSMUSG00000001700,Gramd2b,ortholog_one2one
ENSG00000118596,SLC16A7,ENSMUSG00000020102,Slc16a7,ortholog_one2one
ENSG00000163138,PACRGL,ENSMUSG00000029089,5730480H06Rik,ortholog_one2one
ENSG00000088682,COQ9,ENSMUSG00000031782,Coq9,ortholog_one2one
ENSG00000135452,TSPAN31,ENSMUSG00000006736,Tspan31,ortholog_one2one
ENSG00000164402,SEPTIN8,ENSMUSG00000018398,Septin8,ortholog_one2one
ENSG00000169718,DUS1L,ENSMUSG00000025155,Dus1l,ortholog_one2one
ENSG00000134531,EMP1,ENSMUSG00000030208,Emp1,ortholog_one2one
ENSG00000184602,SNN,ENSMUSG00000037972,Snn,ortholog_one2one
ENSG00000158865,SLC5A11,ENSMUSG00000030769,Slc5a11,ortholog_one2one
ENSG00000123106,CCDC91,ENSMUSG00000030301,Ccdc91,ortholog_one2one
ENSG00000119929,CUTC,ENSMUSG00000025193,Cutc,ortholog_one2one
ENSG00000069248,NUP133,ENSMUSG00000039509,Nup133,ortholog_one2one
ENSG00000108309,RUNDC3A,ENSMUSG00000006575,Rundc3a,ortholog_one2one
ENSG00000145632,PLK2,ENSMUSG00000021701,Plk2,ortholog_one2one
ENSG00000076344,RGS11,ENSMUSG00000024186,Rgs11,ortholog_one2one
ENSG00000204681,GABBR1,ENSMUSG00000024462,Gabbr1,ortholog_one2one
ENSG00000161618,ALDH16A1,ENSMUSG00000007833,Aldh16a1,ortholog_one2one
ENSG00000131462,TUBG1,ENSMUSG00000035198,Tubg1,ortholog_one2one
ENSG00000167100,SAMD14,ENSMUSG00000047181,Samd14,ortholog_one2one
ENSG00000120705,ETF1,ENSMUSG00000024360,Etf1,ortholog_one2one
ENSG00000114054,PCCB,ENSMUSG00000032527,Pccb,ortholog_one2one
ENSG00000162896,PIGR,ENSMUSG00000026417,Pigr,ortholog_one2one
ENSG00000173918,C1QTNF1,ENSMUSG00000017446,C1qtnf1,ortholog_one2one
ENSG00000153885,KCTD15,ENSMUSG00000030499,Kctd15,ortholog_one2one
ENSG00000178187,ZNF454,ENSMUSG00000048728,Zfp454,ortholog_one2one
ENSG00000111361,EIF2B1,ENSMUSG00000029388,Eif2b1,ortholog_one2one
ENSG00000083720,OXCT1,ENSMUSG00000022186,Oxct1,ortholog_one2one
ENSG00000171475,WIPF2,ENSMUSG00000038013,Wipf2,ortholog_one2one
ENSG00000004478,FKBP4,ENSMUSG00000030357,Fkbp4,ortholog_one2one
ENSG00000171517,LPAR3,ENSMUSG00000036832,Lpar3,ortholog_one2one
ENSG00000142230,SAE1,ENSMUSG00000052833,Sae1,ortholog_one2one
ENSG00000102974,CTCF,ENSMUSG00000005698,Ctcf,ortholog_one2one
ENSG00000121957,GPSM2,ENSMUSG00000027883,Gpsm2,ortholog_one2one
ENSG00000004975,DVL2,ENSMUSG00000020888,Dvl2,ortholog_one2one
ENSG00000151948,GLT1D1,ENSMUSG00000049971,Glt1d1,ortholog_one2one
ENSG00000105647,PIK3R2,ENSMUSG00000031834,Pik3r2,ortholog_one2one
ENSG00000164111,ANXA5,ENSMUSG00000027712,Anxa5,ortholog_one2one
ENSG00000135597,REPS1,ENSMUSG00000019854,Reps1,ortholog_one2one
ENSG00000139197,PEX5,ENSMUSG00000005069,Pex5,ortholog_one2one
ENSG00000102900,NUP93,ENSMUSG00000032939,Nup93,ortholog_one2one
ENSG00000105255,FSD1,ENSMUSG00000011589,Fsd1,ortholog_one2one
ENSG00000278535,DHRS11,ENSMUSG00000034449,Dhrs11,ortholog_one2one
ENSG00000134255,CEPT1,ENSMUSG00000040774,Cept1,ortholog_one2one
ENSG00000261371,PECAM1,ENSMUSG00000020717,Pecam1,ortholog_one2one
ENSG00000130307,USHBP1,ENSMUSG00000034911,Ushbp1,ortholog_one2one
ENSG00000168314,MOBP,ENSMUSG00000032517,Mobp,ortholog_one2one
ENSG00000197766,CFD,ENSMUSG00000061780,Cfd,ortholog_one2one
ENSG00000188783,PRELP,ENSMUSG00000041577,Prelp,ortholog_one2one
ENSG00000105197,TIMM50,ENSMUSG00000003438,Timm50,ortholog_one2one
ENSG00000073584,SMARCE1,ENSMUSG00000037935,Smarce1,ortholog_one2one
ENSG00000073711,PPP2R3A,ENSMUSG00000043154,Ppp2r3a,ortholog_one2one
ENSG00000065268,WDR18,ENSMUSG00000035754,Wdr18,ortholog_one2one
ENSG00000205531,NAP1L4,ENSMUSG00000059119,Nap1l4,ortholog_one2one
ENSG00000178028,DMAP1,ENSMUSG00000009640,Dmap1,ortholog_one2one
ENSG00000198189,HSD17B11,ENSMUSG00000029311,Hsd17b11,ortholog_one2one
ENSG00000144635,DYNC1LI1,ENSMUSG00000032435,Dync1li1,ortholog_one2one
ENSG00000145214,DGKQ,ENSMUSG00000004815,Dgkq,ortholog_one2one
ENSG00000169189,NSMCE1,ENSMUSG00000030750,Nsmce1,ortholog_one2one
ENSG00000169905,TOR1AIP2,ENSMUSG00000050565,Tor1aip2,ortholog_one2one
ENSG00000167380,ZNF226,ENSMUSG00000050605,Zfp61,ortholog_one2one
ENSG00000163788,SNRK,ENSMUSG00000038145,Snrk,ortholog_one2one
ENSG00000090989,EXOC1,ENSMUSG00000036435,Exoc1,ortholog_one2one
ENSG00000140743,CDR2,ENSMUSG00000030878,Cdr2,ortholog_one2one
ENSG00000184307,ZDHHC23,ENSMUSG00000036304,Zdhhc23,ortholog_one2one
ENSG00000196154,S100A4,ENSMUSG00000001020,S100a4,ortholog_one2one
ENSG00000183625,CCR3,ENSMUSG00000035448,Ccr3,ortholog_one2one
ENSG00000185621,LMLN,ENSMUSG00000022802,Lmln,ortholog_one2one
ENSG00000180875,GREM2,ENSMUSG00000050069,Grem2,ortholog_one2one
ENSG00000131781,FMO5,ENSMUSG00000028088,Fmo5,ortholog_one2one
ENSG00000105669,COPE,ENSMUSG00000055681,Cope,ortholog_one2one
ENSG00000173757,STAT5B,ENSMUSG00000020919,Stat5b,ortholog_one2one
ENSG00000196455,PIK3R4,ENSMUSG00000032571,Pik3r4,ortholog_one2one
ENSG00000132334,PTPRE,ENSMUSG00000041836,Ptpre,ortholog_one2one
ENSG00000131759,RARA,ENSMUSG00000037992,Rara,ortholog_one2one
ENSG00000103034,NDRG4,ENSMUSG00000036564,Ndrg4,ortholog_one2one
ENSG00000186625,KATNA1,ENSMUSG00000019794,Katna1,ortholog_one2one
ENSG00000156990,RPUSD3,ENSMUSG00000051169,Rpusd3,ortholog_one2one
ENSG00000117155,SSX2IP,ENSMUSG00000036825,Ssx2ip,ortholog_one2one
ENSG00000058063,ATP11B,ENSMUSG00000037400,Atp11b,ortholog_one2one
ENSG00000120254,MTHFD1L,ENSMUSG00000040675,Mthfd1l,ortholog_one2one
ENSG00000148482,SLC39A12,ENSMUSG00000036949,Slc39a12,ortholog_one2one
ENSG00000109436,TBC1D9,ENSMUSG00000031709,Tbc1d9,ortholog_one2one
ENSG00000166135,HIF1AN,ENSMUSG00000036450,Hif1an,ortholog_one2one
ENSG00000204344,WHR1,ENSMUSG00000061207,Stk19,ortholog_one2one
ENSG00000138801,PAPSS1,ENSMUSG00000028032,Papss1,ortholog_one2one
ENSG00000153933,DGKE,ENSMUSG00000000276,Dgke,ortholog_one2one
ENSG00000130640,TUBGCP2,ENSMUSG00000025474,Tubgcp2,ortholog_one2one
ENSG00000164530,PI16,ENSMUSG00000024011,Pi16,ortholog_one2one
ENSG00000170310,STX8,ENSMUSG00000020903,Stx8,ortholog_one2one
ENSG00000064999,ANKS1A,ENSMUSG00000024219,Anks1,ortholog_one2one
ENSG00000244607,CCDC13,ENSMUSG00000079235,Ccdc13,ortholog_one2one
ENSG00000068028,RASSF1,ENSMUSG00000010067,Rassf1,ortholog_one2one
ENSG00000125386,FAM193A,ENSMUSG00000037210,Fam193a,ortholog_one2one
ENSG00000128805,ARHGAP22,ENSMUSG00000063506,Arhgap22,ortholog_one2one
ENSG00000169704,GP9,ENSMUSG00000030054,Gp9,ortholog_one2one
ENSG00000176974,SHMT1,ENSMUSG00000020534,Shmt1,ortholog_one2one
ENSG00000132153,DHX30,ENSMUSG00000032480,Dhx30,ortholog_one2one
ENSG00000131236,CAP1,ENSMUSG00000028656,Cap1,ortholog_one2one
ENSG00000184743,ATL3,ENSMUSG00000024759,Atl3,ortholog_one2one
ENSG00000137710,RDX,ENSMUSG00000032050,Rdx,ortholog_one2one
ENSG00000204130,RUFY2,ENSMUSG00000020070,Rufy2,ortholog_one2one
ENSG00000110880,CORO1C,ENSMUSG00000004530,Coro1c,ortholog_one2one
ENSG00000198546,ZNF511,ENSMUSG00000025470,Zfp511,ortholog_one2one
ENSG00000124786,SLC35B3,ENSMUSG00000021432,Slc35b3,ortholog_one2one
ENSG00000150051,MKX,ENSMUSG00000061013,Mkx,ortholog_one2one
ENSG00000134802,SLC43A3,ENSMUSG00000027074,Slc43a3,ortholog_one2one
ENSG00000160888,IER2,ENSMUSG00000053560,Ier2,ortholog_one2one
ENSG00000051382,PIK3CB,ENSMUSG00000032462,Pik3cb,ortholog_one2one
ENSG00000136758,YME1L1,ENSMUSG00000026775,Yme1l1,ortholog_one2one
ENSG00000142046,TMEM91,ENSMUSG00000061702,Tmem91,ortholog_one2one
ENSG00000138660,AP1AR,ENSMUSG00000074238,Ap1ar,ortholog_one2one
ENSG00000086967,MYBPC2,ENSMUSG00000038670,Mybpc2,ortholog_one2one
ENSG00000121892,PDS5A,ENSMUSG00000029202,Pds5a,ortholog_one2one
ENSG00000161813,LARP4,ENSMUSG00000023025,Larp4,ortholog_one2one
ENSG00000185905,C16orf54,ENSMUSG00000045165,AI467606,ortholog_one2one
ENSG00000120539,MASTL,ENSMUSG00000026779,Mastl,ortholog_one2one
ENSG00000126457,PRMT1,ENSMUSG00000109324,Prmt1,ortholog_one2one
ENSG00000140688,RUSF1,ENSMUSG00000030780,Rusf1,ortholog_one2one
ENSG00000154822,PLCL2,ENSMUSG00000038910,Plcl2,ortholog_one2one
ENSG00000172765,TMCC1,ENSMUSG00000030126,Tmcc1,ortholog_one2one
ENSG00000188316,ENO4,ENSMUSG00000048029,Eno4,ortholog_one2one
ENSG00000133665,DYDC2,ENSMUSG00000021791,Dydc2,ortholog_one2one
ENSG00000166780,BMERB1,ENSMUSG00000044117,Bmerb1,ortholog_one2one
ENSG00000151461,UPF2,ENSMUSG00000043241,Upf2,ortholog_one2one
ENSG00000168447,SCNN1B,ENSMUSG00000030873,Scnn1b,ortholog_one2one
ENSG00000204560,DHX16,ENSMUSG00000024422,Dhx16,ortholog_one2one
ENSG00000121879,PIK3CA,ENSMUSG00000027665,Pik3ca,ortholog_one2one
ENSG00000160654,CD3G,ENSMUSG00000002033,Cd3g,ortholog_one2one
ENSG00000162129,CLPB,ENSMUSG00000001829,Clpb,ortholog_one2one
ENSG00000241935,HOGA1,ENSMUSG00000025176,Hoga1,ortholog_one2one
ENSG00000079689,SCGN,ENSMUSG00000021337,Scgn,ortholog_one2one
ENSG00000107651,SEC23IP,ENSMUSG00000055319,Sec23ip,ortholog_one2one
ENSG00000204564,C6orf136,ENSMUSG00000050705,2310061I04Rik,ortholog_one2one
ENSG00000105329,TGFB1,ENSMUSG00000002603,Tgfb1,ortholog_one2one
ENSG00000164051,CCDC51,ENSMUSG00000025645,Ccdc51,ortholog_one2one
ENSG00000112232,KHDRBS2,ENSMUSG00000026058,Khdrbs2,ortholog_one2one
ENSG00000130528,HRC,ENSMUSG00000038239,Hrc,ortholog_one2one
ENSG00000237441,RGL2,ENSMUSG00000041354,Rgl2,ortholog_one2one
ENSG00000129197,RPAIN,ENSMUSG00000018449,Rpain,ortholog_one2one
ENSG00000113924,HGD,ENSMUSG00000022821,Hgd,ortholog_one2one
ENSG00000181852,RNF41,ENSMUSG00000025373,Rnf41,ortholog_one2one
ENSG00000089847,ANKRD24,ENSMUSG00000054708,Ankrd24,ortholog_one2one
ENSG00000187535,IFT140,ENSMUSG00000024169,Ift140,ortholog_one2one
ENSG00000121064,SCPEP1,ENSMUSG00000000278,Scpep1,ortholog_one2one
ENSG00000156515,HK1,ENSMUSG00000037012,Hk1,ortholog_one2one
ENSG00000172725,CORO1B,ENSMUSG00000024835,Coro1b,ortholog_one2one
ENSG00000145390,USP53,ENSMUSG00000039701,Usp53,ortholog_one2one
ENSG00000146535,GNA12,ENSMUSG00000000149,Gna12,ortholog_one2one
ENSG00000110958,PTGES3,ENSMUSG00000071072,Ptges3,ortholog_one2one
ENSG00000164638,SLC29A4,ENSMUSG00000050822,Slc29a4,ortholog_one2one
ENSG00000158006,PAFAH2,ENSMUSG00000037366,Pafah2,ortholog_one2one
ENSG00000154274,PGCKA1,ENSMUSG00000060512,Pgcka1,ortholog_one2one
ENSG00000196704,AMZ2,ENSMUSG00000020610,Amz2,ortholog_one2one
ENSG00000081800,SLC13A1,ENSMUSG00000029700,Slc13a1,ortholog_one2one
ENSG00000164068,RNF123,ENSMUSG00000041528,Rnf123,ortholog_one2one
ENSG00000157570,TSPAN18,ENSMUSG00000027217,Tspan18,ortholog_one2one
ENSG00000100726,TELO2,ENSMUSG00000024170,Telo2,ortholog_one2one
ENSG00000239857,GET4,ENSMUSG00000025858,Get4,ortholog_one2one
ENSG00000167528,ZNF641,ENSMUSG00000022987,Zfp641,ortholog_one2one
ENSG00000135324,MRAP2,ENSMUSG00000042761,Mrap2,ortholog_one2one
ENSG00000117266,CDK18,ENSMUSG00000026437,Cdk18,ortholog_one2one
ENSG00000112182,BACH2,ENSMUSG00000040270,Bach2,ortholog_one2one
ENSG00000163072,NOSTRIN,ENSMUSG00000034738,Nostrin,ortholog_one2one
ENSG00000108604,SMARCD2,ENSMUSG00000078619,Smarcd2,ortholog_one2one
ENSG00000174945,AMZ1,ENSMUSG00000050022,Amz1,ortholog_one2one
ENSG00000163104,SMARCAD1,ENSMUSG00000029920,Smarcad1,ortholog_one2one
ENSG00000096070,BRPF3,ENSMUSG00000063952,Brpf3,ortholog_one2one
ENSG00000162174,ASRGL1,ENSMUSG00000024654,Asrgl1,ortholog_one2one
ENSG00000167676,PLIN4,ENSMUSG00000002831,Plin4,ortholog_one2one
ENSG00000171115,GIMAP8,ENSMUSG00000064262,Gimap8,ortholog_one2one
ENSG00000106105,GARS1,ENSMUSG00000029777,Gars1,ortholog_one2one
ENSG00000018236,CNTN1,ENSMUSG00000055022,Cntn1,ortholog_one2one
ENSG00000167703,SLC43A2,ENSMUSG00000038178,Slc43a2,ortholog_one2one
ENSG00000108094,CUL2,ENSMUSG00000024231,Cul2,ortholog_one2one
ENSG00000170962,PDGFD,ENSMUSG00000032006,Pdgfd,ortholog_one2one
ENSG00000106302,HYAL4,ENSMUSG00000029680,Hyal4,ortholog_one2one
ENSG00000076053,RBM7,ENSMUSG00000042396,Rbm7,ortholog_one2one
ENSG00000214253,FIS1,ENSMUSG00000019054,Fis1,ortholog_one2one
ENSG00000053900,ANAPC4,ENSMUSG00000029176,Anapc4,ortholog_one2one
ENSG00000170892,TSEN34,ENSMUSG00000035585,Tsen34,ortholog_one2one
ENSG00000175274,TP53I11,ENSMUSG00000068735,Trp53i11,ortholog_one2one
ENSG00000136243,NUP42,ENSMUSG00000048439,Nup42,ortholog_one2one
ENSG00000115241,PPM1G,ENSMUSG00000029147,Ppm1g,ortholog_one2one
ENSG00000204842,ATXN2,ENSMUSG00000042605,Atxn2,ortholog_one2one
ENSG00000186111,PIP5K1C,ENSMUSG00000034902,Pip5k1c,ortholog_one2one
ENSG00000108823,SGCA,ENSMUSG00000001508,Sgca,ortholog_one2one
ENSG00000186522,SEPTIN10,ENSMUSG00000019917,Septin10,ortholog_one2one
ENSG00000006747,SCIN,ENSMUSG00000002565,Scin,ortholog_one2one
ENSG00000171208,NETO2,ENSMUSG00000036902,Neto2,ortholog_one2one
ENSG00000172893,DHCR7,ENSMUSG00000058454,Dhcr7,ortholog_one2one
ENSG00000179144,GIMAP7,ENSMUSG00000043931,Gimap7,ortholog_one2one
ENSG00000158769,F11R,ENSMUSG00000038235,F11r,ortholog_one2one
ENSG00000102921,N4BP1,ENSMUSG00000031652,N4bp1,ortholog_one2one
ENSG00000128595,CALU,ENSMUSG00000029767,Calu,ortholog_one2one
ENSG00000133195,SLC39A11,ENSMUSG00000041654,Slc39a11,ortholog_one2one
ENSG00000073670,ADAM11,ENSMUSG00000020926,Adam11,ortholog_one2one
ENSG00000172197,MBOAT1,ENSMUSG00000038732,Mboat1,ortholog_one2one
ENSG00000176046,NUPR1,ENSMUSG00000030717,Nupr1,ortholog_one2one
ENSG00000248098,BCKDHA,ENSMUSG00000060376,Bckdha,ortholog_one2one
ENSG00000102878,HSF4,ENSMUSG00000033249,Hsf4,ortholog_one2one
ENSG00000082512,TRAF5,ENSMUSG00000026637,Traf5,ortholog_one2one
ENSG00000127884,ECHS1,ENSMUSG00000025465,Echs1,ortholog_one2one
ENSG00000007062,PROM1,ENSMUSG00000029086,Prom1,ortholog_one2one
ENSG00000068831,RASGRP2,ENSMUSG00000032946,Rasgrp2,ortholog_one2one
ENSG00000168395,ING5,ENSMUSG00000026283,Ing5,ortholog_one2one
ENSG00000186474,KLK12,ENSMUSG00000044430,Klk12,ortholog_one2one
ENSG00000156374,PCGF6,ENSMUSG00000025050,Pcgf6,ortholog_one2one
ENSG00000106348,IMPDH1,ENSMUSG00000003500,Impdh1,ortholog_one2one
ENSG00000173846,PLK3,ENSMUSG00000028680,Plk3,ortholog_one2one
ENSG00000103064,SLC7A6,ENSMUSG00000031904,Slc7a6,ortholog_one2one
ENSG00000187699,C2orf88,ENSMUSG00000043629,1700019D03Rik,ortholog_one2one
ENSG00000167658,EEF2,ENSMUSG00000034994,Eef2,ortholog_one2one
ENSG00000156931,VPS8,ENSMUSG00000033653,Vps8,ortholog_one2one
ENSG00000120594,PLXDC2,ENSMUSG00000026748,Plxdc2,ortholog_one2one
ENSG00000003402,CFLAR,ENSMUSG00000026031,Cflar,ortholog_one2one
ENSG00000213366,GSTM2,ENSMUSG00000004035,Gstm7,ortholog_one2one
ENSG00000197471,SPN,ENSMUSG00000051457,Spn,ortholog_one2one
ENSG00000168404,MLKL,ENSMUSG00000012519,Mlkl,ortholog_one2one
ENSG00000160049,DFFA,ENSMUSG00000028974,Dffa,ortholog_one2one
ENSG00000108511,HOXB6,ENSMUSG00000000690,Hoxb6,ortholog_one2one
ENSG00000272636,DOC2B,ENSMUSG00000020848,Doc2b,ortholog_one2one
ENSG00000124422,USP22,ENSMUSG00000042506,Usp22,ortholog_one2one
ENSG00000159166,LAD1,ENSMUSG00000041782,Lad1,ortholog_one2one
ENSG00000167476,JSRP1,ENSMUSG00000020216,Jsrp1,ortholog_one2one
ENSG00000197343,ZNF655,ENSMUSG00000007812,Zfp655,ortholog_one2one
ENSG00000198046,ZNF667,ENSMUSG00000054893,Zfp667,ortholog_one2one
ENSG00000133392,MYH11,ENSMUSG00000018830,Myh11,ortholog_one2one
ENSG00000148842,CNNM2,ENSMUSG00000064105,Cnnm2,ortholog_one2one
ENSG00000108239,TBC1D12,ENSMUSG00000048720,Tbc1d12,ortholog_one2one
ENSG00000117625,RCOR3,ENSMUSG00000037395,Rcor3,ortholog_one2one
ENSG00000006282,SPATA20,ENSMUSG00000020867,Spata20,ortholog_one2one
ENSG00000126460,PRRG2,ENSMUSG00000007837,Prrg2,ortholog_one2one
ENSG00000155229,MMS19,ENSMUSG00000025159,Mms19,ortholog_one2one
ENSG00000168090,COPS6,ENSMUSG00000019494,Cops6,ortholog_one2one
ENSG00000154096,THY1,ENSMUSG00000032011,Thy1,ortholog_one2one
ENSG00000013441,CLK1,ENSMUSG00000026034,Clk1,ortholog_one2one
ENSG00000131408,NR1H2,ENSMUSG00000060601,Nr1h2,ortholog_one2one
ENSG00000173120,KDM2A,ENSMUSG00000054611,Kdm2a,ortholog_one2one
ENSG00000158715,SLC45A3,ENSMUSG00000026435,Slc45a3,ortholog_one2one
ENSG00000172819,RARG,ENSMUSG00000001288,Rarg,ortholog_one2one
ENSG00000118263,KLF7,ENSMUSG00000025959,Klf7,ortholog_one2one
ENSG00000136193,SCRN1,ENSMUSG00000019124,Scrn1,ortholog_one2one
ENSG00000198860,TSEN15,ENSMUSG00000014980,Tsen15,ortholog_one2one
ENSG00000180871,CXCR2,ENSMUSG00000026180,Cxcr2,ortholog_one2one
ENSG00000106100,NOD1,ENSMUSG00000038058,Nod1,ortholog_one2one
ENSG00000188396,DYNLT4,ENSMUSG00000047671,Dynlt4,ortholog_one2one
ENSG00000074201,CLNS1A,ENSMUSG00000025439,Clns1a,ortholog_one2one
ENSG00000121481,RNF2,ENSMUSG00000026484,Rnf2,ortholog_one2one
ENSG00000163430,FSTL1,ENSMUSG00000022816,Fstl1,ortholog_one2one
ENSG00000159346,ADIPOR1,ENSMUSG00000026457,Adipor1,ortholog_one2one
ENSG00000141219,MTNAP1,ENSMUSG00000041623,Mtnap1,ortholog_one2one
ENSG00000163902,RPN1,ENSMUSG00000030062,Rpn1,ortholog_one2one
ENSG00000166527,CLEC4D,ENSMUSG00000030144,Clec4d,ortholog_one2one
ENSG00000106049,HIBADH,ENSMUSG00000029776,Hibadh,ortholog_one2one
ENSG00000111783,RFX4,ENSMUSG00000020037,Rfx4,ortholog_one2one
ENSG00000275700,AATF,ENSMUSG00000018697,Aatf,ortholog_one2one
ENSG00000164124,TMEM144,ENSMUSG00000027956,Tmem144,ortholog_one2one
ENSG00000173540,GMPPB,ENSMUSG00000070284,Gmppb,ortholog_one2one
ENSG00000149269,PAK1,ENSMUSG00000030774,Pak1,ortholog_one2one
ENSG00000197063,MAFG,ENSMUSG00000051510,Mafg,ortholog_one2one
ENSG00000168389,MFSD2A,ENSMUSG00000028655,Mfsd2a,ortholog_one2one
ENSG00000168256,NKIRAS2,ENSMUSG00000017837,Nkiras2,ortholog_one2one
ENSG00000197461,PDGFA,ENSMUSG00000025856,Pdgfa,ortholog_one2one
ENSG00000135506,OS9,ENSMUSG00000040462,Os9,ortholog_one2one
ENSG00000108107,RPL28,ENSMUSG00000030432,Rpl28,ortholog_one2one
ENSG00000144021,CIAO1,ENSMUSG00000003662,Ciao1,ortholog_one2one
ENSG00000073792,IGF2BP2,ENSMUSG00000033581,Igf2bp2,ortholog_one2one
ENSG00000159640,ACE,ENSMUSG00000020681,Ace,ortholog_one2one
ENSG00000136280,CCM2,ENSMUSG00000000378,Ccm2,ortholog_one2one
ENSG00000160013,PTGIR,ENSMUSG00000043017,Ptgir,ortholog_one2one
ENSG00000131400,NAPSA,ENSMUSG00000002204,Napsa,ortholog_one2one
ENSG00000085871,MGST2,ENSMUSG00000074604,Mgst2,ortholog_one2one
ENSG00000243943,ZNF512,ENSMUSG00000062761,Zfp512,ortholog_one2one
ENSG00000163697,APBB2,ENSMUSG00000029207,Apbb2,ortholog_one2one
ENSG00000185519,FAM131C,ENSMUSG00000006218,Fam131c,ortholog_one2one
ENSG00000181031,RPH3AL,ENSMUSG00000020847,Rph3al,ortholog_one2one
ENSG00000143367,TUFT1,ENSMUSG00000005968,Tuft1,ortholog_one2one
ENSG00000099331,MYO9B,ENSMUSG00000004677,Myo9b,ortholog_one2one
ENSG00000138031,ADCY3,ENSMUSG00000020654,Adcy3,ortholog_one2one
ENSG00000073849,ST6GAL1,ENSMUSG00000022885,St6gal1,ortholog_one2one
ENSG00000107968,MAP3K8,ENSMUSG00000024235,Map3k8,ortholog_one2one
ENSG00000214102,WEE2,ENSMUSG00000037159,Wee2,ortholog_one2one
ENSG00000105997,HOXA3,ENSMUSG00000079560,Hoxa3,ortholog_one2one
ENSG00000119912,IDE,ENSMUSG00000056999,Ide,ortholog_one2one
ENSG00000087085,ACHE,ENSMUSG00000023328,Ache,ortholog_one2one
ENSG00000110660,SLC35F2,ENSMUSG00000042195,Slc35f2,ortholog_one2one
ENSG00000168765,GSTM4,ENSMUSG00000027890,Gstm4,ortholog_one2one
ENSG00000196511,TPK1,ENSMUSG00000029735,Tpk1,ortholog_one2one
ENSG00000182704,TSKU,ENSMUSG00000049580,Tsku,ortholog_one2one
ENSG00000157353,FCSK,ENSMUSG00000033703,Fcsk,ortholog_one2one
ENSG00000110786,PTPN5,ENSMUSG00000030854,Ptpn5,ortholog_one2one
ENSG00000158796,DEDD,ENSMUSG00000013973,Dedd,ortholog_one2one
ENSG00000234906,APOC2,ENSMUSG00000002992,Apoc2,ortholog_one2one
ENSG00000107566,ERLIN1,ENSMUSG00000025198,Erlin1,ortholog_one2one
ENSG00000128626,MRPS12,ENSMUSG00000045948,Mrps12,ortholog_one2one
ENSG00000165732,DDX21,ENSMUSG00000020075,Ddx21,ortholog_one2one
ENSG00000105486,LIG1,ENSMUSG00000056394,Lig1,ortholog_one2one
ENSG00000106400,ZNHIT1,ENSMUSG00000059518,Znhit1,ortholog_one2one
ENSG00000145375,AFG2A,ENSMUSG00000027722,Afg2a,ortholog_one2one
ENSG00000169313,P2RY12,ENSMUSG00000036353,P2ry12,ortholog_one2one
ENSG00000023228,NDUFS1,ENSMUSG00000025968,Ndufs1,ortholog_one2one
ENSG00000106565,TMEM176B,ENSMUSG00000029810,Tmem176b,ortholog_one2one
ENSG00000272573,MUSTN1,ENSMUSG00000042485,Mustn1,ortholog_one2one
ENSG00000166579,NDEL1,ENSMUSG00000018736,Ndel1,ortholog_one2one
ENSG00000176142,TMEM39A,ENSMUSG00000002845,Tmem39a,ortholog_one2one
ENSG00000150773,PIH1D2,ENSMUSG00000000167,Pih1d2,ortholog_one2one
ENSG00000171161,ZNF672,ENSMUSG00000049755,Zfp672,ortholog_one2one
ENSG00000187098,MITF,ENSMUSG00000035158,Mitf,ortholog_one2one
ENSG00000103168,TAF1C,ENSMUSG00000031832,Taf1c,ortholog_one2one
ENSG00000029153,BMAL2,ENSMUSG00000040187,Bmal2,ortholog_one2one
ENSG00000109099,PMP22,ENSMUSG00000018217,Pmp22,ortholog_one2one
ENSG00000065154,OAT,ENSMUSG00000030934,Oat,ortholog_one2one
ENSG00000143850,PLEKHA6,ENSMUSG00000041757,Plekha6,ortholog_one2one
ENSG00000133794,BMAL1,ENSMUSG00000055116,Bmal1,ortholog_one2one
ENSG00000138107,ACTR1A,ENSMUSG00000025228,Actr1a,ortholog_one2one
ENSG00000166321,NUDT13,ENSMUSG00000021809,Nudt13,ortholog_one2one
ENSG00000105983,LMBR1,ENSMUSG00000010721,Lmbr1,ortholog_one2one
ENSG00000108679,LGALS3BP,ENSMUSG00000033880,Lgals3bp,ortholog_one2one
ENSG00000151491,EPS8,ENSMUSG00000015766,Eps8,ortholog_one2one
ENSG00000057608,GDI2,ENSMUSG00000021218,Gdi2,ortholog_one2one
ENSG00000111912,NCOA7,ENSMUSG00000039697,Ncoa7,ortholog_one2one
ENSG00000159714,ZDHHC1,ENSMUSG00000039199,Zdhhc1,ortholog_one2one
ENSG00000187091,PLCD1,ENSMUSG00000010660,Plcd1,ortholog_one2one
ENSG00000137221,TJAP1,ENSMUSG00000012296,Tjap1,ortholog_one2one
ENSG00000221946,FXYD7,ENSMUSG00000036578,Fxyd7,ortholog_one2one
ENSG00000164305,CASP3,ENSMUSG00000031628,Casp3,ortholog_one2one
ENSG00000169727,GPS1,ENSMUSG00000025156,Gps1,ortholog_one2one
ENSG00000118162,KPTN,ENSMUSG00000006021,Kptn,ortholog_one2one
ENSG00000015171,ZMYND11,ENSMUSG00000021156,Zmynd11,ortholog_one2one
ENSG00000102854,MSLN,ENSMUSG00000063011,Msln,ortholog_one2one
ENSG00000128604,IRF5,ENSMUSG00000029771,Irf5,ortholog_one2one
ENSG00000186017,ZNF566,ENSMUSG00000078768,Zfp566,ortholog_one2one
ENSG00000132016,BRME1,ENSMUSG00000008129,Brme1,ortholog_one2one
ENSG00000197756,RPL37A,ENSMUSG00000046330,Rpl37a,ortholog_one2one
ENSG00000114166,KAT2B,ENSMUSG00000000708,Kat2b,ortholog_one2one
ENSG00000130755,GMFG,ENSMUSG00000060791,Gmfg,ortholog_one2one
ENSG00000138061,CYP1B1,ENSMUSG00000024087,Cyp1b1,ortholog_one2one
ENSG00000143390,RFX5,ENSMUSG00000005774,Rfx5,ortholog_one2one
ENSG00000162267,ITIH3,ENSMUSG00000006522,Itih3,ortholog_one2one
ENSG00000152518,ZFP36L2,ENSMUSG00000045817,Zfp36l2,ortholog_one2one
ENSG00000115289,PCGF1,ENSMUSG00000069678,Pcgf1,ortholog_one2one
ENSG00000006611,USH1C,ENSMUSG00000030838,Ush1c,ortholog_one2one
ENSG00000185163,DDX51,ENSMUSG00000029504,Ddx51,ortholog_one2one
ENSG00000012061,ERCC1,ENSMUSG00000003549,Ercc1,ortholog_one2one
ENSG00000135297,MTO1,ENSMUSG00000032342,Mto1,ortholog_one2one
ENSG00000105993,DNAJB6,ENSMUSG00000029131,Dnajb6,ortholog_one2one
ENSG00000111737,RAB35,ENSMUSG00000029518,Rab35,ortholog_one2one
ENSG00000114268,PFKFB4,ENSMUSG00000025648,Pfkfb4,ortholog_one2one
ENSG00000135945,REV1,ENSMUSG00000026082,Rev1,ortholog_one2one
ENSG00000184574,LPAR5,ENSMUSG00000067714,Lpar5,ortholog_one2one
ENSG00000211455,STK38L,ENSMUSG00000001630,Stk38l,ortholog_one2one
ENSG00000167770,OTUB1,ENSMUSG00000024767,Otub1,ortholog_one2one
ENSG00000143393,PI4KB,ENSMUSG00000038861,Pi4kb,ortholog_one2one
ENSG00000120457,KCNJ5,ENSMUSG00000032034,Kcnj5,ortholog_one2one
ENSG00000166025,AMOTL1,ENSMUSG00000013076,Amotl1,ortholog_one2one
ENSG00000177575,CD163,ENSMUSG00000008845,Cd163,ortholog_one2one
ENSG00000121073,SLC35B1,ENSMUSG00000020873,Slc35b1,ortholog_one2one
ENSG00000076706,MCAM,ENSMUSG00000032135,Mcam,ortholog_one2one
ENSG00000136490,LIMD2,ENSMUSG00000040699,Limd2,ortholog_one2one
ENSG00000002933,TMEM176A,ENSMUSG00000023367,Tmem176a,ortholog_one2one
ENSG00000110274,CEP164,ENSMUSG00000043987,Cep164,ortholog_one2one
ENSG00000125449,ARMC7,ENSMUSG00000057219,Armc7,ortholog_one2one
ENSG00000066405,CLDN18,ENSMUSG00000032473,Cldn18,ortholog_one2one
ENSG00000198863,RUNDC1,ENSMUSG00000035007,Rundc1,ortholog_one2one
ENSG00000143952,VPS54,ENSMUSG00000020128,Vps54,ortholog_one2one
ENSG00000167080,B4GALNT2,ENSMUSG00000013418,B4galnt2,ortholog_one2one
ENSG00000186340,THBS2,ENSMUSG00000023885,Thbs2,ortholog_one2one
ENSG00000110844,PRPF40B,ENSMUSG00000023007,Prpf40b,ortholog_one2one
ENSG00000072864,NDE1,ENSMUSG00000022678,Nde1,ortholog_one2one
ENSG00000152952,PLOD2,ENSMUSG00000032374,Plod2,ortholog_one2one
ENSG00000090006,LTBP4,ENSMUSG00000040488,Ltbp4,ortholog_one2one
ENSG00000141552,ANAPC11,ENSMUSG00000025135,Anapc11,ortholog_one2one
ENSG00000151503,NCAPD3,ENSMUSG00000035024,Ncapd3,ortholog_one2one
ENSG00000144357,UBR3,ENSMUSG00000044308,Ubr3,ortholog_one2one
ENSG00000085377,PREP,ENSMUSG00000019849,Prep,ortholog_one2one
ENSG00000241468,ATP5MF,ENSMUSG00000038690,Atp5mf,ortholog_one2one
ENSG00000103227,LMF1,ENSMUSG00000002279,Lmf1,ortholog_one2one
ENSG00000143164,DCAF6,ENSMUSG00000026571,Dcaf6,ortholog_one2one
ENSG00000114209,PDCD10,ENSMUSG00000027835,Pdcd10,ortholog_one2one
ENSG00000105875,WDR91,ENSMUSG00000058486,Wdr91,ortholog_one2one
ENSG00000141013,GAS8,ENSMUSG00000040220,Gas8,ortholog_one2one
ENSG00000008394,MGST1,ENSMUSG00000008540,Mgst1,ortholog_one2one
ENSG00000115295,CLIP4,ENSMUSG00000024059,Clip4,ortholog_one2one
ENSG00000052344,PRSS8,ENSMUSG00000030800,Prss8,ortholog_one2one
ENSG00000118407,FILIP1,ENSMUSG00000034898,Filip1,ortholog_one2one
ENSG00000124587,PEX6,ENSMUSG00000002763,Pex6,ortholog_one2one
ENSG00000162009,SSTR5,ENSMUSG00000050824,Sstr5,ortholog_one2one
ENSG00000146755,TRIM50,ENSMUSG00000053388,Trim50,ortholog_one2one
ENSG00000124067,SLC12A4,ENSMUSG00000017765,Slc12a4,ortholog_one2one
ENSG00000137507,LRRC32,ENSMUSG00000090958,Lrrc32,ortholog_one2one
ENSG00000135218,CD36,ENSMUSG00000002944,Cd36,ortholog_one2one
ENSG00000133316,WDR74,ENSMUSG00000042729,Wdr74,ortholog_one2one
ENSG00000125458,NT5C,ENSMUSG00000020736,Nt5c,ortholog_one2one
ENSG00000130810,PPAN,ENSMUSG00000004100,Ppan,ortholog_one2one
ENSG00000196535,MYO18A,ENSMUSG00000000631,Myo18a,ortholog_one2one
ENSG00000151502,VPS26B,ENSMUSG00000031988,Vps26b,ortholog_one2one
ENSG00000213722,DDAH2,ENSMUSG00000007039,Ddah2,ortholog_one2one
ENSG00000167617,CDC42EP5,ENSMUSG00000063838,Cdc42ep5,ortholog_one2one
ENSG00000142409,ZNF787,ENSMUSG00000046792,Zfp787,ortholog_one2one
ENSG00000125734,GPR108,ENSMUSG00000005823,Gpr108,ortholog_one2one
ENSG00000167771,RCOR2,ENSMUSG00000024968,Rcor2,ortholog_one2one
ENSG00000182272,B4GALNT4,ENSMUSG00000055629,B4galnt4,ortholog_one2one
ENSG00000112079,STK38,ENSMUSG00000024006,Stk38,ortholog_one2one
ENSG00000204257,HLA-DMA,ENSMUSG00000037649,H2-DMa,ortholog_one2one
ENSG00000135596,MICAL1,ENSMUSG00000019823,Mical1,ortholog_one2one
ENSG00000151348,EXT2,ENSMUSG00000027198,Ext2,ortholog_one2one
ENSG00000090520,DNAJB11,ENSMUSG00000004460,Dnajb11,ortholog_one2one
ENSG00000070950,RAD18,ENSMUSG00000030254,Rad18,ortholog_one2one
ENSG00000198440,ZNF583,ENSMUSG00000030443,Zfp583,ortholog_one2one
ENSG00000079263,SP140,ENSMUSG00000026222,Sp100,ortholog_one2one
ENSG00000104783,KCNN4,ENSMUSG00000054342,Kcnn4,ortholog_one2one
ENSG00000103415,HMOX2,ENSMUSG00000004070,Hmox2,ortholog_one2one
ENSG00000181092,ADIPOQ,ENSMUSG00000022878,Adipoq,ortholog_one2one
ENSG00000168026,TTC21A,ENSMUSG00000032514,Ttc21a,ortholog_one2one
ENSG00000104853,CLPTM1,ENSMUSG00000002981,Clptm1,ortholog_one2one
ENSG00000109072,VTN,ENSMUSG00000017344,Vtn,ortholog_one2one
ENSG00000144959,NCEH1,ENSMUSG00000027698,Nceh1,ortholog_one2one
ENSG00000087111,PIGS,ENSMUSG00000041958,Pigs,ortholog_one2one
ENSG00000114770,ABCC5,ENSMUSG00000022822,Abcc5,ortholog_one2one
ENSG00000050165,DKK3,ENSMUSG00000030772,Dkk3,ortholog_one2one
ENSG00000167685,ZNF444,ENSMUSG00000044876,Zfp444,ortholog_one2one
ENSG00000108771,DHX58,ENSMUSG00000017830,Dhx58,ortholog_one2one
ENSG00000104879,CKM,ENSMUSG00000030399,Ckm,ortholog_one2one
ENSG00000168288,MMADHC,ENSMUSG00000026766,Mmadhc,ortholog_one2one
ENSG00000161031,PGLYRP2,ENSMUSG00000079563,Pglyrp2,ortholog_one2one
ENSG00000185615,PDIA2,ENSMUSG00000024184,Pdia2,ortholog_one2one
ENSG00000155592,ZKSCAN2,ENSMUSG00000030757,Zkscan2,ortholog_one2one
ENSG00000184009,ACTG1,ENSMUSG00000062825,Actg1,ortholog_one2one
ENSG00000105643,ARRDC2,ENSMUSG00000002910,Arrdc2,ortholog_one2one
ENSG00000162065,TBC1D24,ENSMUSG00000036473,Tbc1d24,ortholog_one2one
ENSG00000140682,TGFB1I1,ENSMUSG00000030782,Tgfb1i1,ortholog_one2one
ENSG00000062822,POLD1,ENSMUSG00000038644,Pold1,ortholog_one2one
ENSG00000182749,PAQR7,ENSMUSG00000037348,Paqr7,ortholog_one2one
ENSG00000272886,DCP1A,ENSMUSG00000021962,Dcp1a,ortholog_one2one
ENSG00000162889,MAPKAPK2,ENSMUSG00000016528,Mapkapk2,ortholog_one2one
ENSG00000172243,CLEC7A,ENSMUSG00000079293,Clec7a,ortholog_one2one
ENSG00000162227,TAF6L,ENSMUSG00000003680,Taf6l,ortholog_one2one
ENSG00000130762,ARHGEF16,ENSMUSG00000029032,Arhgef16,ortholog_one2one
ENSG00000156976,EIF4A2,ENSMUSG00000022884,Eif4a2,ortholog_one2one
ENSG00000239305,RNF103,ENSMUSG00000052656,Rnf103,ortholog_one2one
ENSG00000170581,STAT2,ENSMUSG00000040033,Stat2,ortholog_one2one
ENSG00000006607,FARP2,ENSMUSG00000034066,Farp2,ortholog_one2one
ENSG00000110429,FBXO3,ENSMUSG00000027180,Fbxo3,ortholog_one2one
ENSG00000116478,HDAC1,ENSMUSG00000028800,Hdac1,ortholog_one2one
ENSG00000162032,SPSB3,ENSMUSG00000024160,Spsb3,ortholog_one2one
ENSG00000141030,COPS3,ENSMUSG00000019373,Cops3,ortholog_one2one
ENSG00000197580,BCO2,ENSMUSG00000032066,Bco2,ortholog_one2one
ENSG00000175048,ZDHHC14,ENSMUSG00000034265,Zdhhc14,ortholog_one2one
ENSG00000117143,UAP1,ENSMUSG00000026670,Uap1,ortholog_one2one
ENSG00000135521,LTV1,ENSMUSG00000019814,Ltv1,ortholog_one2one
ENSG00000114745,GORASP1,ENSMUSG00000032513,Gorasp1,ortholog_one2one
ENSG00000161999,JMJD8,ENSMUSG00000025736,Jmjd8,ortholog_one2one
ENSG00000137409,MTCH1,ENSMUSG00000024012,Mtch1,ortholog_one2one
ENSG00000126749,EMG1,ENSMUSG00000004268,Emg1,ortholog_one2one
ENSG00000138385,SSB,ENSMUSG00000068882,Ssb,ortholog_one2one
ENSG00000137310,TCF19,ENSMUSG00000050410,Tcf19,ortholog_one2one
ENSG00000174233,ADCY6,ENSMUSG00000022994,Adcy6,ortholog_one2one
ENSG00000112655,PTK7,ENSMUSG00000023972,Ptk7,ortholog_one2one
ENSG00000084090,STARD7,ENSMUSG00000027367,Stard7,ortholog_one2one
ENSG00000073921,PICALM,ENSMUSG00000039361,Picalm,ortholog_one2one
ENSG00000135476,ESPL1,ENSMUSG00000058290,Espl1,ortholog_one2one
ENSG00000103266,STUB1,ENSMUSG00000039615,Stub1,ortholog_one2one
ENSG00000181856,SLC2A4,ENSMUSG00000018566,Slc2a4,ortholog_one2one
ENSG00000176597,B3GNT5,ENSMUSG00000022686,B3gnt5,ortholog_one2one
ENSG00000058668,ATP2B4,ENSMUSG00000026463,Atp2b4,ortholog_one2one
ENSG00000162924,REL,ENSMUSG00000020275,Rel,ortholog_one2one
ENSG00000198336,MYL4,ENSMUSG00000061086,Myl4,ortholog_one2one
ENSG00000114331,ACAP2,ENSMUSG00000049076,Acap2,ortholog_one2one
ENSG00000139163,ETNK1,ENSMUSG00000030275,Etnk1,ortholog_one2one
ENSG00000058600,POLR3E,ENSMUSG00000030880,Polr3e,ortholog_one2one
ENSG00000055332,EIF2AK2,ENSMUSG00000024079,Eif2ak2,ortholog_one2one
ENSG00000004142,POLDIP2,ENSMUSG00000001100,Poldip2,ortholog_one2one
ENSG00000070961,ATP2B1,ENSMUSG00000019943,Atp2b1,ortholog_one2one
ENSG00000087903,RFX2,ENSMUSG00000024206,Rfx2,ortholog_one2one
ENSG00000186532,SMYD4,ENSMUSG00000018809,Smyd4,ortholog_one2one
ENSG00000143457,GOLPH3L,ENSMUSG00000046519,Golph3l,ortholog_one2one
ENSG00000171790,SLFNL1,ENSMUSG00000047518,Slfnl1,ortholog_one2one
ENSG00000167281,RBFOX3,ENSMUSG00000025576,Rbfox3,ortholog_one2one
ENSG00000163913,IFT122,ENSMUSG00000030323,Ift122,ortholog_one2one
ENSG00000077549,CAPZB,ENSMUSG00000028745,Capzb,ortholog_one2one
ENSG00000104888,SLC17A7,ENSMUSG00000070570,Slc17a7,ortholog_one2one
ENSG00000177990,DPY19L2,ENSMUSG00000085576,Dpy19l2,ortholog_one2one
ENSG00000170049,KCNAB3,ENSMUSG00000018470,Kcnab3,ortholog_one2one
ENSG00000133317,LGALS12,ENSMUSG00000024972,Lgals12,ortholog_one2one
ENSG00000031698,SARS1,ENSMUSG00000068739,Sars1,ortholog_one2one
ENSG00000109079,TNFAIP1,ENSMUSG00000017615,Tnfaip1,ortholog_one2one
ENSG00000163541,SUCLG1,ENSMUSG00000052738,Suclg1,ortholog_one2one
ENSG00000109906,ZBTB16,ENSMUSG00000066687,Zbtb16,ortholog_one2one
ENSG00000130348,QRSL1,ENSMUSG00000019863,Qrsl1,ortholog_one2one
ENSG00000154174,TOMM70,ENSMUSG00000022752,Tomm70a,ortholog_one2one
ENSG00000197912,SPG7,ENSMUSG00000000738,Spg7,ortholog_one2one
ENSG00000204574,ABCF1,ENSMUSG00000038762,Abcf1,ortholog_one2one
ENSG00000196510,ANAPC7,ENSMUSG00000029466,Anapc7,ortholog_one2one
ENSG00000105705,SUGP1,ENSMUSG00000011306,Sugp1,ortholog_one2one
ENSG00000071282,LMCD1,ENSMUSG00000057604,Lmcd1,ortholog_one2one
ENSG00000187231,SESTD1,ENSMUSG00000042272,Sestd1,ortholog_one2one
ENSG00000075239,ACAT1,ENSMUSG00000032047,Acat1,ortholog_one2one
ENSG00000077097,TOP2B,ENSMUSG00000017485,Top2b,ortholog_one2one
ENSG00000186283,TOR3A,ENSMUSG00000060519,Tor3a,ortholog_one2one
ENSG00000011523,CEP68,ENSMUSG00000044066,Cep68,ortholog_one2one
ENSG00000153956,CACNA2D1,ENSMUSG00000040118,Cacna2d1,ortholog_one2one
ENSG00000110057,UNC93B1,ENSMUSG00000036908,Unc93b1,ortholog_one2one
ENSG00000163328,GPR155,ENSMUSG00000041762,Gpr155,ortholog_one2one
ENSG00000135678,CPM,ENSMUSG00000020183,Cpm,ortholog_one2one
ENSG00000178078,STAP2,ENSMUSG00000038781,Stap2,ortholog_one2one
ENSG00000172830,SSH3,ENSMUSG00000034616,Ssh3,ortholog_one2one
ENSG00000130340,SNX9,ENSMUSG00000002365,Snx9,ortholog_one2one
ENSG00000085465,OVGP1,ENSMUSG00000074340,Ovgp1,ortholog_one2one
ENSG00000265808,SEC22B,ENSMUSG00000027879,Sec22b,ortholog_one2one
ENSG00000111144,LTA4H,ENSMUSG00000015889,Lta4h,ortholog_one2one
ENSG00000197024,ZNF398,ENSMUSG00000062519,Zfp398,ortholog_one2one
ENSG00000091140,DLD,ENSMUSG00000020664,Dld,ortholog_one2one
ENSG00000143643,TTC13,ENSMUSG00000037300,Ttc13,ortholog_one2one
ENSG00000241553,ARPC4,ENSMUSG00000079426,Arpc4,ortholog_one2one
ENSG00000131097,HIGD1B,ENSMUSG00000020928,Higd1b,ortholog_one2one
ENSG00000019485,PRDM11,ENSMUSG00000075028,Prdm11,ortholog_one2one
ENSG00000124839,RAB17,ENSMUSG00000026304,Rab17,ortholog_one2one
ENSG00000172543,CTSW,ENSMUSG00000024910,Ctsw,ortholog_one2one
ENSG00000141127,PRPSAP2,ENSMUSG00000020528,Prpsap2,ortholog_one2one
ENSG00000171148,TADA3,ENSMUSG00000048930,Tada3,ortholog_one2one
ENSG00000146457,WTAP,ENSMUSG00000060475,Wtap,ortholog_one2one
ENSG00000110675,ELMOD1,ENSMUSG00000041986,Elmod1,ortholog_one2one
ENSG00000138035,PNPT1,ENSMUSG00000020464,Pnpt1,ortholog_one2one
ENSG00000256269,HMBS,ENSMUSG00000032126,Hmbs,ortholog_one2one
ENSG00000257103,LSM14A,ENSMUSG00000066568,Lsm14a,ortholog_one2one
ENSG00000078401,EDN1,ENSMUSG00000021367,Edn1,ortholog_one2one
ENSG00000182580,EPHB3,ENSMUSG00000005958,Ephb3,ortholog_one2one
ENSG00000166501,PRKCB,ENSMUSG00000052889,Prkcb,ortholog_one2one
ENSG00000118503,TNFAIP3,ENSMUSG00000019850,Tnfaip3,ortholog_one2one
ENSG00000183696,UPP1,ENSMUSG00000020407,Upp1,ortholog_one2one
ENSG00000163636,PSMD6,ENSMUSG00000021737,Psmd6,ortholog_one2one
ENSG00000118495,PLAGL1,ENSMUSG00000019817,Plagl1,ortholog_one2one
ENSG00000077463,SIRT6,ENSMUSG00000034748,Sirt6,ortholog_one2one
ENSG00000160808,MYL3,ENSMUSG00000059741,Myl3,ortholog_one2one
ENSG00000135763,URB2,ENSMUSG00000031976,Urb2,ortholog_one2one
ENSG00000139626,ITGB7,ENSMUSG00000001281,Itgb7,ortholog_one2one
ENSG00000167191,GPRC5B,ENSMUSG00000008734,Gprc5b,ortholog_one2one
ENSG00000187608,ISG15,ENSMUSG00000035692,Isg15,ortholog_one2one
ENSG00000152904,GGPS1,ENSMUSG00000021302,Ggps1,ortholog_one2one
ENSG00000130005,GAMT,ENSMUSG00000020150,Gamt,ortholog_one2one
ENSG00000159164,SV2A,ENSMUSG00000038486,Sv2a,ortholog_one2one
ENSG00000075790,BCAP29,ENSMUSG00000020650,Bcap29,ortholog_one2one
ENSG00000163681,SLMAP,ENSMUSG00000021870,Slmap,ortholog_one2one
ENSG00000105655,ISYNA1,ENSMUSG00000019139,Isyna1,ortholog_one2one
ENSG00000116711,PLA2G4A,ENSMUSG00000056220,Pla2g4a,ortholog_one2one
ENSG00000175224,ATG13,ENSMUSG00000027244,Atg13,ortholog_one2one
ENSG00000157837,SPPL3,ENSMUSG00000029550,Sppl3,ortholog_one2one
ENSG00000006451,RALA,ENSMUSG00000008859,Rala,ortholog_one2one
ENSG00000069702,TGFBR3,ENSMUSG00000029287,Tgfbr3,ortholog_one2one
ENSG00000173208,ABCD2,ENSMUSG00000055782,Abcd2,ortholog_one2one
ENSG00000115204,MPV17,ENSMUSG00000107283,Mpv17,ortholog_one2one
ENSG00000160633,SAFB,ENSMUSG00000071054,Safb,ortholog_one2one
ENSG00000171130,ATP6V0E2,ENSMUSG00000039347,Atp6v0e2,ortholog_one2one
ENSG00000106018,VIPR2,ENSMUSG00000011171,Vipr2,ortholog_one2one
ENSG00000102189,EEA1,ENSMUSG00000036499,Eea1,ortholog_one2one
ENSG00000106327,TFR2,ENSMUSG00000029716,Tfr2,ortholog_one2one
ENSG00000135093,USP30,ENSMUSG00000029592,Usp30,ortholog_one2one
ENSG00000141294,LRRC46,ENSMUSG00000020878,Lrrc46,ortholog_one2one
ENSG00000133026,MYH10,ENSMUSG00000020900,Myh10,ortholog_one2one
ENSG00000119185,ITGB1BP1,ENSMUSG00000062352,Itgb1bp1,ortholog_one2one
ENSG00000263528,IKBKE,ENSMUSG00000042349,Ikbke,ortholog_one2one
ENSG00000242173,ARHGDIG,ENSMUSG00000073433,Arhgdig,ortholog_one2one
ENSG00000151148,UBE3B,ENSMUSG00000029577,Ube3b,ortholog_one2one
ENSG00000176715,ACSF3,ENSMUSG00000015016,Acsf3,ortholog_one2one
ENSG00000168334,XIRP1,ENSMUSG00000079243,Xirp1,ortholog_one2one
ENSG00000144655,CSRNP1,ENSMUSG00000032515,Csrnp1,ortholog_one2one
ENSG00000154743,TSEN2,ENSMUSG00000042389,Tsen2,ortholog_one2one
ENSG00000134202,GSTM3,ENSMUSG00000004032,Gstm5,ortholog_one2one
ENSG00000140650,PMM2,ENSMUSG00000022711,Pmm2,ortholog_one2one
ENSG00000153558,FBXL2,ENSMUSG00000032507,Fbxl2,ortholog_one2one
ENSG00000163531,NFASC,ENSMUSG00000026442,Nfasc,ortholog_one2one
ENSG00000065457,ADAT1,ENSMUSG00000031949,Adat1,ortholog_one2one
ENSG00000163512,AZI2,ENSMUSG00000039285,Azi2,ortholog_one2one
ENSG00000115665,SLC5A7,ENSMUSG00000023945,Slc5a7,ortholog_one2one
ENSG00000125124,BBS2,ENSMUSG00000031755,Bbs2,ortholog_one2one
ENSG00000136240,KDELR2,ENSMUSG00000079111,Kdelr2,ortholog_one2one
ENSG00000171551,ECEL1,ENSMUSG00000026247,Ecel1,ortholog_one2one
ENSG00000166006,KCNC2,ENSMUSG00000035681,Kcnc2,ortholog_one2one
ENSG00000162458,FBLIM1,ENSMUSG00000006219,Fblim1,ortholog_one2one
ENSG00000105856,HBP1,ENSMUSG00000002996,Hbp1,ortholog_one2one
ENSG00000138495,COX17,ENSMUSG00000046516,Cox17,ortholog_one2one
ENSG00000184967,NOC4L,ENSMUSG00000033294,Noc4l,ortholog_one2one
ENSG00000130304,SLC27A1,ENSMUSG00000031808,Slc27a1,ortholog_one2one
ENSG00000163935,SFMBT1,ENSMUSG00000006527,Sfmbt1,ortholog_one2one
ENSG00000115808,STRN,ENSMUSG00000024077,Strn,ortholog_one2one
ENSG00000182196,ARL6IP4,ENSMUSG00000029404,Arl6ip4,ortholog_one2one
ENSG00000163719,MTMR14,ENSMUSG00000030269,Mtmr14,ortholog_one2one
ENSG00000105379,ETFB,ENSMUSG00000004610,Etfb,ortholog_one2one
ENSG00000115419,GLS,ENSMUSG00000026103,Gls,ortholog_one2one
ENSG00000234545,FAM133B,ENSMUSG00000058503,Fam133b,ortholog_one2one
ENSG00000136630,HLX,ENSMUSG00000039377,Hlx,ortholog_one2one
ENSG00000072062,PRKACA,ENSMUSG00000005469,Prkaca,ortholog_one2one
ENSG00000084676,NCOA1,ENSMUSG00000020647,Ncoa1,ortholog_one2one
ENSG00000173039,RELA,ENSMUSG00000024927,Rela,ortholog_one2one
ENSG00000129351,ILF3,ENSMUSG00000032178,Ilf3,ortholog_one2one
ENSG00000153207,AHCTF1,ENSMUSG00000026491,Ahctf1,ortholog_one2one
ENSG00000011638,LDAF1,ENSMUSG00000030917,Ldaf1,ortholog_one2one
ENSG00000074660,SCARF1,ENSMUSG00000038188,Scarf1,ortholog_one2one
ENSG00000078487,ZCWPW1,ENSMUSG00000037108,Zcwpw1,ortholog_one2one
ENSG00000087263,OGFOD1,ENSMUSG00000033009,Ogfod1,ortholog_one2one
ENSG00000163536,SERPINI1,ENSMUSG00000027834,Serpini1,ortholog_one2one
ENSG00000137731,FXYD2,ENSMUSG00000059412,Fxyd2,ortholog_one2one
ENSG00000122180,MYOG,ENSMUSG00000026459,Myog,ortholog_one2one
ENSG00000156171,DRAM2,ENSMUSG00000027900,Dram2,ortholog_one2one
ENSG00000108587,GOSR1,ENSMUSG00000010392,Gosr1,ortholog_one2one
ENSG00000132604,TERF2,ENSMUSG00000031921,Terf2,ortholog_one2one
ENSG00000157445,CACNA2D3,ENSMUSG00000021991,Cacna2d3,ortholog_one2one
ENSG00000188037,CLCN1,ENSMUSG00000029862,Clcn1,ortholog_one2one
ENSG00000005187,ACSM3,ENSMUSG00000030935,Acsm3,ortholog_one2one
ENSG00000163093,BBS5,ENSMUSG00000063145,Bbs5,ortholog_one2one
ENSG00000254772,EEF1G,ENSMUSG00000071644,Eef1g,ortholog_one2one
ENSG00000138468,SENP7,ENSMUSG00000052917,Senp7,ortholog_one2one
ENSG00000284691,,ENSMUSG00000053297,AI854703,ortholog_one2one
ENSG00000105866,SP4,ENSMUSG00000025323,Sp4,ortholog_one2one
ENSG00000129657,SEC14L1,ENSMUSG00000020823,Sec14l1,ortholog_one2one
ENSG00000089163,SIRT4,ENSMUSG00000029524,Sirt4,ortholog_one2one
ENSG00000105793,GTPBP10,ENSMUSG00000040464,Gtpbp10,ortholog_one2one
ENSG00000169991,IFFO2,ENSMUSG00000041025,Iffo2,ortholog_one2one
ENSG00000196208,GREB1,ENSMUSG00000036523,Greb1,ortholog_one2one
ENSG00000176871,WSB2,ENSMUSG00000029364,Wsb2,ortholog_one2one
ENSG00000009780,FAM76A,ENSMUSG00000028878,Fam76a,ortholog_one2one
ENSG00000051825,MPHOSPH9,ENSMUSG00000038126,Mphosph9,ortholog_one2one
ENSG00000180423,HARBI1,ENSMUSG00000027243,Harbi1,ortholog_one2one
ENSG00000164692,COL1A2,ENSMUSG00000029661,Col1a2,ortholog_one2one
ENSG00000137478,FCHSD2,ENSMUSG00000030691,Fchsd2,ortholog_one2one
ENSG00000008869,HEATR5B,ENSMUSG00000039414,Heatr5b,ortholog_one2one
ENSG00000116791,CRYZ,ENSMUSG00000028199,Cryz,ortholog_one2one
ENSG00000114450,GNB4,ENSMUSG00000027669,Gnb4,ortholog_one2one
ENSG00000105755,ETHE1,ENSMUSG00000064254,Ethe1,ortholog_one2one
ENSG00000058272,PPP1R12A,ENSMUSG00000019907,Ppp1r12a,ortholog_one2one
ENSG00000114767,RRP9,ENSMUSG00000041506,Rrp9,ortholog_one2one
ENSG00000154144,TBRG1,ENSMUSG00000011114,Tbrg1,ortholog_one2one
ENSG00000196639,HRH1,ENSMUSG00000053004,Hrh1,ortholog_one2one
ENSG00000115762,PLEKHB2,ENSMUSG00000026123,Plekhb2,ortholog_one2one
ENSG00000102890,ELMO3,ENSMUSG00000014791,Elmo3,ortholog_one2one
ENSG00000160801,PTH1R,ENSMUSG00000032492,Pth1r,ortholog_one2one
ENSG00000087095,NLK,ENSMUSG00000017376,Nlk,ortholog_one2one
ENSG00000175264,CHST1,ENSMUSG00000027221,Chst1,ortholog_one2one
ENSG00000164896,FASTK,ENSMUSG00000028959,Fastk,ortholog_one2one
ENSG00000134910,STT3A,ENSMUSG00000032116,Stt3a,ortholog_one2one
ENSG00000108557,RAI1,ENSMUSG00000062115,Rai1,ortholog_one2one
ENSG00000139629,GALNT6,ENSMUSG00000037280,Galnt6,ortholog_one2one
ENSG00000013306,SLC25A39,ENSMUSG00000018677,Slc25a39,ortholog_one2one
ENSG00000213658,LAT,ENSMUSG00000030742,Lat,ortholog_one2one
ENSG00000013374,NUB1,ENSMUSG00000028954,Nub1,ortholog_one2one
ENSG00000116237,ICMT,ENSMUSG00000039662,Icmt,ortholog_one2one
ENSG00000171860,C3AR1,ENSMUSG00000040552,C3ar1,ortholog_one2one
ENSG00000066654,THUMPD1,ENSMUSG00000030942,Thumpd1,ortholog_one2one
ENSG00000116353,MECR,ENSMUSG00000028910,Mecr,ortholog_one2one
ENSG00000111641,NOP2,ENSMUSG00000038279,Nop2,ortholog_one2one
ENSG00000127616,SMARCA4,ENSMUSG00000032187,Smarca4,ortholog_one2one
ENSG00000116044,NFE2L2,ENSMUSG00000015839,Nfe2l2,ortholog_one2one
ENSG00000102996,MMP15,ENSMUSG00000031790,Mmp15,ortholog_one2one
ENSG00000010318,PHF7,ENSMUSG00000021902,Phf7,ortholog_one2one
ENSG00000103423,DNAJA3,ENSMUSG00000004069,Dnaja3,ortholog_one2one
ENSG00000170325,PRDM10,ENSMUSG00000042496,Prdm10,ortholog_one2one
ENSG00000119535,CSF3R,ENSMUSG00000028859,Csf3r,ortholog_one2one
ENSG00000206561,COLQ,ENSMUSG00000057606,Colq,ortholog_one2one
ENSG00000172992,DCAKD,ENSMUSG00000020935,Dcakd,ortholog_one2one
ENSG00000115415,STAT1,ENSMUSG00000026104,Stat1,ortholog_one2one
ENSG00000153767,GTF2E1,ENSMUSG00000022828,Gtf2e1,ortholog_one2one
ENSG00000171631,P2RY6,ENSMUSG00000048779,P2ry6,ortholog_one2one
ENSG00000071189,SNX13,ENSMUSG00000020590,Snx13,ortholog_one2one
ENSG00000070476,ZXDC,ENSMUSG00000034430,Zxdc,ortholog_one2one
ENSG00000178921,PFAS,ENSMUSG00000020899,Pfas,ortholog_one2one
ENSG00000122417,ODF2L,ENSMUSG00000028256,Odf2l,ortholog_one2one
ENSG00000135365,PHF21A,ENSMUSG00000058318,Phf21a,ortholog_one2one
ENSG00000181722,ZBTB20,ENSMUSG00000022708,Zbtb20,ortholog_one2one
ENSG00000161944,ASGR2,ENSMUSG00000040963,Asgr2,ortholog_one2one
ENSG00000127955,GNAI1,ENSMUSG00000057614,Gnai1,ortholog_one2one
ENSG00000139211,AMIGO2,ENSMUSG00000048218,Amigo2,ortholog_one2one
ENSG00000151239,TWF1,ENSMUSG00000022451,Twf1,ortholog_one2one
ENSG00000153187,HNRNPU,ENSMUSG00000039630,Hnrnpu,ortholog_one2one
ENSG00000106066,CPVL,ENSMUSG00000052955,Cpvl,ortholog_one2one
ENSG00000136052,SLC41A2,ENSMUSG00000034591,Slc41a2,ortholog_one2one
ENSG00000062282,DGAT2,ENSMUSG00000030747,Dgat2,ortholog_one2one
ENSG00000179195,ZNF664,ENSMUSG00000079215,Zfp664,ortholog_one2one
ENSG00000085741,WNT11,ENSMUSG00000015957,Wnt11,ortholog_one2one
ENSG00000064201,TSPAN32,ENSMUSG00000000244,Tspan32,ortholog_one2one
ENSG00000135723,FHOD1,ENSMUSG00000014778,Fhod1,ortholog_one2one
ENSG00000127324,TSPAN8,ENSMUSG00000034127,Tspan8,ortholog_one2one
ENSG00000125447,GGA3,ENSMUSG00000020740,Gga3,ortholog_one2one
ENSG00000197362,ZNF786,ENSMUSG00000051499,Zfp786,ortholog_one2one
ENSG00000135374,ELF5,ENSMUSG00000027186,Elf5,ortholog_one2one
ENSG00000119242,CCDC92,ENSMUSG00000037979,Ccdc92,ortholog_one2one
ENSG00000136271,DDX56,ENSMUSG00000004393,Ddx56,ortholog_one2one
ENSG00000115084,SLC35F5,ENSMUSG00000026342,Slc35f5,ortholog_one2one
ENSG00000174744,BRMS1,ENSMUSG00000080268,Brms1,ortholog_one2one
ENSG00000173905,GOLIM4,ENSMUSG00000034109,Golim4,ortholog_one2one
ENSG00000158545,ZC3H18,ENSMUSG00000017478,Zc3h18,ortholog_one2one
ENSG00000079337,RAPGEF3,ENSMUSG00000022469,Rapgef3,ortholog_one2one
ENSG00000213619,NDUFS3,ENSMUSG00000005510,Ndufs3,ortholog_one2one
ENSG00000122420,PTGFR,ENSMUSG00000028036,Ptgfr,ortholog_one2one
ENSG00000143420,ENSA,ENSMUSG00000038619,Ensa,ortholog_one2one
ENSG00000138100,TRIM54,ENSMUSG00000062077,Trim54,ortholog_one2one
ENSG00000158467,AHCYL2,ENSMUSG00000029772,Ahcyl2,ortholog_one2one
ENSG00000133318,RTN3,ENSMUSG00000024758,Rtn3,ortholog_one2one
ENSG00000188554,NBR1,ENSMUSG00000017119,Nbr1,ortholog_one2one
ENSG00000163399,ATP1A1,ENSMUSG00000033161,Atp1a1,ortholog_one2one
ENSG00000140931,CMTM3,ENSMUSG00000031875,Cmtm3,ortholog_one2one
ENSG00000144591,GMPPA,ENSMUSG00000033021,Gmppa,ortholog_one2one
ENSG00000225697,SLC26A6,ENSMUSG00000023259,Slc26a6,ortholog_one2one
ENSG00000128573,FOXP2,ENSMUSG00000029563,Foxp2,ortholog_one2one
ENSG00000129910,CDH15,ENSMUSG00000031962,Cdh15,ortholog_one2one
ENSG00000143815,LBR,ENSMUSG00000004880,Lbr,ortholog_one2one
ENSG00000135709,KIAA0513,ENSMUSG00000031824,6430548M08Rik,ortholog_one2one
ENSG00000064309,CDON,ENSMUSG00000038119,Cdon,ortholog_one2one
ENSG00000135409,AMHR2,ENSMUSG00000023047,Amhr2,ortholog_one2one
ENSG00000204991,SPIRE2,ENSMUSG00000010154,Spire2,ortholog_one2one
ENSG00000198746,GPATCH3,ENSMUSG00000028850,Gpatch3,ortholog_one2one
ENSG00000094963,FMO2,ENSMUSG00000040170,Fmo2,ortholog_one2one
ENSG00000089053,ANAPC5,ENSMUSG00000029472,Anapc5,ortholog_one2one
ENSG00000102910,LONP2,ENSMUSG00000047866,Lonp2,ortholog_one2one
ENSG00000135622,SEMA4F,ENSMUSG00000000627,Sema4f,ortholog_one2one
ENSG00000108389,MTMR4,ENSMUSG00000018401,Mtmr4,ortholog_one2one
ENSG00000115183,TANC1,ENSMUSG00000035168,Tanc1,ortholog_one2one
ENSG00000157193,LRP8,ENSMUSG00000028613,Lrp8,ortholog_one2one
ENSG00000109920,FNBP4,ENSMUSG00000008200,Fnbp4,ortholog_one2one
ENSG00000167972,ABCA3,ENSMUSG00000024130,Abca3,ortholog_one2one
ENSG00000130935,NOL11,ENSMUSG00000018433,Nol11,ortholog_one2one
ENSG00000075651,PLD1,ENSMUSG00000027695,Pld1,ortholog_one2one
ENSG00000177106,EPS8L2,ENSMUSG00000025504,Eps8l2,ortholog_one2one
ENSG00000169006,NTSR2,ENSMUSG00000020591,Ntsr2,ortholog_one2one
ENSG00000187838,PLSCR3,ENSMUSG00000019461,Plscr3,ortholog_one2one
ENSG00000196290,NIF3L1,ENSMUSG00000026036,Nif3l1,ortholog_one2one
ENSG00000136699,SMPD4,ENSMUSG00000005899,Smpd4,ortholog_one2one
ENSG00000139329,LUM,ENSMUSG00000036446,Lum,ortholog_one2one
ENSG00000089693,MLF2,ENSMUSG00000030120,Mlf2,ortholog_one2one
ENSG00000144645,OSBPL10,ENSMUSG00000040875,Osbpl10,ortholog_one2one
ENSG00000173801,JUP,ENSMUSG00000001552,Jup,ortholog_one2one
ENSG00000258227,CLEC5A,ENSMUSG00000029915,Clec5a,ortholog_one2one
ENSG00000172209,GPR22,ENSMUSG00000044067,Gpr22,ortholog_one2one
ENSG00000241685,ARPC1A,ENSMUSG00000029621,Arpc1a,ortholog_one2one
ENSG00000016391,CHDH,ENSMUSG00000015970,Chdh,ortholog_one2one
ENSG00000185739,SRL,ENSMUSG00000022519,Srl,ortholog_one2one
ENSG00000078902,TOLLIP,ENSMUSG00000025139,Tollip,ortholog_one2one
ENSG00000051523,CYBA,ENSMUSG00000006519,Cyba,ortholog_one2one
ENSG00000173585,CCR9,ENSMUSG00000029530,Ccr9,ortholog_one2one
ENSG00000188487,INSC,ENSMUSG00000048782,Insc,ortholog_one2one
ENSG00000177646,ACAD9,ENSMUSG00000027710,Acad9,ortholog_one2one
ENSG00000176842,IRX5,ENSMUSG00000031737,Irx5,ortholog_one2one
ENSG00000122547,EEPD1,ENSMUSG00000036611,Eepd1,ortholog_one2one
ENSG00000083799,CYLD,ENSMUSG00000036712,Cyld,ortholog_one2one
ENSG00000075856,SART3,ENSMUSG00000018974,Sart3,ortholog_one2one
ENSG00000106483,SFRP4,ENSMUSG00000021319,Sfrp4,ortholog_one2one
ENSG00000146731,CCT6A,ENSMUSG00000029447,Cct6a,ortholog_one2one
ENSG00000115648,MLPH,ENSMUSG00000026303,Mlph,ortholog_one2one
ENSG00000177363,LRRN4CL,ENSMUSG00000071656,Lrrn4cl,ortholog_one2one
ENSG00000176472,ZNF575,ENSMUSG00000066721,Zfp575,ortholog_one2one
ENSG00000180773,SLC36A4,ENSMUSG00000043885,Slc36a4,ortholog_one2one
ENSG00000167578,RAB4B,ENSMUSG00000053291,Rab4b,ortholog_one2one
ENSG00000138459,SLC35A5,ENSMUSG00000022664,Slc35a5,ortholog_one2one
ENSG00000007202,BLTP2,ENSMUSG00000010277,Bltp2,ortholog_one2one
ENSG00000105552,BCAT2,ENSMUSG00000030826,Bcat2,ortholog_one2one
ENSG00000168959,GRM5,ENSMUSG00000049583,Grm5,ortholog_one2one
ENSG00000164062,APEH,ENSMUSG00000032590,Apeh,ortholog_one2one
ENSG00000087494,PTHLH,ENSMUSG00000048776,Pthlh,ortholog_one2one
ENSG00000136048,DRAM1,ENSMUSG00000020057,Dram1,ortholog_one2one
ENSG00000133895,MEN1,ENSMUSG00000024947,Men1,ortholog_one2one
ENSG00000139726,DENR,ENSMUSG00000023106,Denr,ortholog_one2one
ENSG00000065970,FOXJ2,ENSMUSG00000003154,Foxj2,ortholog_one2one
ENSG00000198270,TMEM116,ENSMUSG00000029452,Tmem116,ortholog_one2one
ENSG00000076321,KLHL20,ENSMUSG00000026705,Klhl20,ortholog_one2one
ENSG00000117984,CTSD,ENSMUSG00000007891,Ctsd,ortholog_one2one
ENSG00000125703,ATG4C,ENSMUSG00000028550,Atg4c,ortholog_one2one
ENSG00000216490,IFI30,ENSMUSG00000031838,Ifi30,ortholog_one2one
ENSG00000059758,CDK17,ENSMUSG00000020015,Cdk17,ortholog_one2one
ENSG00000104976,SNAPC2,ENSMUSG00000011837,Snapc2,ortholog_one2one
ENSG00000099797,TECR,ENSMUSG00000031708,Tecr,ortholog_one2one
ENSG00000185238,PRMT3,ENSMUSG00000030505,Prmt3,ortholog_one2one
ENSG00000144857,BOC,ENSMUSG00000022687,Boc,ortholog_one2one
ENSG00000135148,TRAFD1,ENSMUSG00000042726,Trafd1,ortholog_one2one
ENSG00000149418,ST14,ENSMUSG00000031995,St14,ortholog_one2one
ENSG00000150556,LYPD6B,ENSMUSG00000026765,Lypd6b,ortholog_one2one
ENSG00000160058,BSDC1,ENSMUSG00000040859,Bsdc1,ortholog_one2one
ENSG00000105784,RUNDC3B,ENSMUSG00000040570,Rundc3b,ortholog_one2one
ENSG00000139370,SLC15A4,ENSMUSG00000029416,Slc15a4,ortholog_one2one
ENSG00000132109,TRIM21,ENSMUSG00000030966,Trim21,ortholog_one2one
ENSG00000011451,WIZ,ENSMUSG00000024050,Wiz,ortholog_one2one
ENSG00000144401,METTL21A,ENSMUSG00000025956,Mettl21a,ortholog_one2one
ENSG00000180370,PAK2,ENSMUSG00000022781,Pak2,ortholog_one2one
ENSG00000149781,FERMT3,ENSMUSG00000024965,Fermt3,ortholog_one2one
ENSG00000109065,NAT9,ENSMUSG00000015542,Nat9,ortholog_one2one
ENSG00000106078,COBL,ENSMUSG00000020173,Cobl,ortholog_one2one
ENSG00000074416,MGLL,ENSMUSG00000033174,Mgll,ortholog_one2one
ENSG00000115604,IL18R1,ENSMUSG00000026070,Il18r1,ortholog_one2one
ENSG00000130733,YIPF2,ENSMUSG00000032182,Yipf2,ortholog_one2one
ENSG00000136718,IMP4,ENSMUSG00000026127,Imp4,ortholog_one2one
ENSG00000114405,CEP15,ENSMUSG00000033111,Cep15,ortholog_one2one
ENSG00000137474,MYO7A,ENSMUSG00000030761,Myo7a,ortholog_one2one
ENSG00000168509,HJV,ENSMUSG00000038403,Hjv,ortholog_one2one
ENSG00000163848,ZNF148,ENSMUSG00000022811,Zfp148,ortholog_one2one
ENSG00000170989,S1PR1,ENSMUSG00000045092,S1pr1,ortholog_one2one
ENSG00000153898,MCOLN2,ENSMUSG00000011008,Mcoln2,ortholog_one2one
ENSG00000007216,SLC13A2,ENSMUSG00000001095,Slc13a2,ortholog_one2one
ENSG00000115226,FNDC4,ENSMUSG00000038552,Fndc4,ortholog_one2one
ENSG00000162959,MEMO1,ENSMUSG00000058704,Memo1,ortholog_one2one
ENSG00000158828,PINK1,ENSMUSG00000028756,Pink1,ortholog_one2one
ENSG00000128596,CCDC136,ENSMUSG00000029769,Ccdc136,ortholog_one2one
ENSG00000176749,CDK5R1,ENSMUSG00000048895,Cdk5r1,ortholog_one2one
ENSG00000140995,DEF8,ENSMUSG00000001482,Def8,ortholog_one2one
ENSG00000163157,TMOD4,ENSMUSG00000005628,Tmod4,ortholog_one2one
ENSG00000119041,GTF3C3,ENSMUSG00000041303,Gtf3c3,ortholog_one2one
ENSG00000266173,STRADA,ENSMUSG00000069631,Strada,ortholog_one2one
ENSG00000073008,PVR,ENSMUSG00000040511,Pvr,ortholog_one2one
ENSG00000130813,SHFL,ENSMUSG00000038884,Shfl,ortholog_one2one
ENSG00000139410,SDSL,ENSMUSG00000029596,Sdsl,ortholog_one2one
ENSG00000254986,DPP3,ENSMUSG00000063904,Dpp3,ortholog_one2one
ENSG00000143819,EPHX1,ENSMUSG00000038776,Ephx1,ortholog_one2one
ENSG00000126870,DYNC2I1,ENSMUSG00000042050,Dync2i1,ortholog_one2one
ENSG00000105088,OLFM2,ENSMUSG00000032172,Olfm2,ortholog_one2one
ENSG00000042493,CAPG,ENSMUSG00000056737,Capg,ortholog_one2one
ENSG00000114850,SSR3,ENSMUSG00000027828,Ssr3,ortholog_one2one
ENSG00000167785,ZNF558,ENSMUSG00000074500,Zfp558,ortholog_one2one
ENSG00000154710,RABGEF1,ENSMUSG00000025340,Rabgef1,ortholog_one2one
ENSG00000172037,LAMB2,ENSMUSG00000052911,Lamb2,ortholog_one2one
ENSG00000167755,KLK6,ENSMUSG00000050063,Klk6,ortholog_one2one
ENSG00000150991,UBC,ENSMUSG00000008348,Ubc,ortholog_one2one
ENSG00000205517,RGL3,ENSMUSG00000040146,Rgl3,ortholog_one2one
ENSG00000170633,RNF34,ENSMUSG00000029474,Rnf34,ortholog_one2one
ENSG00000140986,RPL3L,ENSMUSG00000002500,Rpl3l,ortholog_one2one
ENSG00000073060,SCARB1,ENSMUSG00000037936,Scarb1,ortholog_one2one
ENSG00000102882,MAPK3,ENSMUSG00000063065,Mapk3,ortholog_one2one
ENSG00000110619,CARS1,ENSMUSG00000010755,Cars1,ortholog_one2one
ENSG00000163755,HPS3,ENSMUSG00000027615,Hps3,ortholog_one2one
ENSG00000105810,CDK6,ENSMUSG00000040274,Cdk6,ortholog_one2one
ENSG00000131143,COX4I1,ENSMUSG00000031818,Cox4i1,ortholog_one2one
ENSG00000126524,SBDS,ENSMUSG00000025337,Sbds,ortholog_one2one
ENSG00000116521,SCAMP3,ENSMUSG00000028049,Scamp3,ortholog_one2one
ENSG00000073350,LLGL2,ENSMUSG00000020782,Llgl2,ortholog_one2one
ENSG00000168827,GFM1,ENSMUSG00000027774,Gfm1,ortholog_one2one
ENSG00000133612,AGAP3,ENSMUSG00000023353,Agap3,ortholog_one2one
ENSG00000067836,ROGDI,ENSMUSG00000022540,Rogdi,ortholog_one2one
ENSG00000158062,UBXN11,ENSMUSG00000012126,Ubxn11,ortholog_one2one
ENSG00000060709,RIMBP2,ENSMUSG00000029420,Rimbp2,ortholog_one2one
ENSG00000114650,SCAP,ENSMUSG00000032485,Scap,ortholog_one2one
ENSG00000116783,TNNI3K,ENSMUSG00000040086,Tnni3k,ortholog_one2one
ENSG00000119820,YIPF4,ENSMUSG00000024072,Yipf4,ortholog_one2one
ENSG00000132329,RAMP1,ENSMUSG00000034353,Ramp1,ortholog_one2one
ENSG00000149743,TRPT1,ENSMUSG00000047656,Trpt1,ortholog_one2one
ENSG00000121350,PYROXD1,ENSMUSG00000041671,Pyroxd1,ortholog_one2one
ENSG00000159723,AGRP,ENSMUSG00000005705,Agrp,ortholog_one2one
ENSG00000125629,INSIG2,ENSMUSG00000003721,Insig2,ortholog_one2one
ENSG00000069345,DNAJA2,ENSMUSG00000031701,Dnaja2,ortholog_one2one
ENSG00000168397,ATG4B,ENSMUSG00000026280,Atg4b,ortholog_one2one
ENSG00000006016,CRLF1,ENSMUSG00000007888,Crlf1,ortholog_one2one
ENSG00000146830,GIGYF1,ENSMUSG00000029714,Gigyf1,ortholog_one2one
ENSG00000007541,PIGQ,ENSMUSG00000025728,Pigq,ortholog_one2one
ENSG00000143369,ECM1,ENSMUSG00000028108,Ecm1,ortholog_one2one
ENSG00000130818,ZNF426,ENSMUSG00000059475,Zfp426,ortholog_one2one
ENSG00000051128,HOMER3,ENSMUSG00000003573,Homer3,ortholog_one2one
ENSG00000110536,PTPMT1,ENSMUSG00000063235,Ptpmt1,ortholog_one2one
ENSG00000137672,TRPC6,ENSMUSG00000031997,Trpc6,ortholog_one2one
ENSG00000158850,B4GALT3,ENSMUSG00000052423,B4galt3,ortholog_one2one
ENSG00000196776,CD47,ENSMUSG00000055447,Cd47,ortholog_one2one
ENSG00000064419,TNPO3,ENSMUSG00000012535,Tnpo3,ortholog_one2one
ENSG00000130592,LSP1,ENSMUSG00000018819,Lsp1,ortholog_one2one
ENSG00000114735,HEMK1,ENSMUSG00000032579,Hemk1,ortholog_one2one
ENSG00000104731,KLHDC4,ENSMUSG00000040263,Klhdc4,ortholog_one2one
ENSG00000167378,IRGQ,ENSMUSG00000041037,Irgq,ortholog_one2one
ENSG00000179943,FIZ1,ENSMUSG00000061374,Fiz1,ortholog_one2one
ENSG00000171443,ZNF524,ENSMUSG00000051184,Zfp524,ortholog_one2one
ENSG00000115380,EFEMP1,ENSMUSG00000020467,Efemp1,ortholog_one2one
ENSG00000163812,ZDHHC3,ENSMUSG00000025786,Zdhhc3,ortholog_one2one
ENSG00000158966,CACHD1,ENSMUSG00000028532,Cachd1,ortholog_one2one
ENSG00000182271,TMIGD1,ENSMUSG00000020839,Tmigd1,ortholog_one2one
ENSG00000140988,RPS2,ENSMUSG00000044533,Rps2,ortholog_one2one
ENSG00000129667,RHBDF2,ENSMUSG00000020806,Rhbdf2,ortholog_one2one
ENSG00000117115,PADI2,ENSMUSG00000028927,Padi2,ortholog_one2one
ENSG00000088543,C3orf18,ENSMUSG00000037977,6430571L13Rik,ortholog_one2one
ENSG00000196323,ZBTB44,ENSMUSG00000047412,Zbtb44,ortholog_one2one
ENSG00000116983,HPCAL4,ENSMUSG00000046093,Hpcal4,ortholog_one2one
ENSG00000120937,NPPB,ENSMUSG00000029019,Nppb,ortholog_one2one
ENSG00000138463,SLC49A4,ENSMUSG00000022848,Slc49a4,ortholog_one2one
ENSG00000188529,SRSF10,ENSMUSG00000028676,Srsf10,ortholog_one2one
ENSG00000185187,SIGIRR,ENSMUSG00000025494,Sigirr,ortholog_one2one
ENSG00000067560,RHOA,ENSMUSG00000007815,Rhoa,ortholog_one2one
ENSG00000173114,LRRN3,ENSMUSG00000036295,Lrrn3,ortholog_one2one
ENSG00000004700,RECQL,ENSMUSG00000030243,Recql,ortholog_one2one
ENSG00000006530,AGK,ENSMUSG00000029916,Agk,ortholog_one2one
ENSG00000182795,C1orf116,ENSMUSG00000042510,AA986860,ortholog_one2one
ENSG00000123444,KBTBD4,ENSMUSG00000005505,Kbtbd4,ortholog_one2one
ENSG00000143570,SLC39A1,ENSMUSG00000052310,Slc39a1,ortholog_one2one
ENSG00000058056,USP13,ENSMUSG00000056900,Usp13,ortholog_one2one
ENSG00000180902,D2HGDH,ENSMUSG00000073609,D2hgdh,ortholog_one2one
ENSG00000175564,UCP3,ENSMUSG00000032942,Ucp3,ortholog_one2one
ENSG00000125454,SLC25A19,ENSMUSG00000020744,Slc25a19,ortholog_one2one
ENSG00000103351,CLUAP1,ENSMUSG00000014232,Cluap1,ortholog_one2one
ENSG00000010379,SLC6A13,ENSMUSG00000030108,Slc6a13,ortholog_one2one
ENSG00000162631,NTNG1,ENSMUSG00000059857,Ntng1,ortholog_one2one
ENSG00000172273,HINFP,ENSMUSG00000032119,Hinfp,ortholog_one2one
ENSG00000143793,C1orf35,ENSMUSG00000020441,2310033P09Rik,ortholog_one2one
ENSG00000110921,MVK,ENSMUSG00000041939,Mvk,ortholog_one2one
ENSG00000038358,EDC4,ENSMUSG00000036270,Edc4,ortholog_one2one
ENSG00000186432,KPNA4,ENSMUSG00000027782,Kpna4,ortholog_one2one
ENSG00000143995,MEIS1,ENSMUSG00000020160,Meis1,ortholog_one2one
ENSG00000149115,TNKS1BP1,ENSMUSG00000033955,Tnks1bp1,ortholog_one2one
ENSG00000162496,DHRS3,ENSMUSG00000066026,Dhrs3,ortholog_one2one
ENSG00000176834,VSIG10,ENSMUSG00000066894,Vsig10,ortholog_one2one
ENSG00000058091,CDK14,ENSMUSG00000028926,Cdk14,ortholog_one2one
ENSG00000175183,CSRP2,ENSMUSG00000020186,Csrp2,ortholog_one2one
ENSG00000185627,PSMD13,ENSMUSG00000025487,Psmd13,ortholog_one2one
ENSG00000143578,CREB3L4,ENSMUSG00000027938,Creb3l4,ortholog_one2one
ENSG00000114473,IQCG,ENSMUSG00000035578,Iqcg,ortholog_one2one
ENSG00000108479,GALK1,ENSMUSG00000020766,Galk1,ortholog_one2one
ENSG00000173960,UBXN2A,ENSMUSG00000020634,Ubxn2a,ortholog_one2one
ENSG00000010626,LRRC23,ENSMUSG00000030125,Lrrc23,ortholog_one2one
ENSG00000286190,,ENSMUSG00000018451,6330403K07Rik,ortholog_one2one
ENSG00000185813,PCYT2,ENSMUSG00000025137,Pcyt2,ortholog_one2one
ENSG00000016864,GLT8D1,ENSMUSG00000021916,Glt8d1,ortholog_one2one
ENSG00000125633,CCDC93,ENSMUSG00000026339,Ccdc93,ortholog_one2one
ENSG00000135519,KCNH3,ENSMUSG00000037579,Kcnh3,ortholog_one2one
ENSG00000182359,KBTBD3,ENSMUSG00000025893,Kbtbd3,ortholog_one2one
ENSG00000106153,CHCHD2,ENSMUSG00000070493,Chchd2,ortholog_one2one
ENSG00000165973,NELL1,ENSMUSG00000055409,Nell1,ortholog_one2one
ENSG00000166578,IQCD,ENSMUSG00000029601,Iqcd,ortholog_one2one
ENSG00000132437,DDC,ENSMUSG00000020182,Ddc,ortholog_one2one
ENSG00000139433,GLTP,ENSMUSG00000011884,Gltp,ortholog_one2one
ENSG00000124357,NAGK,ENSMUSG00000034744,Nagk,ortholog_one2one
ENSG00000135776,ABCB10,ENSMUSG00000031974,Abcb10,ortholog_one2one
ENSG00000204186,ZDBF2,ENSMUSG00000027520,Zdbf2,ortholog_one2one
ENSG00000134533,RERG,ENSMUSG00000030222,Rerg,ortholog_one2one
ENSG00000111181,SLC6A12,ENSMUSG00000030109,Slc6a12,ortholog_one2one
ENSG00000138398,PPIG,ENSMUSG00000042133,Ppig,ortholog_one2one
ENSG00000166086,JAM3,ENSMUSG00000031990,Jam3,ortholog_one2one
ENSG00000178772,CPN2,ENSMUSG00000023176,Cpn2,ortholog_one2one
ENSG00000144908,ALDH1L1,ENSMUSG00000030088,Aldh1l1,ortholog_one2one
ENSG00000132781,MUTYH,ENSMUSG00000028687,Mutyh,ortholog_one2one
ENSG00000011405,PIK3C2A,ENSMUSG00000030660,Pik3c2a,ortholog_one2one
ENSG00000124019,FAM124B,ENSMUSG00000043230,Fam124b,ortholog_one2one
ENSG00000115310,RTN4,ENSMUSG00000020458,Rtn4,ortholog_one2one
ENSG00000137714,FDX1,ENSMUSG00000032051,Fdx1,ortholog_one2one
ENSG00000148926,ADM,ENSMUSG00000030790,Adm,ortholog_one2one
ENSG00000134283,PPHLN1,ENSMUSG00000036167,Pphln1,ortholog_one2one
ENSG00000172508,CARNS1,ENSMUSG00000075289,Carns1,ortholog_one2one
ENSG00000197170,PSMD12,ENSMUSG00000020720,Psmd12,ortholog_one2one
ENSG00000196715,VKORC1L1,ENSMUSG00000066735,Vkorc1l1,ortholog_one2one
ENSG00000166407,LMO1,ENSMUSG00000036111,Lmo1,ortholog_one2one
ENSG00000134955,SLC37A2,ENSMUSG00000032122,Slc37a2,ortholog_one2one
ENSG00000078053,AMPH,ENSMUSG00000021314,Amph,ortholog_one2one
ENSG00000182938,OTOP3,ENSMUSG00000018862,Otop3,ortholog_one2one
ENSG00000167083,GNGT2,ENSMUSG00000038811,Gngt2,ortholog_one2one
ENSG00000110011,DNAJC4,ENSMUSG00000024963,Dnajc4,ortholog_one2one
ENSG00000115239,ASB3,ENSMUSG00000020305,Asb3,ortholog_one2one
ENSG00000159210,SNF8,ENSMUSG00000006058,Snf8,ortholog_one2one
ENSG00000110455,ACCS,ENSMUSG00000040272,Accs,ortholog_one2one
ENSG00000173421,IHO1,ENSMUSG00000047220,Iho1,ortholog_one2one
ENSG00000167699,GLOD4,ENSMUSG00000017286,Glod4,ortholog_one2one
ENSG00000015676,NUDCD3,ENSMUSG00000053838,Nudcd3,ortholog_one2one
ENSG00000164080,RAD54L2,ENSMUSG00000040661,Rad54l2,ortholog_one2one
ENSG00000172935,MRGPRF,ENSMUSG00000031070,Mrgprf,ortholog_one2one
ENSG00000167792,NDUFV1,ENSMUSG00000037916,Ndufv1,ortholog_one2one
ENSG00000105953,OGDH,ENSMUSG00000020456,Ogdh,ortholog_one2one
ENSG00000102901,CENPT,ENSMUSG00000036672,Cenpt,ortholog_one2one
ENSG00000132323,ILKAP,ENSMUSG00000026309,Ilkap,ortholog_one2one
ENSG00000204316,MRPL38,ENSMUSG00000020775,Mrpl38,ortholog_one2one
ENSG00000177311,ZBTB38,ENSMUSG00000040433,Zbtb38,ortholog_one2one
ENSG00000167434,CA4,ENSMUSG00000000805,Car4,ortholog_one2one
ENSG00000008323,PLEKHG6,ENSMUSG00000038167,Plekhg6,ortholog_one2one
ENSG00000108932,SLC16A6,ENSMUSG00000041920,Slc16a6,ortholog_one2one
ENSG00000154265,ABCA5,ENSMUSG00000018800,Abca5,ortholog_one2one
ENSG00000167994,RAB3IL1,ENSMUSG00000024663,Rab3il1,ortholog_one2one
ENSG00000163660,CCNL1,ENSMUSG00000027829,Ccnl1,ortholog_one2one
ENSG00000187555,USP7,ENSMUSG00000022710,Usp7,ortholog_one2one
ENSG00000127837,AAMP,ENSMUSG00000006299,Aamp,ortholog_one2one
ENSG00000149428,HYOU1,ENSMUSG00000032115,Hyou1,ortholog_one2one
ENSG00000110911,SLC11A2,ENSMUSG00000023030,Slc11a2,ortholog_one2one
ENSG00000180376,CCDC66,ENSMUSG00000046753,Ccdc66,ortholog_one2one
ENSG00000215644,GCGR,ENSMUSG00000025127,Gcgr,ortholog_one2one
ENSG00000167394,ZNF668,ENSMUSG00000049728,Zfp668,ortholog_one2one
ENSG00000115828,QPCT,ENSMUSG00000024084,Qpct,ortholog_one2one
ENSG00000172530,BANP,ENSMUSG00000025316,Banp,ortholog_one2one
ENSG00000171150,SOCS5,ENSMUSG00000037104,Socs5,ortholog_one2one
ENSG00000129055,ANAPC13,ENSMUSG00000035048,Anapc13,ortholog_one2one
ENSG00000183023,SLC8A1,ENSMUSG00000054640,Slc8a1,ortholog_one2one
ENSG00000115866,DARS1,ENSMUSG00000026356,Dars1,ortholog_one2one
ENSG00000169359,SLC33A1,ENSMUSG00000027822,Slc33a1,ortholog_one2one
ENSG00000001617,SEMA3F,ENSMUSG00000034684,Sema3f,ortholog_one2one
ENSG00000132388,UBE2G1,ENSMUSG00000020794,Ube2g1,ortholog_one2one
ENSG00000068912,ERLEC1,ENSMUSG00000020311,Erlec1,ortholog_one2one
ENSG00000111300,NAA25,ENSMUSG00000042719,Naa25,ortholog_one2one
ENSG00000108262,GIT1,ENSMUSG00000011877,Git1,ortholog_one2one
ENSG00000163359,COL6A3,ENSMUSG00000048126,Col6a3,ortholog_one2one
ENSG00000164604,GPR85,ENSMUSG00000048216,Gpr85,ortholog_one2one
ENSG00000136197,C7orf25,ENSMUSG00000039182,AW209491,ortholog_one2one
ENSG00000001630,CYP51A1,ENSMUSG00000001467,Cyp51,ortholog_one2one
ENSG00000196850,PPTC7,ENSMUSG00000038582,Pptc7,ortholog_one2one
ENSG00000111058,ACSS3,ENSMUSG00000035948,Acss3,ortholog_one2one
ENSG00000086730,LAT2,ENSMUSG00000040751,Lat2,ortholog_one2one
ENSG00000111269,CREBL2,ENSMUSG00000032652,Crebl2,ortholog_one2one
ENSG00000182870,GALNT9,ENSMUSG00000033316,Galnt9,ortholog_one2one
ENSG00000149499,EML3,ENSMUSG00000071647,Eml3,ortholog_one2one
ENSG00000168301,KCTD6,ENSMUSG00000021752,Kctd6,ortholog_one2one
ENSG00000037897,METTL1,ENSMUSG00000006732,Mettl1,ortholog_one2one
ENSG00000166866,MYO1A,ENSMUSG00000025401,Myo1a,ortholog_one2one
ENSG00000172782,FADS6,ENSMUSG00000044788,Fads6,ortholog_one2one
ENSG00000067596,DHX8,ENSMUSG00000034931,Dhx8,ortholog_one2one
ENSG00000163389,POGLUT1,ENSMUSG00000034064,Poglut1,ortholog_one2one
ENSG00000198648,STK39,ENSMUSG00000027030,Stk39,ortholog_one2one
ENSG00000106459,NRF1,ENSMUSG00000058440,Nrf1,ortholog_one2one
ENSG00000144867,SRPRB,ENSMUSG00000032553,Srprb,ortholog_one2one
ENSG00000179583,CIITA,ENSMUSG00000022504,Ciita,ortholog_one2one
ENSG00000090539,CHRD,ENSMUSG00000006958,Chrd,ortholog_one2one
ENSG00000135124,P2RX4,ENSMUSG00000029470,P2rx4,ortholog_one2one
ENSG00000141161,UNC45B,ENSMUSG00000018845,Unc45b,ortholog_one2one
ENSG00000144278,GALNT13,ENSMUSG00000060988,Galnt13,ortholog_one2one
ENSG00000116701,NCF2,ENSMUSG00000026480,Ncf2,ortholog_one2one
ENSG00000008311,AASS,ENSMUSG00000029695,Aass,ortholog_one2one
ENSG00000167985,SDHAF2,ENSMUSG00000024668,Sdhaf2,ortholog_one2one
ENSG00000134072,CAMK1,ENSMUSG00000030272,Camk1,ortholog_one2one
ENSG00000111581,NUP107,ENSMUSG00000052798,Nup107,ortholog_one2one
ENSG00000160703,NLRX1,ENSMUSG00000032109,Nlrx1,ortholog_one2one
ENSG00000240344,PPIL3,ENSMUSG00000026035,Ppil3,ortholog_one2one
ENSG00000174943,KCTD13,ENSMUSG00000030685,Kctd13,ortholog_one2one
ENSG00000113805,CNTN3,ENSMUSG00000030075,Cntn3,ortholog_one2one
ENSG00000134376,CRB1,ENSMUSG00000063681,Crb1,ortholog_one2one
ENSG00000090534,THPO,ENSMUSG00000022847,Thpo,ortholog_one2one
ENSG00000113946,CLDN16,ENSMUSG00000038148,Cldn16,ortholog_one2one
ENSG00000126432,PRDX5,ENSMUSG00000024953,Prdx5,ortholog_one2one
ENSG00000114859,CLCN2,ENSMUSG00000022843,Clcn2,ortholog_one2one
ENSG00000081985,IL12RB2,ENSMUSG00000018341,Il12rb2,ortholog_one2one
ENSG00000205356,TECPR1,ENSMUSG00000066621,Tecpr1,ortholog_one2one
ENSG00000108950,FAM20A,ENSMUSG00000020614,Fam20a,ortholog_one2one
ENSG00000152270,PDE3B,ENSMUSG00000030671,Pde3b,ortholog_one2one
ENSG00000135913,USP37,ENSMUSG00000033364,Usp37,ortholog_one2one
ENSG00000108439,PNPO,ENSMUSG00000018659,Pnpo,ortholog_one2one
ENSG00000111245,MYL2,ENSMUSG00000013936,Myl2,ortholog_one2one
ENSG00000006128,TAC1,ENSMUSG00000061762,Tac1,ortholog_one2one
ENSG00000225190,PLEKHM1,ENSMUSG00000034247,Plekhm1,ortholog_one2one
ENSG00000206562,METTL6,ENSMUSG00000021891,Mettl6,ortholog_one2one
ENSG00000262655,SPON1,ENSMUSG00000038156,Spon1,ortholog_one2one
ENSG00000078549,ADCYAP1R1,ENSMUSG00000029778,Adcyap1r1,ortholog_one2one
ENSG00000149557,FEZ1,ENSMUSG00000032118,Fez1,ortholog_one2one
ENSG00000108878,CACNG1,ENSMUSG00000020722,Cacng1,ortholog_one2one
ENSG00000109061,MYH1,ENSMUSG00000056328,Myh1,ortholog_one2one
ENSG00000168309,FAM107A,ENSMUSG00000021750,Fam107a,ortholog_one2one
ENSG00000087502,ERGIC2,ENSMUSG00000030304,Ergic2,ortholog_one2one
ENSG00000127947,PTPN12,ENSMUSG00000028771,Ptpn12,ortholog_one2one
ENSG00000163882,POLR2H,ENSMUSG00000021018,Polr2h,ortholog_one2one
ENSG00000150722,PPP1R1C,ENSMUSG00000034683,Ppp1r1c,ortholog_one2one
ENSG00000163166,IWS1,ENSMUSG00000024384,Iws1,ortholog_one2one
ENSG00000120332,TNN,ENSMUSG00000026725,Tnn,ortholog_one2one
ENSG00000161791,FMNL3,ENSMUSG00000023008,Fmnl3,ortholog_one2one
ENSG00000114030,KPNA1,ENSMUSG00000022905,Kpna1,ortholog_one2one
ENSG00000062716,VMP1,ENSMUSG00000018171,Vmp1,ortholog_one2one
ENSG00000149089,APIP,ENSMUSG00000010911,Apip,ortholog_one2one
ENSG00000153208,MERTK,ENSMUSG00000014361,Mertk,ortholog_one2one
ENSG00000135828,RNASEL,ENSMUSG00000066800,Rnasel,ortholog_one2one
ENSG00000174842,GLMN,ENSMUSG00000029276,Glmn,ortholog_one2one
ENSG00000091409,ITGA6,ENSMUSG00000027111,Itga6,ortholog_one2one
ENSG00000151702,FLI1,ENSMUSG00000016087,Fli1,ortholog_one2one
ENSG00000177409,SAMD9L,ENSMUSG00000047735,Samd9l,ortholog_one2one
ENSG00000149547,EI24,ENSMUSG00000062762,Ei24,ortholog_one2one
ENSG00000111325,OGFOD2,ENSMUSG00000023707,Ogfod2,ortholog_one2one
ENSG00000168291,PDHB,ENSMUSG00000021748,Pdhb,ortholog_one2one
ENSG00000164828,SUN1,ENSMUSG00000036817,Sun1,ortholog_one2one
ENSG00000049283,EPN3,ENSMUSG00000010080,Epn3,ortholog_one2one
ENSG00000091986,CCDC80,ENSMUSG00000022665,Ccdc80,ortholog_one2one
ENSG00000151176,PLBD2,ENSMUSG00000029598,Plbd2,ortholog_one2one
ENSG00000108576,SLC6A4,ENSMUSG00000020838,Slc6a4,ortholog_one2one
ENSG00000136542,GALNT5,ENSMUSG00000026828,Galnt5,ortholog_one2one
ENSG00000080371,RAB21,ENSMUSG00000020132,Rab21,ortholog_one2one
ENSG00000180353,HCLS1,ENSMUSG00000022831,Hcls1,ortholog_one2one
ENSG00000135968,GCC2,ENSMUSG00000038039,Gcc2,ortholog_one2one
ENSG00000089159,PXN,ENSMUSG00000029528,Pxn,ortholog_one2one
ENSG00000189334,S100A14,ENSMUSG00000042306,S100a14,ortholog_one2one
ENSG00000143891,GALM,ENSMUSG00000035473,Galm,ortholog_one2one
ENSG00000179348,GATA2,ENSMUSG00000015053,Gata2,ortholog_one2one
ENSG00000171621,SPSB1,ENSMUSG00000039911,Spsb1,ortholog_one2one
ENSG00000142330,CAPN10,ENSMUSG00000026270,Capn10,ortholog_one2one
ENSG00000154370,TRIM11,ENSMUSG00000020455,Trim11,ortholog_one2one
ENSG00000213533,STIMATE,ENSMUSG00000006526,Stimate,ortholog_one2one
ENSG00000109113,RAB34,ENSMUSG00000002059,Rab34,ortholog_one2one
ENSG00000114416,FXR1,ENSMUSG00000027680,Fxr1,ortholog_one2one
ENSG00000162909,CAPN2,ENSMUSG00000026509,Capn2,ortholog_one2one
ENSG00000110074,FOXRED1,ENSMUSG00000039048,Foxred1,ortholog_one2one
ENSG00000025434,NR1H3,ENSMUSG00000002108,Nr1h3,ortholog_one2one
ENSG00000115561,CHMP3,ENSMUSG00000053119,Chmp3,ortholog_one2one
ENSG00000137962,ARHGAP29,ENSMUSG00000039831,Arhgap29,ortholog_one2one
ENSG00000161203,AP2M1,ENSMUSG00000022841,Ap2m1,ortholog_one2one
ENSG00000155974,GRIP1,ENSMUSG00000034813,Grip1,ortholog_one2one
ENSG00000115758,ODC1,ENSMUSG00000011179,Odc1,ortholog_one2one
ENSG00000116141,MARK1,ENSMUSG00000026620,Mark1,ortholog_one2one
ENSG00000168329,CX3CR1,ENSMUSG00000052336,Cx3cr1,ortholog_one2one
ENSG00000173473,SMARCC1,ENSMUSG00000032481,Smarcc1,ortholog_one2one
ENSG00000185482,STAC3,ENSMUSG00000040287,Stac3,ortholog_one2one
ENSG00000184613,NELL2,ENSMUSG00000022454,Nell2,ortholog_one2one
ENSG00000158014,SLC30A2,ENSMUSG00000028836,Slc30a2,ortholog_one2one
ENSG00000082497,SERTAD4,ENSMUSG00000016262,Sertad4,ortholog_one2one
ENSG00000004660,CAMKK1,ENSMUSG00000020785,Camkk1,ortholog_one2one
ENSG00000173614,NMNAT1,ENSMUSG00000028992,Nmnat1,ortholog_one2one
ENSG00000135090,TAOK3,ENSMUSG00000061288,Taok3,ortholog_one2one
ENSG00000121905,HPCA,ENSMUSG00000028785,Hpca,ortholog_one2one
ENSG00000185269,NOTUM,ENSMUSG00000042988,Notum,ortholog_one2one
ENSG00000143632,ACTA1,ENSMUSG00000031972,Acta1,ortholog_one2one
ENSG00000173153,ESRRA,ENSMUSG00000024955,Esrra,ortholog_one2one
ENSG00000141556,TBCD,ENSMUSG00000039230,Tbcd,ortholog_one2one
ENSG00000132677,RHBG,ENSMUSG00000104445,Rhbg,ortholog_one2one
ENSG00000171960,PPIH,ENSMUSG00000060288,Ppih,ortholog_one2one
ENSG00000184014,DENND5A,ENSMUSG00000035901,Dennd5a,ortholog_one2one
ENSG00000135677,GNS,ENSMUSG00000034707,Gns,ortholog_one2one
ENSG00000121807,CCR2,ENSMUSG00000049103,Ccr2,ortholog_one2one
ENSG00000175105,ZNF654,ENSMUSG00000047141,Zfp654,ortholog_one2one
ENSG00000056736,IL17RB,ENSMUSG00000015966,Il17rb,ortholog_one2one
ENSG00000138050,THUMPD2,ENSMUSG00000024246,Thumpd2,ortholog_one2one
ENSG00000124006,OBSL1,ENSMUSG00000026211,Obsl1,ortholog_one2one
ENSG00000181061,HIGD1A,ENSMUSG00000038412,Higd1a,ortholog_one2one
ENSG00000125944,HNRNPR,ENSMUSG00000066037,Hnrnpr,ortholog_one2one
ENSG00000083093,PALB2,ENSMUSG00000044702,Palb2,ortholog_one2one
ENSG00000074527,NTN4,ENSMUSG00000020019,Ntn4,ortholog_one2one
ENSG00000036054,TBC1D23,ENSMUSG00000022749,Tbc1d23,ortholog_one2one
ENSG00000166391,MOGAT2,ENSMUSG00000052396,Mogat2,ortholog_one2one
ENSG00000166261,ZNF202,ENSMUSG00000025602,Zfp202,ortholog_one2one
ENSG00000162878,PKDCC,ENSMUSG00000024247,Pkdcc,ortholog_one2one
ENSG00000149927,DOC2A,ENSMUSG00000052301,Doc2a,ortholog_one2one
ENSG00000111674,ENO2,ENSMUSG00000004267,Eno2,ortholog_one2one
ENSG00000143458,GABPB2,ENSMUSG00000038766,Gabpb2,ortholog_one2one
ENSG00000159063,ALG8,ENSMUSG00000035704,Alg8,ortholog_one2one
ENSG00000185946,RNPC3,ENSMUSG00000027981,Rnpc3,ortholog_one2one
ENSG00000136044,APPL2,ENSMUSG00000020263,Appl2,ortholog_one2one
ENSG00000113812,ACTR8,ENSMUSG00000015971,Actr8,ortholog_one2one
ENSG00000173113,TRMT112,ENSMUSG00000038812,Trmt112,ortholog_one2one
ENSG00000133657,ATP13A3,ENSMUSG00000022533,Atp13a3,ortholog_one2one
ENSG00000021762,OSBPL5,ENSMUSG00000037606,Osbpl5,ortholog_one2one
ENSG00000144642,RBMS3,ENSMUSG00000039607,Rbms3,ortholog_one2one
ENSG00000066136,NFYC,ENSMUSG00000032897,Nfyc,ortholog_one2one
ENSG00000159579,RSPRY1,ENSMUSG00000050079,Rspry1,ortholog_one2one
ENSG00000150687,PRSS23,ENSMUSG00000039405,Prss23,ortholog_one2one
ENSG00000135720,DYNC1LI2,ENSMUSG00000035770,Dync1li2,ortholog_one2one
ENSG00000166478,ZNF143,ENSMUSG00000061079,Zfp143,ortholog_one2one
ENSG00000139350,NEDD1,ENSMUSG00000019988,Nedd1,ortholog_one2one
ENSG00000033867,SLC4A7,ENSMUSG00000021733,Slc4a7,ortholog_one2one
ENSG00000102893,PHKB,ENSMUSG00000036879,Phkb,ortholog_one2one
ENSG00000094914,AAAS,ENSMUSG00000036678,Aaas,ortholog_one2one
ENSG00000271447,MMP28,ENSMUSG00000020682,Mmp28,ortholog_one2one
ENSG00000126858,RHOT1,ENSMUSG00000017686,Rhot1,ortholog_one2one
ENSG00000163798,SLC4A1AP,ENSMUSG00000029141,Slc4a1ap,ortholog_one2one
ENSG00000066084,DIP2B,ENSMUSG00000023026,Dip2b,ortholog_one2one
ENSG00000172086,KRCC1,ENSMUSG00000053012,Krcc1,ortholog_one2one
ENSG00000155636,RBM45,ENSMUSG00000042369,Rbm45,ortholog_one2one
ENSG00000138442,WDR12,ENSMUSG00000026019,Wdr12,ortholog_one2one
ENSG00000139173,TMEM117,ENSMUSG00000063296,Tmem117,ortholog_one2one
ENSG00000167526,RPL13,ENSMUSG00000000740,Rpl13,ortholog_one2one
ENSG00000135447,PPP1R1A,ENSMUSG00000022490,Ppp1r1a,ortholog_one2one
ENSG00000005175,RPAP3,ENSMUSG00000022466,Rpap3,ortholog_one2one
ENSG00000129084,PSMA1,ENSMUSG00000030751,Psma1,ortholog_one2one
ENSG00000119013,NDUFB3,ENSMUSG00000026032,Ndufb3,ortholog_one2one
ENSG00000065057,NTHL1,ENSMUSG00000041429,Nthl1,ortholog_one2one
ENSG00000128654,MTX2,ENSMUSG00000027099,Mtx2,ortholog_one2one
ENSG00000180881,CAPS2,ENSMUSG00000035694,Caps2,ortholog_one2one
ENSG00000140829,DHX38,ENSMUSG00000037993,Dhx38,ortholog_one2one
ENSG00000122565,CBX3,ENSMUSG00000029836,Cbx3,ortholog_one2one
ENSG00000061938,TNK2,ENSMUSG00000022791,Tnk2,ortholog_one2one
ENSG00000165434,PGM2L1,ENSMUSG00000030729,Pgm2l1,ortholog_one2one
ENSG00000119865,CNRIP1,ENSMUSG00000044629,Cnrip1,ortholog_one2one
ENSG00000170745,KCNS3,ENSMUSG00000043673,Kcns3,ortholog_one2one
ENSG00000110080,ST3GAL4,ENSMUSG00000032038,St3gal4,ortholog_one2one
ENSG00000178623,GPR35,ENSMUSG00000026271,Gpr35,ortholog_one2one
ENSG00000155849,ELMO1,ENSMUSG00000041112,Elmo1,ortholog_one2one
ENSG00000152102,FAM168B,ENSMUSG00000037503,Fam168b,ortholog_one2one
ENSG00000103264,FBXO31,ENSMUSG00000052934,Fbxo31,ortholog_one2one
ENSG00000120837,NFYB,ENSMUSG00000020248,Nfyb,ortholog_one2one
ENSG00000196296,ATP2A1,ENSMUSG00000030730,Atp2a1,ortholog_one2one
ENSG00000177119,ANO6,ENSMUSG00000064210,Ano6,ortholog_one2one
ENSG00000180398,MCFD2,ENSMUSG00000024150,Mcfd2,ortholog_one2one
ENSG00000114648,KLHL18,ENSMUSG00000054792,Klhl18,ortholog_one2one
ENSG00000088727,KIF9,ENSMUSG00000032489,Kif9,ortholog_one2one
ENSG00000072135,PTPN18,ENSMUSG00000026126,Ptpn18,ortholog_one2one
ENSG00000120833,SOCS2,ENSMUSG00000020027,Socs2,ortholog_one2one
ENSG00000140795,MYLK3,ENSMUSG00000031698,Mylk3,ortholog_one2one
ENSG00000186908,ZDHHC17,ENSMUSG00000035798,Zdhhc17,ortholog_one2one
ENSG00000177548,RABEP2,ENSMUSG00000030727,Rabep2,ortholog_one2one
ENSG00000184988,TMEM106A,ENSMUSG00000034947,Tmem106a,ortholog_one2one
ENSG00000163320,CGGBP1,ENSMUSG00000054604,Cggbp1,ortholog_one2one
ENSG00000152683,SLC30A6,ENSMUSG00000024069,Slc30a6,ortholog_one2one
ENSG00000006831,ADIPOR2,ENSMUSG00000030168,Adipor2,ortholog_one2one
ENSG00000240303,ACAD11,ENSMUSG00000090150,Acad11,ortholog_one2one
ENSG00000141736,ERBB2,ENSMUSG00000062312,Erbb2,ortholog_one2one
ENSG00000103528,SYT17,ENSMUSG00000058420,Syt17,ortholog_one2one
ENSG00000115307,AUP1,ENSMUSG00000068328,Aup1,ortholog_one2one
ENSG00000103253,HAGHL,ENSMUSG00000061046,Haghl,ortholog_one2one
ENSG00000171681,ATF7IP,ENSMUSG00000030213,Atf7ip,ortholog_one2one
ENSG00000153560,UBP1,ENSMUSG00000009741,Ubp1,ortholog_one2one
ENSG00000103249,CLCN7,ENSMUSG00000036636,Clcn7,ortholog_one2one
ENSG00000144381,HSPD1,ENSMUSG00000025980,Hspd1,ortholog_one2one
ENSG00000136059,VILL,ENSMUSG00000038775,Vill,ortholog_one2one
ENSG00000111186,WNT5B,ENSMUSG00000030170,Wnt5b,ortholog_one2one
ENSG00000070540,WIPI1,ENSMUSG00000041895,Wipi1,ortholog_one2one
ENSG00000111540,RAB5B,ENSMUSG00000000711,Rab5b,ortholog_one2one
ENSG00000136297,MMD2,ENSMUSG00000039533,Mmd2,ortholog_one2one
ENSG00000135272,MDFIC,ENSMUSG00000041390,Mdfic,ortholog_one2one
ENSG00000136235,GPNMB,ENSMUSG00000029816,Gpnmb,ortholog_one2one
ENSG00000111667,USP5,ENSMUSG00000038429,Usp5,ortholog_one2one
ENSG00000161594,KLHL10,ENSMUSG00000001558,Klhl10,ortholog_one2one
ENSG00000163710,PCOLCE2,ENSMUSG00000015354,Pcolce2,ortholog_one2one
ENSG00000159111,MRPL10,ENSMUSG00000001445,Mrpl10,ortholog_one2one
ENSG00000170412,GPRC5C,ENSMUSG00000051043,Gprc5c,ortholog_one2one
ENSG00000184432,COPB2,ENSMUSG00000032458,Copb2,ortholog_one2one
ENSG00000152147,GEMIN6,ENSMUSG00000055760,Gemin6,ortholog_one2one
ENSG00000136451,VEZF1,ENSMUSG00000018377,Vezf1,ortholog_one2one
ENSG00000049323,LTBP1,ENSMUSG00000001870,Ltbp1,ortholog_one2one
ENSG00000164654,MIOS,ENSMUSG00000042447,Mios,ortholog_one2one
ENSG00000177731,FLII,ENSMUSG00000002812,Flii,ortholog_one2one
ENSG00000213853,EMP2,ENSMUSG00000022505,Emp2,ortholog_one2one
ENSG00000175110,MRPS22,ENSMUSG00000032459,Mrps22,ortholog_one2one
ENSG00000136244,IL6,ENSMUSG00000025746,Il6,ortholog_one2one
ENSG00000125170,DOK4,ENSMUSG00000040631,Dok4,ortholog_one2one
ENSG00000106628,POLD2,ENSMUSG00000020471,Pold2,ortholog_one2one
ENSG00000058866,DGKG,ENSMUSG00000022861,Dgkg,ortholog_one2one
ENSG00000111218,PRMT8,ENSMUSG00000030350,Prmt8,ortholog_one2one
ENSG00000137747,TMPRSS13,ENSMUSG00000037129,Tmprss13,ortholog_one2one
ENSG00000139641,ESYT1,ENSMUSG00000025366,Esyt1,ortholog_one2one
ENSG00000149084,HSD17B12,ENSMUSG00000027195,Hsd17b12,ortholog_one2one
ENSG00000174953,DHX36,ENSMUSG00000027770,Dhx36,ortholog_one2one
ENSG00000117475,BLZF1,ENSMUSG00000026577,Blzf1,ortholog_one2one
ENSG00000121900,TMEM54,ENSMUSG00000028786,Tmem54,ortholog_one2one
ENSG00000131626,PPFIA1,ENSMUSG00000037519,Ppfia1,ortholog_one2one
ENSG00000105865,DUS4L,ENSMUSG00000020648,Dus4l,ortholog_one2one
ENSG00000168264,IRF2BP2,ENSMUSG00000051495,Irf2bp2,ortholog_one2one
ENSG00000171492,LRRC8D,ENSMUSG00000046079,Lrrc8d,ortholog_one2one
ENSG00000174928,C3orf33,ENSMUSG00000048581,E130311K13Rik,ortholog_one2one
ENSG00000142632,ARHGEF19,ENSMUSG00000028919,Arhgef19,ortholog_one2one
ENSG00000106546,AHR,ENSMUSG00000019256,Ahr,ortholog_one2one
ENSG00000158163,DZIP1L,ENSMUSG00000037784,Dzip1l,ortholog_one2one
ENSG00000160752,FDPS,ENSMUSG00000059743,Fdps,ortholog_one2one
ENSG00000010327,STAB1,ENSMUSG00000042286,Stab1,ortholog_one2one
ENSG00000168878,SFTPB,ENSMUSG00000056370,Sftpb,ortholog_one2one
ENSG00000106538,RARRES2,ENSMUSG00000009281,Rarres2,ortholog_one2one
ENSG00000122970,IFT81,ENSMUSG00000029469,Ift81,ortholog_one2one
ENSG00000129173,E2F8,ENSMUSG00000046179,E2f8,ortholog_one2one
ENSG00000105948,IFT56,ENSMUSG00000056832,Ift56,ortholog_one2one
ENSG00000162520,SYNC,ENSMUSG00000001333,Sync,ortholog_one2one
ENSG00000109929,SC5D,ENSMUSG00000032018,Sc5d,ortholog_one2one
ENSG00000006042,TMEM98,ENSMUSG00000035413,Tmem98,ortholog_one2one
ENSG00000078369,GNB1,ENSMUSG00000029064,Gnb1,ortholog_one2one
ENSG00000151116,UEVLD,ENSMUSG00000043262,Uevld,ortholog_one2one
ENSG00000187715,KBTBD12,ENSMUSG00000033182,Kbtbd12,ortholog_one2one
ENSG00000111348,ARHGDIB,ENSMUSG00000030220,Arhgdib,ortholog_one2one
ENSG00000163820,FYCO1,ENSMUSG00000025241,Fyco1,ortholog_one2one
ENSG00000127995,CASD1,ENSMUSG00000015189,Casd1,ortholog_one2one
ENSG00000174106,LEMD3,ENSMUSG00000048661,Lemd3,ortholog_one2one
ENSG00000002919,SNX11,ENSMUSG00000020876,Snx11,ortholog_one2one
ENSG00000151090,THRB,ENSMUSG00000021779,Thrb,ortholog_one2one
ENSG00000156738,MS4A1,ENSMUSG00000024673,Ms4a1,ortholog_one2one
ENSG00000183735,TBK1,ENSMUSG00000020115,Tbk1,ortholog_one2one
ENSG00000105968,H2AZ2,ENSMUSG00000041126,H2az2,ortholog_one2one
ENSG00000167257,RNF214,ENSMUSG00000042790,Rnf214,ortholog_one2one
ENSG00000176170,SPHK1,ENSMUSG00000061878,Sphk1,ortholog_one2one
ENSG00000257923,CUX1,ENSMUSG00000029705,Cux1,ortholog_one2one
ENSG00000154229,PRKCA,ENSMUSG00000050965,Prkca,ortholog_one2one
ENSG00000135902,CHRND,ENSMUSG00000026251,Chrnd,ortholog_one2one
ENSG00000137501,SYTL2,ENSMUSG00000030616,Sytl2,ortholog_one2one
ENSG00000163482,STK36,ENSMUSG00000033276,Stk36,ortholog_one2one
ENSG00000141456,PELP1,ENSMUSG00000018921,Pelp1,ortholog_one2one
ENSG00000167778,SPRYD3,ENSMUSG00000036966,Spryd3,ortholog_one2one
ENSG00000013503,POLR3B,ENSMUSG00000034453,Polr3b,ortholog_one2one
ENSG00000198231,DDX42,ENSMUSG00000020705,Ddx42,ortholog_one2one
ENSG00000181072,CHRM2,ENSMUSG00000045613,Chrm2,ortholog_one2one
ENSG00000005471,ABCB4,ENSMUSG00000042476,Abcb4,ortholog_one2one
ENSG00000168268,NT5DC2,ENSMUSG00000071547,Nt5dc2,ortholog_one2one
ENSG00000123983,ACSL3,ENSMUSG00000032883,Acsl3,ortholog_one2one
ENSG00000108588,CCDC47,ENSMUSG00000078622,Ccdc47,ortholog_one2one
ENSG00000072041,SLC6A15,ENSMUSG00000019894,Slc6a15,ortholog_one2one
ENSG00000114316,USP4,ENSMUSG00000032612,Usp4,ortholog_one2one
ENSG00000110801,PSMD9,ENSMUSG00000029440,Psmd9,ortholog_one2one
ENSG00000127838,PNKD,ENSMUSG00000026179,Pnkd,ortholog_one2one
ENSG00000122965,RBM19,ENSMUSG00000029594,Rbm19,ortholog_one2one
ENSG00000133789,SWAP70,ENSMUSG00000031015,Swap70,ortholog_one2one
ENSG00000196975,ANXA4,ENSMUSG00000029994,Anxa4,ortholog_one2one
ENSG00000122678,POLM,ENSMUSG00000020474,Polm,ortholog_one2one
ENSG00000137491,SLCO2B1,ENSMUSG00000030737,Slco2b1,ortholog_one2one
ENSG00000167842,MIS12,ENSMUSG00000040599,Mis12,ortholog_one2one
ENSG00000132386,SERPINF1,ENSMUSG00000000753,Serpinf1,ortholog_one2one
ENSG00000116473,RAP1A,ENSMUSG00000068798,Rap1a,ortholog_one2one
ENSG00000139636,LMBR1L,ENSMUSG00000022999,Lmbr1l,ortholog_one2one
ENSG00000257057,C11orf97,ENSMUSG00000031927,1700012B09Rik,ortholog_one2one
ENSG00000110090,CPT1A,ENSMUSG00000024900,Cpt1a,ortholog_one2one
ENSG00000167711,SERPINF2,ENSMUSG00000038224,Serpinf2,ortholog_one2one
ENSG00000172031,EPHX4,ENSMUSG00000033805,Ephx4,ortholog_one2one
ENSG00000065183,WDR3,ENSMUSG00000033285,Wdr3,ortholog_one2one
ENSG00000184524,CEND1,ENSMUSG00000060240,Cend1,ortholog_one2one
ENSG00000148948,LRRC4C,ENSMUSG00000050587,Lrrc4c,ortholog_one2one
ENSG00000162241,SLC25A45,ENSMUSG00000024818,Slc25a45,ortholog_one2one
ENSG00000166226,CCT2,ENSMUSG00000034024,Cct2,ortholog_one2one
ENSG00000014914,MTMR11,ENSMUSG00000045934,Mtmr11,ortholog_one2one
ENSG00000135378,PRRG4,ENSMUSG00000027171,Prrg4,ortholog_one2one
ENSG00000068971,PPP2R5B,ENSMUSG00000024777,Ppp2r5b,ortholog_one2one
ENSG00000087087,SRRT,ENSMUSG00000037364,Srrt,ortholog_one2one
ENSG00000118873,RAB3GAP2,ENSMUSG00000039318,Rab3gap2,ortholog_one2one
ENSG00000171532,NEUROD2,ENSMUSG00000038255,Neurod2,ortholog_one2one
ENSG00000177425,PAWR,ENSMUSG00000035873,Pawr,ortholog_one2one
ENSG00000186407,CD300E,ENSMUSG00000048498,Cd300e,ortholog_one2one
ENSG00000109063,MYH3,ENSMUSG00000020908,Myh3,ortholog_one2one
ENSG00000130413,STK33,ENSMUSG00000031027,Stk33,ortholog_one2one
ENSG00000011465,DCN,ENSMUSG00000019929,Dcn,ortholog_one2one
ENSG00000172215,CXCR6,ENSMUSG00000048521,Cxcr6,ortholog_one2one
ENSG00000082781,ITGB5,ENSMUSG00000022817,Itgb5,ortholog_one2one
ENSG00000114923,SLC4A3,ENSMUSG00000006576,Slc4a3,ortholog_one2one
ENSG00000141378,PTRH2,ENSMUSG00000072582,Ptrh2,ortholog_one2one
ENSG00000185359,HGS,ENSMUSG00000025793,Hgs,ortholog_one2one
ENSG00000070019,GUCY2C,ENSMUSG00000042638,Gucy2c,ortholog_one2one
ENSG00000116918,TSNAX,ENSMUSG00000056820,Tsnax,ortholog_one2one
ENSG00000180891,CUEDC1,ENSMUSG00000018378,Cuedc1,ortholog_one2one
ENSG00000131374,TBC1D5,ENSMUSG00000023923,Tbc1d5,ortholog_one2one
ENSG00000143374,TARS2,ENSMUSG00000028107,Tars2,ortholog_one2one
ENSG00000072609,CHFR,ENSMUSG00000014668,Chfr,ortholog_one2one
ENSG00000006744,ELAC2,ENSMUSG00000020549,Elac2,ortholog_one2one
ENSG00000110315,RNF141,ENSMUSG00000030788,Rnf141,ortholog_one2one
ENSG00000182450,KCNK4,ENSMUSG00000024957,Kcnk4,ortholog_one2one
ENSG00000198130,HIBCH,ENSMUSG00000041426,Hibch,ortholog_one2one
ENSG00000174483,BBS1,ENSMUSG00000006464,Bbs1,ortholog_one2one
ENSG00000161036,LRWD1,ENSMUSG00000029703,Lrwd1,ortholog_one2one
ENSG00000106541,AGR2,ENSMUSG00000020581,Agr2,ortholog_one2one
ENSG00000114942,EEF1B2,ENSMUSG00000025967,Eef1b2,ortholog_one2one
ENSG00000106333,PCOLCE,ENSMUSG00000029718,Pcolce,ortholog_one2one
ENSG00000204084,INPP5B,ENSMUSG00000028894,Inpp5b,ortholog_one2one
ENSG00000135926,TMBIM1,ENSMUSG00000006301,Tmbim1,ortholog_one2one
ENSG00000123836,PFKFB2,ENSMUSG00000026409,Pfkfb2,ortholog_one2one
ENSG00000129083,COPB1,ENSMUSG00000030754,Copb1,ortholog_one2one
ENSG00000174697,LEP,ENSMUSG00000059201,Lep,ortholog_one2one
ENSG00000005981,ASB4,ENSMUSG00000042607,Asb4,ortholog_one2one
ENSG00000005249,PRKAR2B,ENSMUSG00000002997,Prkar2b,ortholog_one2one
ENSG00000141582,CBX4,ENSMUSG00000039989,Cbx4,ortholog_one2one
ENSG00000161381,PLXDC1,ENSMUSG00000017417,Plxdc1,ortholog_one2one
ENSG00000161040,FBXL13,ENSMUSG00000048520,Fbxl13,ortholog_one2one
ENSG00000106460,TMEM106B,ENSMUSG00000029571,Tmem106b,ortholog_one2one
ENSG00000173226,IQCB1,ENSMUSG00000022837,Iqcb1,ortholog_one2one
ENSG00000005156,LIG3,ENSMUSG00000020697,Lig3,ortholog_one2one
ENSG00000081760,AACS,ENSMUSG00000029482,Aacs,ortholog_one2one
ENSG00000198839,ZNF277,ENSMUSG00000055917,Zfp277,ortholog_one2one
ENSG00000154342,WNT3A,ENSMUSG00000009900,Wnt3a,ortholog_one2one
ENSG00000067704,IARS2,ENSMUSG00000026618,Iars2,ortholog_one2one
ENSG00000197093,GAL3ST4,ENSMUSG00000075593,Gal3st4,ortholog_one2one
ENSG00000136247,ZDHHC4,ENSMUSG00000001844,Zdhhc4,ortholog_one2one
ENSG00000115216,NRBP1,ENSMUSG00000029148,Nrbp1,ortholog_one2one
ENSG00000137497,NUMA1,ENSMUSG00000066306,Numa1,ortholog_one2one
ENSG00000224982,TMEM233,ENSMUSG00000079278,Tmem233,ortholog_one2one
ENSG00000174989,FBXW8,ENSMUSG00000032867,Fbxw8,ortholog_one2one
ENSG00000131375,CAPN7,ENSMUSG00000021893,Capn7,ortholog_one2one
ENSG00000155363,MOV10,ENSMUSG00000002227,Mov10,ortholog_one2one
ENSG00000154025,SLC5A10,ENSMUSG00000042371,Slc5a10,ortholog_one2one
ENSG00000111602,TIMELESS,ENSMUSG00000039994,Timeless,ortholog_one2one
ENSG00000161048,NAPEPLD,ENSMUSG00000044968,Napepld,ortholog_one2one
ENSG00000087191,PSMC5,ENSMUSG00000020708,Psmc5,ortholog_one2one
ENSG00000172053,QARS1,ENSMUSG00000032604,Qars1,ortholog_one2one
ENSG00000176428,VPS37D,ENSMUSG00000043614,Vps37d,ortholog_one2one
ENSG00000128606,LRRC17,ENSMUSG00000039883,Lrrc17,ortholog_one2one
ENSG00000160813,PPP1R35,ENSMUSG00000029725,Ppp1r35,ortholog_one2one
ENSG00000129103,SUMF2,ENSMUSG00000025538,Sumf2,ortholog_one2one
ENSG00000079785,DDX1,ENSMUSG00000037149,Ddx1,ortholog_one2one
ENSG00000108443,RPS6KB1,ENSMUSG00000020516,Rps6kb1,ortholog_one2one
ENSG00000011105,TSPAN9,ENSMUSG00000030352,Tspan9,ortholog_one2one
ENSG00000136238,RAC1,ENSMUSG00000001847,Rac1,ortholog_one2one
ENSG00000151065,DCP1B,ENSMUSG00000041477,Dcp1b,ortholog_one2one
ENSG00000088035,ALG6,ENSMUSG00000073792,Alg6,ortholog_one2one
ENSG00000141503,MINK1,ENSMUSG00000020827,Mink1,ortholog_one2one
ENSG00000130779,CLIP1,ENSMUSG00000049550,Clip1,ortholog_one2one
ENSG00000106246,PTCD1,ENSMUSG00000029624,Ptcd1,ortholog_one2one
ENSG00000142700,DMRTA2,ENSMUSG00000047143,Dmrta2,ortholog_one2one
ENSG00000198483,ANKRD35,ENSMUSG00000038354,Ankrd35,ortholog_one2one
ENSG00000170632,ARMC10,ENSMUSG00000038525,Armc10,ortholog_one2one
ENSG00000164011,ZNF691,ENSMUSG00000045268,Zfp691,ortholog_one2one
ENSG00000137992,DBT,ENSMUSG00000000340,Dbt,ortholog_one2one
ENSG00000157184,CPT2,ENSMUSG00000028607,Cpt2,ortholog_one2one
ENSG00000055917,PUM2,ENSMUSG00000020594,Pum2,ortholog_one2one
ENSG00000172380,GNG12,ENSMUSG00000036402,Gng12,ortholog_one2one
ENSG00000172354,GNB2,ENSMUSG00000029713,Gnb2,ortholog_one2one
ENSG00000203666,EFCAB2,ENSMUSG00000026495,Efcab2,ortholog_one2one
ENSG00000143502,SUSD4,ENSMUSG00000038576,Susd4,ortholog_one2one
ENSG00000133065,SLC41A1,ENSMUSG00000013275,Slc41a1,ortholog_one2one
ENSG00000164776,PHKG1,ENSMUSG00000025537,Phkg1,ortholog_one2one
ENSG00000184575,XPOT,ENSMUSG00000034667,Xpot,ortholog_one2one
ENSG00000163870,TPRA1,ENSMUSG00000002871,Tpra1,ortholog_one2one
ENSG00000154114,TBCEL,ENSMUSG00000037287,Tbcel,ortholog_one2one
ENSG00000106245,BUD31,ENSMUSG00000038722,Bud31,ortholog_one2one
ENSG00000108582,CPD,ENSMUSG00000020841,Cpd,ortholog_one2one
ENSG00000087077,TRIP6,ENSMUSG00000023348,Trip6,ortholog_one2one
ENSG00000171680,PLEKHG5,ENSMUSG00000039713,Plekhg5,ortholog_one2one
ENSG00000134574,DDB2,ENSMUSG00000002109,Ddb2,ortholog_one2one
ENSG00000170037,CNTROB,ENSMUSG00000032782,Cntrob,ortholog_one2one
ENSG00000179295,PTPN11,ENSMUSG00000043733,Ptpn11,ortholog_one2one
ENSG00000172500,FIBP,ENSMUSG00000024911,Fibp,ortholog_one2one
ENSG00000008277,ADAM22,ENSMUSG00000040537,Adam22,ortholog_one2one
ENSG00000108406,DHX40,ENSMUSG00000018425,Dhx40,ortholog_one2one
ENSG00000186815,TPCN1,ENSMUSG00000032741,Tpcn1,ortholog_one2one
ENSG00000168496,FEN1,ENSMUSG00000024742,Fen1,ortholog_one2one
ENSG00000184154,LRRC51,ENSMUSG00000064307,Lrrc51,ortholog_one2one
ENSG00000159314,ARHGAP27,ENSMUSG00000034255,Arhgap27,ortholog_one2one
ENSG00000068976,PYGM,ENSMUSG00000032648,Pygm,ortholog_one2one
ENSG00000166352,IFTAP,ENSMUSG00000027165,Iftap,ortholog_one2one
ENSG00000170011,MYRIP,ENSMUSG00000041794,Myrip,ortholog_one2one
ENSG00000123473,STIL,ENSMUSG00000028718,Stil,ortholog_one2one
ENSG00000149150,SLC43A1,ENSMUSG00000027075,Slc43a1,ortholog_one2one
ENSG00000087152,ATXN7L3,ENSMUSG00000059995,Atxn7l3,ortholog_one2one
ENSG00000004838,ZMYND10,ENSMUSG00000010044,Zmynd10,ortholog_one2one
ENSG00000108551,RASD1,ENSMUSG00000049892,Rasd1,ortholog_one2one
ENSG00000114388,NPRL2,ENSMUSG00000010057,Nprl2,ortholog_one2one
ENSG00000116005,PCYOX1,ENSMUSG00000029998,Pcyox1,ortholog_one2one
ENSG00000108312,UBTF,ENSMUSG00000020923,Ubtf,ortholog_one2one
ENSG00000198380,GFPT1,ENSMUSG00000029992,Gfpt1,ortholog_one2one
ENSG00000173402,DAG1,ENSMUSG00000039952,Dag1,ortholog_one2one
ENSG00000135451,TROAP,ENSMUSG00000032783,Troap,ortholog_one2one
ENSG00000085117,CD82,ENSMUSG00000027215,Cd82,ortholog_one2one
ENSG00000122068,FYTTD1,ENSMUSG00000022800,Fyttd1,ortholog_one2one
ENSG00000157214,STEAP2,ENSMUSG00000015653,Steap2,ortholog_one2one
ENSG00000085998,POMGNT1,ENSMUSG00000028700,Pomgnt1,ortholog_one2one
ENSG00000163939,PBRM1,ENSMUSG00000042323,Pbrm1,ortholog_one2one
ENSG00000174600,CMKLR1,ENSMUSG00000042190,Cmklr1,ortholog_one2one
ENSG00000128641,MYO1B,ENSMUSG00000018417,Myo1b,ortholog_one2one
ENSG00000257727,CNPY2,ENSMUSG00000025381,Cnpy2,ortholog_one2one
ENSG00000205060,SLC35B4,ENSMUSG00000018999,Slc35b4,ortholog_one2one
ENSG00000065883,CDK13,ENSMUSG00000041297,Cdk13,ortholog_one2one
ENSG00000090263,MRPS33,ENSMUSG00000029918,Mrps33,ortholog_one2one
ENSG00000133805,AMPD3,ENSMUSG00000005686,Ampd3,ortholog_one2one
ENSG00000106261,ZKSCAN1,ENSMUSG00000029729,Zkscan1,ortholog_one2one
ENSG00000178234,GALNT11,ENSMUSG00000038072,Galnt11,ortholog_one2one
ENSG00000173442,EHBP1L1,ENSMUSG00000024937,Ehbp1l1,ortholog_one2one
ENSG00000196091,MYBPC1,ENSMUSG00000020061,Mybpc1,ortholog_one2one
ENSG00000144749,LRIG1,ENSMUSG00000030029,Lrig1,ortholog_one2one
ENSG00000155380,SLC16A1,ENSMUSG00000032902,Slc16a1,ortholog_one2one
ENSG00000248746,ACTN3,ENSMUSG00000006457,Actn3,ortholog_one2one
ENSG00000085491,SLC25A24,ENSMUSG00000040322,Slc25a24,ortholog_one2one
ENSG00000121671,CRY2,ENSMUSG00000068742,Cry2,ortholog_one2one
ENSG00000116747,RO60,ENSMUSG00000018199,Ro60,ortholog_one2one
ENSG00000176532,PRR15,ENSMUSG00000045725,Prr15,ortholog_one2one
ENSG00000164885,CDK5,ENSMUSG00000028969,Cdk5,ortholog_one2one
ENSG00000175591,P2RY2,ENSMUSG00000032860,P2ry2,ortholog_one2one
ENSG00000108819,PPP1R9B,ENSMUSG00000038976,Ppp1r9b,ortholog_one2one
ENSG00000106351,AGFG2,ENSMUSG00000029722,Agfg2,ortholog_one2one
ENSG00000196169,KIF19,ENSMUSG00000010021,Kif19a,ortholog_one2one
ENSG00000011347,SYT7,ENSMUSG00000024743,Syt7,ortholog_one2one
ENSG00000088280,ASAP3,ENSMUSG00000036995,Asap3,ortholog_one2one
ENSG00000072274,TFRC,ENSMUSG00000022797,Tfrc,ortholog_one2one
ENSG00000002822,MAD1L1,ENSMUSG00000029554,Mad1l1,ortholog_one2one
ENSG00000165915,SLC39A13,ENSMUSG00000002105,Slc39a13,ortholog_one2one
ENSG00000159650,UROC1,ENSMUSG00000034456,Uroc1,ortholog_one2one
ENSG00000143324,XPR1,ENSMUSG00000026469,Xpr1,ortholog_one2one
ENSG00000163406,SLC15A2,ENSMUSG00000022899,Slc15a2,ortholog_one2one
ENSG00000132383,RPA1,ENSMUSG00000000751,Rpa1,ortholog_one2one
ENSG00000175216,CKAP5,ENSMUSG00000040549,Ckap5,ortholog_one2one
ENSG00000067208,EVI5,ENSMUSG00000011831,Evi5,ortholog_one2one
ENSG00000001631,KRIT1,ENSMUSG00000000600,Krit1,ortholog_one2one
ENSG00000144061,NPHP1,ENSMUSG00000027378,Nphp1,ortholog_one2one
ENSG00000075785,RAB7A,ENSMUSG00000079477,Rab7,ortholog_one2one
ENSG00000171595,DNAI2,ENSMUSG00000034706,Dnai2,ortholog_one2one
ENSG00000121903,ZSCAN20,ENSMUSG00000061894,Zscan20,ortholog_one2one
ENSG00000163517,HDAC11,ENSMUSG00000034245,Hdac11,ortholog_one2one
ENSG00000143437,ARNT,ENSMUSG00000015522,Arnt,ortholog_one2one
ENSG00000154803,FLCN,ENSMUSG00000032633,Flcn,ortholog_one2one
ENSG00000138443,ABI2,ENSMUSG00000026782,Abi2,ortholog_one2one
ENSG00000065320,NTN1,ENSMUSG00000020902,Ntn1,ortholog_one2one
ENSG00000183034,OTOP2,ENSMUSG00000050201,Otop2,ortholog_one2one
ENSG00000163584,RPL22L1,ENSMUSG00000039221,Rpl22l1,ortholog_one2one
ENSG00000168517,HEXIM2,ENSMUSG00000043372,Hexim2,ortholog_one2one
ENSG00000008283,CYB561,ENSMUSG00000019590,Cyb561,ortholog_one2one
ENSG00000106178,CCL24,ENSMUSG00000004814,Ccl24,ortholog_one2one
ENSG00000161526,SAP30BP,ENSMUSG00000020755,Sap30bp,ortholog_one2one
ENSG00000132436,FIGNL1,ENSMUSG00000035455,Fignl1,ortholog_one2one
ENSG00000161328,LRRC56,ENSMUSG00000038637,Lrrc56,ortholog_one2one
ENSG00000075303,SLC25A40,ENSMUSG00000054099,Slc25a40,ortholog_one2one
ENSG00000183763,TRAIP,ENSMUSG00000032586,Traip,ortholog_one2one
ENSG00000167987,VPS37C,ENSMUSG00000048832,Vps37c,ortholog_one2one
ENSG00000213445,SIPA1,ENSMUSG00000056917,Sipa1,ortholog_one2one
ENSG00000136273,HUS1,ENSMUSG00000020413,Hus1,ortholog_one2one
ENSG00000108506,INTS2,ENSMUSG00000018068,Ints2,ortholog_one2one
ENSG00000081307,UBA5,ENSMUSG00000032557,Uba5,ortholog_one2one
ENSG00000115548,KDM3A,ENSMUSG00000053470,Kdm3a,ortholog_one2one
ENSG00000135249,RINT1,ENSMUSG00000028999,Rint1,ortholog_one2one
ENSG00000136279,DBNL,ENSMUSG00000020476,Dbnl,ortholog_one2one
ENSG00000108773,KAT2A,ENSMUSG00000020918,Kat2a,ortholog_one2one
ENSG00000197601,FAR1,ENSMUSG00000030759,Far1,ortholog_one2one
ENSG00000131788,PIAS3,ENSMUSG00000028101,Pias3,ortholog_one2one
ENSG00000135363,LMO2,ENSMUSG00000032698,Lmo2,ortholog_one2one
ENSG00000111790,FGFR1OP2,ENSMUSG00000040242,Fgfr1op2,ortholog_one2one
ENSG00000026508,CD44,ENSMUSG00000005087,Cd44,ortholog_one2one
ENSG00000134108,ARL8B,ENSMUSG00000030105,Arl8b,ortholog_one2one
ENSG00000049239,H6PD,ENSMUSG00000028980,H6pd,ortholog_one2one
ENSG00000108784,NAGLU,ENSMUSG00000001751,Naglu,ortholog_one2one
ENSG00000068885,IFT80,ENSMUSG00000027778,Ift80,ortholog_one2one
ENSG00000018699,TTC27,ENSMUSG00000024078,Ttc27,ortholog_one2one
ENSG00000177628,GBA1,ENSMUSG00000028048,Gba1,ortholog_one2one
ENSG00000187778,MCRS1,ENSMUSG00000037570,Mcrs1,ortholog_one2one
ENSG00000146872,TLK2,ENSMUSG00000020694,Tlk2,ortholog_one2one
ENSG00000138411,HECW2,ENSMUSG00000042807,Hecw2,ortholog_one2one
ENSG00000121858,TNFSF10,ENSMUSG00000039304,Tnfsf10,ortholog_one2one
ENSG00000011198,ABHD5,ENSMUSG00000032540,Abhd5,ortholog_one2one
ENSG00000133019,CHRM3,ENSMUSG00000046159,Chrm3,ortholog_one2one
ENSG00000213672,NCKIPSD,ENSMUSG00000032598,Nckipsd,ortholog_one2one
ENSG00000169902,TPST1,ENSMUSG00000034118,Tpst1,ortholog_one2one
ENSG00000117691,NENF,ENSMUSG00000037499,Nenf,ortholog_one2one
ENSG00000138375,SMARCAL1,ENSMUSG00000039354,Smarcal1,ortholog_one2one
ENSG00000186364,NUDT17,ENSMUSG00000028100,Nudt17,ortholog_one2one
ENSG00000135838,NPL,ENSMUSG00000042684,Npl,ortholog_one2one
ENSG00000086300,SNX10,ENSMUSG00000038301,Snx10,ortholog_one2one
ENSG00000153237,CCDC148,ENSMUSG00000036641,Ccdc148,ortholog_one2one
ENSG00000163655,GMPS,ENSMUSG00000027823,Gmps,ortholog_one2one
ENSG00000119004,CYP20A1,ENSMUSG00000049439,Cyp20a1,ortholog_one2one
ENSG00000136267,DGKB,ENSMUSG00000036095,Dgkb,ortholog_one2one
ENSG00000135829,DHX9,ENSMUSG00000042699,Dhx9,ortholog_one2one
ENSG00000169064,ZBBX,ENSMUSG00000034151,Zbbx,ortholog_one2one
ENSG00000160917,CPSF4,ENSMUSG00000029625,Cpsf4,ortholog_one2one
ENSG00000196950,SLC39A10,ENSMUSG00000025986,Slc39a10,ortholog_one2one
ENSG00000114107,CEP70,ENSMUSG00000056267,Cep70,ortholog_one2one
ENSG00000197273,GUCA2A,ENSMUSG00000023247,Guca2a,ortholog_one2one
ENSG00000167183,PRR15L,ENSMUSG00000047040,Prr15l,ortholog_one2one
ENSG00000106588,PSMA2,ENSMUSG00000015671,Psma2,ortholog_one2one
ENSG00000070785,EIF2B3,ENSMUSG00000028683,Eif2b3,ortholog_one2one
ENSG00000239704,CDRT4,ENSMUSG00000042200,Cdrt4,ortholog_one2one
ENSG00000067191,CACNB1,ENSMUSG00000020882,Cacnb1,ortholog_one2one
ENSG00000132128,LRRC41,ENSMUSG00000028703,Lrrc41,ortholog_one2one
ENSG00000135241,PNPLA8,ENSMUSG00000036257,Pnpla8,ortholog_one2one
ENSG00000131778,CHD1L,ENSMUSG00000028089,Chd1l,ortholog_one2one
ENSG00000151689,INPP1,ENSMUSG00000026102,Inpp1,ortholog_one2one
ENSG00000108821,COL1A1,ENSMUSG00000001506,Col1a1,ortholog_one2one
ENSG00000120756,PLS1,ENSMUSG00000049493,Pls1,ortholog_one2one
ENSG00000136270,TBRG4,ENSMUSG00000000384,Tbrg4,ortholog_one2one
ENSG00000144524,COPS7B,ENSMUSG00000026240,Cops7b,ortholog_one2one
ENSG00000138356,AOX1,ENSMUSG00000063558,Aox1,ortholog_one2one
ENSG00000134333,LDHA,ENSMUSG00000063229,Ldha,ortholog_one2one
ENSG00000276234,TADA2A,ENSMUSG00000018651,Tada2a,ortholog_one2one
ENSG00000198909,MAP3K3,ENSMUSG00000020700,Map3k3,ortholog_one2one
ENSG00000157778,PSMG3,ENSMUSG00000029551,Psmg3,ortholog_one2one
ENSG00000116095,PLEKHA3,ENSMUSG00000002733,Plekha3,ortholog_one2one
ENSG00000006576,PHTF2,ENSMUSG00000039987,Phtf2,ortholog_one2one
ENSG00000119801,YPEL5,ENSMUSG00000039770,Ypel5,ortholog_one2one
ENSG00000162692,VCAM1,ENSMUSG00000027962,Vcam1,ortholog_one2one
ENSG00000198382,UVRAG,ENSMUSG00000035354,Uvrag,ortholog_one2one
ENSG00000177463,NR2C2,ENSMUSG00000005893,Nr2c2,ortholog_one2one
ENSG00000152332,UHMK1,ENSMUSG00000026667,Uhmk1,ortholog_one2one
ENSG00000182963,GJC1,ENSMUSG00000034520,Gjc1,ortholog_one2one
ENSG00000109046,WSB1,ENSMUSG00000017677,Wsb1,ortholog_one2one
ENSG00000057935,MTA3,ENSMUSG00000055817,Mta3,ortholog_one2one
ENSG00000158714,SLAMF8,ENSMUSG00000053318,Slamf8,ortholog_one2one
ENSG00000117525,F3,ENSMUSG00000028128,F3,ortholog_one2one
ENSG00000117139,KDM5B,ENSMUSG00000042207,Kdm5b,ortholog_one2one
ENSG00000185670,ZBTB3,ENSMUSG00000071661,Zbtb3,ortholog_one2one
ENSG00000176697,BDNF,ENSMUSG00000048482,Bdnf,ortholog_one2one
ENSG00000163933,RFT1,ENSMUSG00000052395,Rft1,ortholog_one2one
ENSG00000152558,TMEM123,ENSMUSG00000050912,Tmem123,ortholog_one2one
ENSG00000167333,TRIM68,ENSMUSG00000073968,Trim68,ortholog_one2one
ENSG00000171302,CANT1,ENSMUSG00000025575,Cant1,ortholog_one2one
ENSG00000221968,FADS3,ENSMUSG00000024664,Fads3,ortholog_one2one
ENSG00000114861,FOXP1,ENSMUSG00000030067,Foxp1,ortholog_one2one
ENSG00000068724,TTC7A,ENSMUSG00000036918,Ttc7,ortholog_one2one
ENSG00000070669,ASNS,ENSMUSG00000029752,Asns,ortholog_one2one
ENSG00000233670,PIRT,ENSMUSG00000048070,Pirt,ortholog_one2one
ENSG00000129219,PLD2,ENSMUSG00000020828,Pld2,ortholog_one2one
ENSG00000052841,TTC17,ENSMUSG00000027194,Ttc17,ortholog_one2one
ENSG00000135211,TMEM60,ENSMUSG00000045435,Tmem60,ortholog_one2one
ENSG00000106344,RBM28,ENSMUSG00000029701,Rbm28,ortholog_one2one
ENSG00000131242,RAB11FIP4,ENSMUSG00000017639,Rab11fip4,ortholog_one2one
ENSG00000084234,APLP2,ENSMUSG00000031996,Aplp2,ortholog_one2one
ENSG00000048405,ZNF800,ENSMUSG00000039841,Zfp800,ortholog_one2one
ENSG00000141198,TOM1L1,ENSMUSG00000020541,Tom1l1,ortholog_one2one
ENSG00000146859,TMEM140,ENSMUSG00000057137,Tmem140,ortholog_one2one
ENSG00000197448,GSTK1,ENSMUSG00000029864,Gstk1,ortholog_one2one
ENSG00000176407,KCMF1,ENSMUSG00000055239,Kcmf1,ortholog_one2one
ENSG00000075426,FOSL2,ENSMUSG00000029135,Fosl2,ortholog_one2one
ENSG00000115459,ELMOD3,ENSMUSG00000056698,Elmod3,ortholog_one2one
ENSG00000126107,HECTD3,ENSMUSG00000046861,Hectd3,ortholog_one2one
ENSG00000146926,ASB10,ENSMUSG00000038204,Asb10,ortholog_one2one
ENSG00000106025,TSPAN12,ENSMUSG00000029669,Tspan12,ortholog_one2one
ENSG00000010803,SCMH1,ENSMUSG00000000085,Scmh1,ortholog_one2one
ENSG00000146733,PSPH,ENSMUSG00000029446,Psph,ortholog_one2one
ENSG00000121057,AKAP1,ENSMUSG00000018428,Akap1,ortholog_one2one
ENSG00000162461,SLC25A34,ENSMUSG00000040740,Slc25a34,ortholog_one2one
ENSG00000019144,PHLDB1,ENSMUSG00000048537,Phldb1,ortholog_one2one
ENSG00000141499,WRAP53,ENSMUSG00000041346,Wrap53,ortholog_one2one
ENSG00000076864,RAP1GAP,ENSMUSG00000041351,Rap1gap,ortholog_one2one
ENSG00000105835,NAMPT,ENSMUSG00000020572,Nampt,ortholog_one2one
ENSG00000085760,MTIF2,ENSMUSG00000020459,Mtif2,ortholog_one2one
ENSG00000166260,COX11,ENSMUSG00000020544,Cox11,ortholog_one2one
ENSG00000132481,TRIM47,ENSMUSG00000020773,Trim47,ortholog_one2one
ENSG00000175826,CTDNEP1,ENSMUSG00000018559,Ctdnep1,ortholog_one2one
ENSG00000070882,OSBPL3,ENSMUSG00000029822,Osbpl3,ortholog_one2one
ENSG00000108395,TRIM37,ENSMUSG00000018548,Trim37,ortholog_one2one
ENSG00000163171,CDC42EP3,ENSMUSG00000036533,Cdc42ep3,ortholog_one2one
ENSG00000072163,LIMS2,ENSMUSG00000024395,Lims2,ortholog_one2one
ENSG00000197548,ATG7,ENSMUSG00000030314,Atg7,ortholog_one2one
ENSG00000136295,TTYH3,ENSMUSG00000036565,Ttyh3,ortholog_one2one
ENSG00000163833,FBXO40,ENSMUSG00000047746,Fbxo40,ortholog_one2one
ENSG00000163611,SPICE1,ENSMUSG00000043065,Spice1,ortholog_one2one
ENSG00000106608,URGCP,ENSMUSG00000049680,Urgcp,ortholog_one2one
ENSG00000158528,PPP1R9A,ENSMUSG00000032827,Ppp1r9a,ortholog_one2one
ENSG00000168036,CTNNB1,ENSMUSG00000006932,Ctnnb1,ortholog_one2one
ENSG00000152256,PDK1,ENSMUSG00000006494,Pdk1,ortholog_one2one
ENSG00000149403,GRIK4,ENSMUSG00000032017,Grik4,ortholog_one2one
ENSG00000121068,TBX2,ENSMUSG00000000093,Tbx2,ortholog_one2one
ENSG00000131748,STARD3,ENSMUSG00000018167,Stard3,ortholog_one2one
ENSG00000153093,ACOXL,ENSMUSG00000027380,Acoxl,ortholog_one2one
ENSG00000106554,CHCHD3,ENSMUSG00000053768,Chchd3,ortholog_one2one
ENSG00000158517,NCF1,ENSMUSG00000015950,Ncf1,ortholog_one2one
ENSG00000173511,VEGFB,ENSMUSG00000024962,Vegfb,ortholog_one2one
ENSG00000127954,STEAP4,ENSMUSG00000012428,Steap4,ortholog_one2one
ENSG00000160999,SH2B2,ENSMUSG00000005057,Sh2b2,ortholog_one2one
ENSG00000214517,PPME1,ENSMUSG00000030718,Ppme1,ortholog_one2one
ENSG00000122779,TRIM24,ENSMUSG00000029833,Trim24,ortholog_one2one
ENSG00000174791,RIN1,ENSMUSG00000024883,Rin1,ortholog_one2one
ENSG00000278053,DDX52,ENSMUSG00000020677,Ddx52,ortholog_one2one
ENSG00000175220,ARHGAP1,ENSMUSG00000027247,Arhgap1,ortholog_one2one
ENSG00000108622,ICAM2,ENSMUSG00000001029,Icam2,ortholog_one2one
ENSG00000122642,FKBP9,ENSMUSG00000029781,Fkbp9,ortholog_one2one
ENSG00000115207,GTF3C2,ENSMUSG00000106864,Gtf3c2,ortholog_one2one
ENSG00000205339,IPO7,ENSMUSG00000066232,Ipo7,ortholog_one2one
ENSG00000128564,VGF,ENSMUSG00000037428,Vgf,ortholog_one2one
ENSG00000106290,TAF6,ENSMUSG00000036980,Taf6,ortholog_one2one
ENSG00000165916,PSMC3,ENSMUSG00000002102,Psmc3,ortholog_one2one
ENSG00000114805,PLCH1,ENSMUSG00000036834,Plch1,ortholog_one2one
ENSG00000144230,GPR17,ENSMUSG00000052229,Gpr17,ortholog_one2one
ENSG00000115461,IGFBP5,ENSMUSG00000026185,Igfbp5,ortholog_one2one
ENSG00000171055,FEZ2,ENSMUSG00000056121,Fez2,ortholog_one2one
ENSG00000005243,COPZ2,ENSMUSG00000018672,Copz2,ortholog_one2one
ENSG00000177830,CHID1,ENSMUSG00000025512,Chid1,ortholog_one2one
ENSG00000151779,NBAS,ENSMUSG00000020576,Nbas,ortholog_one2one
ENSG00000188176,SMTNL2,ENSMUSG00000045667,Smtnl2,ortholog_one2one
ENSG00000118007,STAG1,ENSMUSG00000037286,Stag1,ortholog_one2one
ENSG00000132522,GPS2,ENSMUSG00000023170,Gps2,ortholog_one2one
ENSG00000182134,TDRKH,ENSMUSG00000041912,Tdrkh,ortholog_one2one
ENSG00000128487,SPECC1,ENSMUSG00000042331,Specc1,ortholog_one2one
ENSG00000138363,ATIC,ENSMUSG00000026192,Atic,ortholog_one2one
ENSG00000167925,GHDC,ENSMUSG00000017747,Ghdc,ortholog_one2one
ENSG00000144619,CNTN4,ENSMUSG00000064293,Cntn4,ortholog_one2one
ENSG00000183077,AFMID,ENSMUSG00000017718,Afmid,ortholog_one2one
ENSG00000196652,ZKSCAN5,ENSMUSG00000055991,Zkscan5,ortholog_one2one
ENSG00000198836,OPA1,ENSMUSG00000038084,Opa1,ortholog_one2one
ENSG00000006468,ETV1,ENSMUSG00000004151,Etv1,ortholog_one2one
ENSG00000162231,NXF1,ENSMUSG00000010097,Nxf1,ortholog_one2one
ENSG00000092929,UNC13D,ENSMUSG00000057948,Unc13d,ortholog_one2one
ENSG00000138080,EMILIN1,ENSMUSG00000029163,Emilin1,ortholog_one2one
ENSG00000149043,SYT8,ENSMUSG00000031098,Syt8,ortholog_one2one
ENSG00000143774,GUK1,ENSMUSG00000020444,Guk1,ortholog_one2one
ENSG00000168530,MYL1,ENSMUSG00000061816,Myl1,ortholog_one2one
ENSG00000149809,TM7SF2,ENSMUSG00000024799,Tm7sf2,ortholog_one2one
ENSG00000162804,SNED1,ENSMUSG00000047793,Sned1,ortholog_one2one
ENSG00000160908,ZNF394,ENSMUSG00000029627,Zkscan14,ortholog_one2one
ENSG00000011143,MKS1,ENSMUSG00000034121,Mks1,ortholog_one2one
ENSG00000221838,AP4M1,ENSMUSG00000019518,Ap4m1,ortholog_one2one
ENSG00000177374,HIC1,ENSMUSG00000043099,Hic1,ortholog_one2one
ENSG00000108799,EZH1,ENSMUSG00000006920,Ezh1,ortholog_one2one
ENSG00000144161,ZC3H8,ENSMUSG00000027387,Zc3h8,ortholog_one2one
ENSG00000134780,DAGLA,ENSMUSG00000035735,Dagla,ortholog_one2one
ENSG00000121988,ZRANB3,ENSMUSG00000036086,Zranb3,ortholog_one2one
ENSG00000117543,DPH5,ENSMUSG00000033554,Dph5,ortholog_one2one
ENSG00000166927,MS4A7,ENSMUSG00000024672,Ms4a7,ortholog_one2one
ENSG00000183644,HOATZ,ENSMUSG00000032057,Hoatz,ortholog_one2one
ENSG00000149311,ATM,ENSMUSG00000034218,Atm,ortholog_one2one
ENSG00000141504,SAT2,ENSMUSG00000069835,Sat2,ortholog_one2one
ENSG00000135919,SERPINE2,ENSMUSG00000026249,Serpine2,ortholog_one2one
ENSG00000108671,PSMD11,ENSMUSG00000017428,Psmd11,ortholog_one2one
ENSG00000143028,SYPL2,ENSMUSG00000027887,Sypl2,ortholog_one2one
ENSG00000033050,ABCF2,ENSMUSG00000028953,Abcf2,ortholog_one2one
ENSG00000155366,RHOC,ENSMUSG00000002233,Rhoc,ortholog_one2one
ENSG00000125637,PSD4,ENSMUSG00000026979,Psd4,ortholog_one2one
ENSG00000110063,DCPS,ENSMUSG00000032040,Dcps,ortholog_one2one
ENSG00000162998,FRZB,ENSMUSG00000027004,Frzb,ortholog_one2one
ENSG00000133818,RRAS2,ENSMUSG00000055723,Rras2,ortholog_one2one
ENSG00000168542,COL3A1,ENSMUSG00000026043,Col3a1,ortholog_one2one
ENSG00000169193,CCDC126,ENSMUSG00000050786,Ccdc126,ortholog_one2one
ENSG00000172732,MUS81,ENSMUSG00000024906,Mus81,ortholog_one2one
ENSG00000132376,INPP5K,ENSMUSG00000006127,Inpp5k,ortholog_one2one
ENSG00000168071,CCDC88B,ENSMUSG00000047810,Ccdc88b,ortholog_one2one
ENSG00000153002,CPB1,ENSMUSG00000011463,Cpb1,ortholog_one2one
ENSG00000117595,IRF6,ENSMUSG00000026638,Irf6,ortholog_one2one
ENSG00000178035,IMPDH2,ENSMUSG00000062867,Impdh2,ortholog_one2one
ENSG00000166997,CNPY4,ENSMUSG00000036968,Cnpy4,ortholog_one2one
ENSG00000099849,RASSF7,ENSMUSG00000038618,Rassf7,ortholog_one2one
ENSG00000077080,ACTL6B,ENSMUSG00000029712,Actl6b,ortholog_one2one
ENSG00000116667,C1orf21,ENSMUSG00000032666,1700025G04Rik,ortholog_one2one
ENSG00000185507,IRF7,ENSMUSG00000025498,Irf7,ortholog_one2one
ENSG00000143248,RGS5,ENSMUSG00000026678,Rgs5,ortholog_one2one
ENSG00000169871,TRIM56,ENSMUSG00000043279,Trim56,ortholog_one2one
ENSG00000133561,GIMAP6,ENSMUSG00000047867,Gimap6,ortholog_one2one
ENSG00000086232,EIF2AK1,ENSMUSG00000029613,Eif2ak1,ortholog_one2one
ENSG00000085552,IGSF9,ENSMUSG00000037995,Igsf9,ortholog_one2one
ENSG00000064012,CASP8,ENSMUSG00000026029,Casp8,ortholog_one2one
ENSG00000168056,LTBP3,ENSMUSG00000024940,Ltbp3,ortholog_one2one
ENSG00000187531,SIRT7,ENSMUSG00000025138,Sirt7,ortholog_one2one
ENSG00000144744,UBA3,ENSMUSG00000030061,Uba3,ortholog_one2one
ENSG00000124356,STAMBP,ENSMUSG00000006906,Stambp,ortholog_one2one
ENSG00000131771,PPP1R1B,ENSMUSG00000061718,Ppp1r1b,ortholog_one2one
ENSG00000110696,C11orf58,ENSMUSG00000030663,1110004F10Rik,ortholog_one2one
ENSG00000109971,HSPA8,ENSMUSG00000015656,Hspa8,ortholog_one2one
ENSG00000146828,SLC12A9,ENSMUSG00000037344,Slc12a9,ortholog_one2one
ENSG00000072134,EPN2,ENSMUSG00000001036,Epn2,ortholog_one2one
ENSG00000144868,TMEM108,ENSMUSG00000042757,Tmem108,ortholog_one2one
ENSG00000144810,COL8A1,ENSMUSG00000068196,Col8a1,ortholog_one2one
ENSG00000142186,SCYL1,ENSMUSG00000024941,Scyl1,ortholog_one2one
ENSG00000186001,LRCH3,ENSMUSG00000022801,Lrch3,ortholog_one2one
ENSG00000185811,IKZF1,ENSMUSG00000018654,Ikzf1,ortholog_one2one
ENSG00000138095,LRPPRC,ENSMUSG00000024120,Lrpprc,ortholog_one2one
ENSG00000114738,MAPKAPK3,ENSMUSG00000032577,Mapkapk3,ortholog_one2one
ENSG00000072849,DERL2,ENSMUSG00000018442,Derl2,ortholog_one2one
ENSG00000196189,SEMA4A,ENSMUSG00000028064,Sema4a,ortholog_one2one
ENSG00000109062,NHERF1,ENSMUSG00000020733,Nherf1,ortholog_one2one
ENSG00000127952,STYXL1,ENSMUSG00000019178,Styxl1,ortholog_one2one
ENSG00000198720,ANKRD13B,ENSMUSG00000037907,Ankrd13b,ortholog_one2one
ENSG00000172936,MYD88,ENSMUSG00000032508,Myd88,ortholog_one2one
ENSG00000108852,MPP2,ENSMUSG00000017314,Mpp2,ortholog_one2one
ENSG00000084628,NKAIN1,ENSMUSG00000078532,Nkain1,ortholog_one2one
ENSG00000196411,EPHB4,ENSMUSG00000029710,Ephb4,ortholog_one2one
ENSG00000143575,HAX1,ENSMUSG00000027944,Hax1,ortholog_one2one
ENSG00000179833,SERTAD2,ENSMUSG00000049800,Sertad2,ortholog_one2one
ENSG00000163161,ERCC3,ENSMUSG00000024382,Ercc3,ortholog_one2one
ENSG00000117408,IPO13,ENSMUSG00000033365,Ipo13,ortholog_one2one
ENSG00000154783,FGD5,ENSMUSG00000034037,Fgd5,ortholog_one2one
ENSG00000143499,SMYD2,ENSMUSG00000026603,Smyd2,ortholog_one2one
ENSG00000106089,STX1A,ENSMUSG00000007207,Stx1a,ortholog_one2one
ENSG00000214063,TSPAN4,ENSMUSG00000025511,Tspan4,ortholog_one2one
ENSG00000153250,RBMS1,ENSMUSG00000026970,Rbms1,ortholog_one2one
ENSG00000126581,BECN1,ENSMUSG00000035086,Becn1,ortholog_one2one
ENSG00000164708,PGAM2,ENSMUSG00000020475,Pgam2,ortholog_one2one
ENSG00000203705,TATDN3,ENSMUSG00000026632,Tatdn3,ortholog_one2one
ENSG00000164659,ELAPOR2,ENSMUSG00000056004,Elapor2,ortholog_one2one
ENSG00000182973,CNOT10,ENSMUSG00000056167,Cnot10,ortholog_one2one
ENSG00000146701,MDH2,ENSMUSG00000019179,Mdh2,ortholog_one2one
ENSG00000167549,CORO6,ENSMUSG00000020836,Coro6,ortholog_one2one
ENSG00000054356,PTPRN,ENSMUSG00000026204,Ptprn,ortholog_one2one
ENSG00000006704,GTF2IRD1,ENSMUSG00000023079,Gtf2ird1,ortholog_one2one
ENSG00000143294,PRCC,ENSMUSG00000004895,Prcc,ortholog_one2one
ENSG00000221926,TRIM16,ENSMUSG00000047821,Trim16,ortholog_one2one
ENSG00000159352,PSMD4,ENSMUSG00000005625,Psmd4,ortholog_one2one
ENSG00000145103,ILDR1,ENSMUSG00000022900,Ildr1,ortholog_one2one
ENSG00000171109,MFN1,ENSMUSG00000027668,Mfn1,ortholog_one2one
ENSG00000159842,ABR,ENSMUSG00000017631,Abr,ortholog_one2one
ENSG00000135931,ARMC9,ENSMUSG00000062590,Armc9,ortholog_one2one
ENSG00000168003,SLC3A2,ENSMUSG00000010095,Slc3a2,ortholog_one2one
ENSG00000174516,PELI3,ENSMUSG00000024901,Peli3,ortholog_one2one
ENSG00000143641,GALNT2,ENSMUSG00000089704,Galnt2,ortholog_one2one
ENSG00000183726,TMEM50A,ENSMUSG00000028822,Tmem50a,ortholog_one2one
ENSG00000006125,AP2B1,ENSMUSG00000035152,Ap2b1,ortholog_one2one
ENSG00000049449,RCN1,ENSMUSG00000005973,Rcn1,ortholog_one2one
ENSG00000175467,SART1,ENSMUSG00000039148,Sart1,ortholog_one2one
ENSG00000178252,WDR6,ENSMUSG00000066357,Wdr6,ortholog_one2one
ENSG00000116406,EDEM3,ENSMUSG00000043019,Edem3,ortholog_one2one
ENSG00000178149,DALRD3,ENSMUSG00000019039,Dalrd3,ortholog_one2one
ENSG00000023191,RNH1,ENSMUSG00000038650,Rnh1,ortholog_one2one
ENSG00000085662,AKR1B1,ENSMUSG00000001642,Akr1b1,ortholog_one2one
ENSG00000168237,GLYCTK,ENSMUSG00000020258,Glyctk,ortholog_one2one
ENSG00000135912,TTLL4,ENSMUSG00000033257,Ttll4,ortholog_one2one
ENSG00000162552,WNT4,ENSMUSG00000036856,Wnt4,ortholog_one2one
ENSG00000152601,MBNL1,ENSMUSG00000027763,Mbnl1,ortholog_one2one
ENSG00000162614,NEXN,ENSMUSG00000039103,Nexn,ortholog_one2one
ENSG00000115657,ABCB6,ENSMUSG00000026198,Abcb6,ortholog_one2one
ENSG00000066135,KDM4A,ENSMUSG00000033326,Kdm4a,ortholog_one2one
ENSG00000170043,TRAPPC1,ENSMUSG00000049299,Trappc1,ortholog_one2one
ENSG00000055130,CUL1,ENSMUSG00000029686,Cul1,ortholog_one2one
ENSG00000125450,NUP85,ENSMUSG00000020739,Nup85,ortholog_one2one
ENSG00000158286,RNF207,ENSMUSG00000058498,Rnf207,ortholog_one2one
ENSG00000204634,TBC1D8,ENSMUSG00000003134,Tbc1d8,ortholog_one2one
ENSG00000013297,CLDN11,ENSMUSG00000037625,Cldn11,ortholog_one2one
ENSG00000154928,EPHB1,ENSMUSG00000032537,Ephb1,ortholog_one2one
ENSG00000131467,PSME3,ENSMUSG00000078652,Psme3,ortholog_one2one
ENSG00000124380,SNRNP27,ENSMUSG00000001158,Snrnp27,ortholog_one2one
ENSG00000115271,GCA,ENSMUSG00000026893,Gca,ortholog_one2one
ENSG00000163637,PRICKLE2,ENSMUSG00000030020,Prickle2,ortholog_one2one
ENSG00000183873,SCN5A,ENSMUSG00000032511,Scn5a,ortholog_one2one
ENSG00000185090,MANEAL,ENSMUSG00000042763,Maneal,ortholog_one2one
ENSG00000054282,SDCCAG8,ENSMUSG00000026504,Sdccag8,ortholog_one2one
ENSG00000141052,MYOCD,ENSMUSG00000020542,Myocd,ortholog_one2one
ENSG00000070759,TESK2,ENSMUSG00000033985,Tesk2,ortholog_one2one
ENSG00000106086,PLEKHA8,ENSMUSG00000005225,Plekha8,ortholog_one2one
ENSG00000037042,TUBG2,ENSMUSG00000045007,Tubg2,ortholog_one2one
ENSG00000182118,FAM89A,ENSMUSG00000043068,Fam89a,ortholog_one2one
ENSG00000120656,TAF12,ENSMUSG00000028899,Taf12,ortholog_one2one
ENSG00000143847,PPFIA4,ENSMUSG00000026458,Ppfia4,ortholog_one2one
ENSG00000168259,DNAJC7,ENSMUSG00000014195,Dnajc7,ortholog_one2one
ENSG00000105982,RNF32,ENSMUSG00000029130,Rnf32,ortholog_one2one
ENSG00000235750,KIAA0040,ENSMUSG00000090394,4930523C07Rik,ortholog_one2one
ENSG00000135766,EGLN1,ENSMUSG00000031987,Egln1,ortholog_one2one
ENSG00000118217,ATF6,ENSMUSG00000026663,Atf6,ortholog_one2one
ENSG00000197415,VEPH1,ENSMUSG00000027831,Veph1,ortholog_one2one
ENSG00000188191,PRKAR1B,ENSMUSG00000025855,Prkar1b,ortholog_one2one
ENSG00000088179,PTPN4,ENSMUSG00000026384,Ptpn4,ortholog_one2one
ENSG00000196083,IL1RAP,ENSMUSG00000022514,Il1rap,ortholog_one2one
ENSG00000169504,CLIC4,ENSMUSG00000037242,Clic4,ortholog_one2one
ENSG00000158882,TOMM40L,ENSMUSG00000005674,Tomm40l,ortholog_one2one
ENSG00000108840,HDAC5,ENSMUSG00000008855,Hdac5,ortholog_one2one
ENSG00000082684,SEMA5B,ENSMUSG00000052133,Sema5b,ortholog_one2one
ENSG00000071051,NCK2,ENSMUSG00000066877,Nck2,ortholog_one2one
ENSG00000106263,EIF3B,ENSMUSG00000056076,Eif3b,ortholog_one2one
ENSG00000163017,ACTG2,ENSMUSG00000059430,Actg2,ortholog_one2one
ENSG00000185104,FAF1,ENSMUSG00000010517,Faf1,ortholog_one2one
ENSG00000163661,PTX3,ENSMUSG00000027832,Ptx3,ortholog_one2one
ENSG00000114626,ABTB1,ENSMUSG00000030083,Abtb1,ortholog_one2one
ENSG00000163006,CCDC138,ENSMUSG00000038010,Ccdc138,ortholog_one2one
ENSG00000010270,STARD3NL,ENSMUSG00000003062,Stard3nl,ortholog_one2one
ENSG00000113851,CRBN,ENSMUSG00000005362,Crbn,ortholog_one2one
ENSG00000236782,ZNF593OS,ENSMUSG00000086322,Zfp593os,ortholog_one2one
ENSG00000173369,C1QB,ENSMUSG00000036905,C1qb,ortholog_one2one
ENSG00000198758,EPS8L3,ENSMUSG00000040600,Eps8l3,ortholog_one2one
ENSG00000093183,SEC22C,ENSMUSG00000061536,Sec22c,ortholog_one2one
ENSG00000196141,SPATS2L,ENSMUSG00000038305,Spats2l,ortholog_one2one
ENSG00000072756,TRNT1,ENSMUSG00000013736,Trnt1,ortholog_one2one
ENSG00000122786,CALD1,ENSMUSG00000029761,Cald1,ortholog_one2one
ENSG00000163479,SSR2,ENSMUSG00000041355,Ssr2,ortholog_one2one
ENSG00000160746,ANO10,ENSMUSG00000037949,Ano10,ortholog_one2one
ENSG00000135845,PIGC,ENSMUSG00000026698,Pigc,ortholog_one2one
ENSG00000117480,FAAH,ENSMUSG00000034171,Faah,ortholog_one2one
ENSG00000114857,NKTR,ENSMUSG00000032525,Nktr,ortholog_one2one
ENSG00000108405,P2RX1,ENSMUSG00000020787,P2rx1,ortholog_one2one
ENSG00000143147,GPR161,ENSMUSG00000040836,Gpr161,ortholog_one2one
ENSG00000108639,SYNGR2,ENSMUSG00000048277,Syngr2,ortholog_one2one
ENSG00000247596,TWF2,ENSMUSG00000023277,Twf2,ortholog_one2one
ENSG00000141738,GRB7,ENSMUSG00000019312,Grb7,ortholog_one2one
ENSG00000164088,PPM1M,ENSMUSG00000020253,Ppm1m,ortholog_one2one
ENSG00000136628,EPRS1,ENSMUSG00000026615,Eprs1,ortholog_one2one
ENSG00000163931,TKT,ENSMUSG00000021957,Tkt,ortholog_one2one
ENSG00000169087,HSPBAP1,ENSMUSG00000022849,Hspbap1,ortholog_one2one
ENSG00000187118,CMC1,ENSMUSG00000039163,Cmc1,ortholog_one2one
ENSG00000113838,TBCCD1,ENSMUSG00000004462,Tbccd1,ortholog_one2one
ENSG00000167291,TBC1D16,ENSMUSG00000039976,Tbc1d16,ortholog_one2one
ENSG00000134070,IRAK2,ENSMUSG00000060477,Irak2,ortholog_one2one
ENSG00000117707,PROX1,ENSMUSG00000010175,Prox1,ortholog_one2one
ENSG00000117676,RPS6KA1,ENSMUSG00000003644,Rps6ka1,ortholog_one2one
ENSG00000113971,NPHP3,ENSMUSG00000032558,Nphp3,ortholog_one2one
ENSG00000161204,ABCF3,ENSMUSG00000003234,Abcf3,ortholog_one2one
ENSG00000141314,RHBDL3,ENSMUSG00000017692,Rhbdl3,ortholog_one2one
ENSG00000108591,DRG2,ENSMUSG00000020537,Drg2,ortholog_one2one
ENSG00000065534,MYLK,ENSMUSG00000022836,Mylk,ortholog_one2one
ENSG00000177565,TBL1XR1,ENSMUSG00000027630,Tbl1xr1,ortholog_one2one
ENSG00000184060,ADAP2,ENSMUSG00000020709,Adap2,ortholog_one2one
ENSG00000142892,PIGK,ENSMUSG00000039047,Pigk,ortholog_one2one
ENSG00000128694,OSGEPL1,ENSMUSG00000026096,Osgepl1,ortholog_one2one
ENSG00000160062,ZBTB8A,ENSMUSG00000028807,Zbtb8a,ortholog_one2one
ENSG00000141258,SGSM2,ENSMUSG00000038351,Sgsm2,ortholog_one2one
ENSG00000115221,ITGB6,ENSMUSG00000026971,Itgb6,ortholog_one2one
ENSG00000117620,SLC35A3,ENSMUSG00000027957,Slc35a3,ortholog_one2one
ENSG00000136478,TEX2,ENSMUSG00000040548,Tex2,ortholog_one2one
ENSG00000011566,MAP4K3,ENSMUSG00000024242,Map4k3,ortholog_one2one
ENSG00000180198,RCC1,ENSMUSG00000028896,Rcc1,ortholog_one2one
ENSG00000121864,ZNF639,ENSMUSG00000027667,Zfp639,ortholog_one2one
ENSG00000127252,PLAAT1,ENSMUSG00000022525,Plaat1,ortholog_one2one
ENSG00000156983,BRPF1,ENSMUSG00000001632,Brpf1,ortholog_one2one
ENSG00000132591,ERAL1,ENSMUSG00000020832,Eral1,ortholog_one2one
ENSG00000114439,BBX,ENSMUSG00000022641,Bbx,ortholog_one2one
ENSG00000197879,MYO1C,ENSMUSG00000017774,Myo1c,ortholog_one2one
ENSG00000116120,FARSB,ENSMUSG00000026245,Farsb,ortholog_one2one
ENSG00000152527,PLEKHH2,ENSMUSG00000040852,Plekhh2,ortholog_one2one
ENSG00000115840,SLC25A12,ENSMUSG00000027010,Slc25a12,ortholog_one2one
ENSG00000187815,ZFP69,ENSMUSG00000064141,Zfp69,ortholog_one2one
ENSG00000117281,CD160,ENSMUSG00000038304,Cd160,ortholog_one2one
ENSG00000005882,PDK2,ENSMUSG00000038967,Pdk2,ortholog_one2one
ENSG00000138071,ACTR2,ENSMUSG00000020152,Actr2,ortholog_one2one
ENSG00000019169,MARCO,ENSMUSG00000026390,Marco,ortholog_one2one
ENSG00000198218,QRICH1,ENSMUSG00000006673,Qrich1,ortholog_one2one
ENSG00000170190,SLC16A5,ENSMUSG00000045775,Slc16a5,ortholog_one2one
ENSG00000115091,ACTR3,ENSMUSG00000026341,Actr3,ortholog_one2one
ENSG00000117133,RPF1,ENSMUSG00000028187,Rpf1,ortholog_one2one
ENSG00000122482,ZNF644,ENSMUSG00000049606,Zfp644,ortholog_one2one
ENSG00000135917,SLC19A3,ENSMUSG00000038496,Slc19a3,ortholog_one2one
ENSG00000041988,THAP3,ENSMUSG00000039759,Thap3,ortholog_one2one
ENSG00000120093,HOXB3,ENSMUSG00000048763,Hoxb3,ortholog_one2one
ENSG00000175206,NPPA,ENSMUSG00000041616,Nppa,ortholog_one2one
ENSG00000162511,LAPTM5,ENSMUSG00000028581,Laptm5,ortholog_one2one
ENSG00000108515,ENO3,ENSMUSG00000060600,Eno3,ortholog_one2one
ENSG00000204859,ZBTB48,ENSMUSG00000028952,Zbtb48,ortholog_one2one
ENSG00000163686,ABHD6,ENSMUSG00000025277,Abhd6,ortholog_one2one
ENSG00000138078,PREPL,ENSMUSG00000024127,Prepl,ortholog_one2one
ENSG00000114670,NEK11,ENSMUSG00000035032,Nek11,ortholog_one2one
ENSG00000143761,ARF1,ENSMUSG00000048076,Arf1,ortholog_one2one
ENSG00000055732,MCOLN3,ENSMUSG00000036853,Mcoln3,ortholog_one2one
ENSG00000160602,NEK8,ENSMUSG00000017405,Nek8,ortholog_one2one
ENSG00000278259,MYO19,ENSMUSG00000020527,Myo19,ortholog_one2one
ENSG00000143196,DPT,ENSMUSG00000026574,Dpt,ortholog_one2one
ENSG00000065243,PKN2,ENSMUSG00000004591,Pkn2,ortholog_one2one
ENSG00000211456,SACM1L,ENSMUSG00000025240,Sacm1l,ortholog_one2one
ENSG00000115756,HPCAL1,ENSMUSG00000071379,Hpcal1,ortholog_one2one
ENSG00000154309,DISP1,ENSMUSG00000030768,Disp1,ortholog_one2one
ENSG00000143401,ANP32E,ENSMUSG00000015749,Anp32e,ortholog_one2one
ENSG00000126062,TMEM115,ENSMUSG00000010045,Tmem115,ortholog_one2one
ENSG00000108883,EFTUD2,ENSMUSG00000020929,Eftud2,ortholog_one2one
ENSG00000162576,MXRA8,ENSMUSG00000029070,Mxra8,ortholog_one2one
ENSG00000177479,ARIH2,ENSMUSG00000064145,Arih2,ortholog_one2one
ENSG00000065978,YBX1,ENSMUSG00000028639,Ybx1,ortholog_one2one
ENSG00000115008,IL1A,ENSMUSG00000027399,Il1a,ortholog_one2one
ENSG00000082126,MPP4,ENSMUSG00000079550,Mpp4,ortholog_one2one
ENSG00000118292,C1orf54,ENSMUSG00000038543,BC028528,ortholog_one2one
ENSG00000008130,NADK,ENSMUSG00000029063,Nadk,ortholog_one2one
ENSG00000278311,GGNBP2,ENSMUSG00000020530,Ggnbp2,ortholog_one2one
ENSG00000115514,TXNDC9,ENSMUSG00000058407,Txndc9,ortholog_one2one
ENSG00000077380,DYNC1I2,ENSMUSG00000027012,Dync1i2,ortholog_one2one
ENSG00000141576,RNF157,ENSMUSG00000052949,Rnf157,ortholog_one2one
ENSG00000116670,MAD2L2,ENSMUSG00000029003,Mad2l2,ortholog_one2one
ENSG00000179314,WSCD1,ENSMUSG00000020811,Wscd1,ortholog_one2one
ENSG00000141293,SKAP1,ENSMUSG00000057058,Skap1,ortholog_one2one
ENSG00000177885,GRB2,ENSMUSG00000059923,Grb2,ortholog_one2one
ENSG00000010244,ZNF207,ENSMUSG00000017421,Zfp207,ortholog_one2one
ENSG00000034533,ASTE1,ENSMUSG00000032567,Aste1,ortholog_one2one
ENSG00000129673,AANAT,ENSMUSG00000020804,Aanat,ortholog_one2one
ENSG00000006062,MAP3K14,ENSMUSG00000020941,Map3k14,ortholog_one2one
ENSG00000174151,CYB561D1,ENSMUSG00000048796,Cyb561d1,ortholog_one2one
ENSG00000054118,THRAP3,ENSMUSG00000043962,Thrap3,ortholog_one2one
ENSG00000092931,MFSD11,ENSMUSG00000020818,Mfsd11,ortholog_one2one
ENSG00000168890,TMEM150A,ENSMUSG00000055912,Tmem150a,ortholog_one2one
ENSG00000142949,PTPRF,ENSMUSG00000033295,Ptprf,ortholog_one2one
ENSG00000035862,TIMP2,ENSMUSG00000017466,Timp2,ortholog_one2one
ENSG00000144504,ANKMY1,ENSMUSG00000034212,Ankmy1,ortholog_one2one
ENSG00000161547,SRSF2,ENSMUSG00000034120,Srsf2,ortholog_one2one
ENSG00000141540,TTYH2,ENSMUSG00000034714,Ttyh2,ortholog_one2one
ENSG00000115361,ACADL,ENSMUSG00000026003,Acadl,ortholog_one2one
ENSG00000114354,TFG,ENSMUSG00000022757,Tfg,ortholog_one2one
ENSG00000115594,IL1R1,ENSMUSG00000026072,Il1r1,ortholog_one2one
ENSG00000116809,ZBTB17,ENSMUSG00000006215,Zbtb17,ortholog_one2one
ENSG00000163702,IL17RC,ENSMUSG00000030281,Il17rc,ortholog_one2one
ENSG00000117411,B4GALT2,ENSMUSG00000028541,B4galt2,ortholog_one2one
ENSG00000123607,TTC21B,ENSMUSG00000034848,Ttc21b,ortholog_one2one
ENSG00000007923,DNAJC11,ENSMUSG00000039768,Dnajc11,ortholog_one2one
ENSG00000188612,SUMO2,ENSMUSG00000020738,Sumo2,ortholog_one2one
ENSG00000033627,ATP6V0A1,ENSMUSG00000019302,Atp6v0a1,ortholog_one2one
ENSG00000126705,AHDC1,ENSMUSG00000037692,Ahdc1,ortholog_one2one
ENSG00000170035,UBE2E3,ENSMUSG00000027011,Ube2e3,ortholog_one2one
ENSG00000196187,TMEM63A,ENSMUSG00000026519,Tmem63a,ortholog_one2one
ENSG00000134313,KIDINS220,ENSMUSG00000036333,Kidins220,ortholog_one2one
ENSG00000163468,CCT3,ENSMUSG00000001416,Cct3,ortholog_one2one
ENSG00000107404,DVL1,ENSMUSG00000029071,Dvl1,ortholog_one2one
ENSG00000119787,ATL2,ENSMUSG00000059811,Atl2,ortholog_one2one
ENSG00000160712,IL6R,ENSMUSG00000027947,Il6ra,ortholog_one2one
ENSG00000119772,DNMT3A,ENSMUSG00000020661,Dnmt3a,ortholog_one2one
ENSG00000159202,UBE2Z,ENSMUSG00000014349,Ube2z,ortholog_one2one
ENSG00000161649,CD300LG,ENSMUSG00000017309,Cd300lg,ortholog_one2one
ENSG00000134222,PSRC1,ENSMUSG00000068744,Psrc1,ortholog_one2one
ENSG00000214226,C17orf67,ENSMUSG00000072553,Gm525,ortholog_one2one
ENSG00000132185,FCRLA,ENSMUSG00000038421,Fcrla,ortholog_one2one
ENSG00000108349,CASC3,ENSMUSG00000078676,Casc3,ortholog_one2one
ENSG00000143811,PYCR2,ENSMUSG00000026520,Pycr2,ortholog_one2one
ENSG00000153201,RANBP2,ENSMUSG00000003226,Ranbp2,ortholog_one2one
ENSG00000083454,P2RX5,ENSMUSG00000005950,P2rx5,ortholog_one2one
ENSG00000005448,WDR54,ENSMUSG00000030032,Wdr54,ortholog_one2one
ENSG00000162836,ACP6,ENSMUSG00000028093,Acp6,ortholog_one2one
ENSG00000115020,PIKFYVE,ENSMUSG00000025949,Pikfyve,ortholog_one2one
ENSG00000143318,CASQ1,ENSMUSG00000007122,Casq1,ortholog_one2one
ENSG00000117395,EBNA1BP2,ENSMUSG00000028729,Ebna1bp2,ortholog_one2one
ENSG00000007168,PAFAH1B1,ENSMUSG00000020745,Pafah1b1,ortholog_one2one
ENSG00000158161,EYA3,ENSMUSG00000028886,Eya3,ortholog_one2one
ENSG00000011295,TTC19,ENSMUSG00000042298,Ttc19,ortholog_one2one
ENSG00000138378,STAT4,ENSMUSG00000062939,Stat4,ortholog_one2one
ENSG00000284770,TBCE,ENSMUSG00000039233,Tbce,ortholog_one2one
ENSG00000144028,SNRNP200,ENSMUSG00000003660,Snrnp200,ortholog_one2one
ENSG00000163217,BMP10,ENSMUSG00000030046,Bmp10,ortholog_one2one
ENSG00000244045,VMA12,ENSMUSG00000051232,Tmem199,ortholog_one2one
ENSG00000153827,TRIP12,ENSMUSG00000026219,Trip12,ortholog_one2one
ENSG00000157916,RER1,ENSMUSG00000029048,Rer1,ortholog_one2one
ENSG00000186868,MAPT,ENSMUSG00000018411,Mapt,ortholog_one2one
ENSG00000197956,S100A6,ENSMUSG00000001025,S100a6,ortholog_one2one
ENSG00000004487,KDM1A,ENSMUSG00000036940,Kdm1a,ortholog_one2one
ENSG00000142733,MAP3K6,ENSMUSG00000028862,Map3k6,ortholog_one2one
ENSG00000141279,NPEPPS,ENSMUSG00000001441,Npepps,ortholog_one2one
ENSG00000162368,CMPK1,ENSMUSG00000028719,Cmpk1,ortholog_one2one
ENSG00000162885,B3GALNT2,ENSMUSG00000039242,B3galnt2,ortholog_one2one
ENSG00000081721,DUSP12,ENSMUSG00000026659,Dusp12,ortholog_one2one
ENSG00000162591,MEGF6,ENSMUSG00000057751,Megf6,ortholog_one2one
ENSG00000141524,TMC6,ENSMUSG00000025572,Tmc6,ortholog_one2one
ENSG00000117479,SLC19A2,ENSMUSG00000040918,Slc19a2,ortholog_one2one
ENSG00000160087,UBE2J2,ENSMUSG00000023286,Ube2j2,ortholog_one2one
ENSG00000117122,MFAP2,ENSMUSG00000060572,Mfap2,ortholog_one2one
ENSG00000174332,GLIS1,ENSMUSG00000034762,Glis1,ortholog_one2one
ENSG00000178585,CTNNBIP1,ENSMUSG00000028988,Ctnnbip1,ortholog_one2one
ENSG00000117222,RBBP5,ENSMUSG00000026439,Rbbp5,ortholog_one2one
ENSG00000160781,PAQR6,ENSMUSG00000041423,Paqr6,ortholog_one2one
ENSG00000275066,SYNRG,ENSMUSG00000034940,Synrg,ortholog_one2one
ENSG00000159592,GPBP1L1,ENSMUSG00000034042,Gpbp1l1,ortholog_one2one
ENSG00000205221,VIT,ENSMUSG00000024076,Vit,ortholog_one2one
ENSG00000160691,SHC1,ENSMUSG00000042626,Shc1,ortholog_one2one
ENSG00000115520,COQ10B,ENSMUSG00000025981,Coq10b,ortholog_one2one
ENSG00000143870,PDIA6,ENSMUSG00000020571,Pdia6,ortholog_one2one
ENSG00000138386,NAB1,ENSMUSG00000002881,Nab1,ortholog_one2one
ENSG00000143486,EIF2D,ENSMUSG00000026427,Eif2d,ortholog_one2one
ENSG00000008838,MED24,ENSMUSG00000017210,Med24,ortholog_one2one
ENSG00000081026,MAGI3,ENSMUSG00000052539,Magi3,ortholog_one2one
ENSG00000077232,DNAJC10,ENSMUSG00000027006,Dnajc10,ortholog_one2one
ENSG00000265972,TXNIP,ENSMUSG00000038393,Txnip,ortholog_one2one
ENSG00000131697,NPHP4,ENSMUSG00000039577,Nphp4,ortholog_one2one
ENSG00000163029,SMC6,ENSMUSG00000020608,Smc6,ortholog_one2one
ENSG00000170485,NPAS2,ENSMUSG00000026077,Npas2,ortholog_one2one
ENSG00000153823,PID1,ENSMUSG00000045658,Pid1,ortholog_one2one
ENSG00000124374,PAIP2B,ENSMUSG00000045896,Paip2b,ortholog_one2one
ENSG00000173163,COMMD1,ENSMUSG00000051355,Commd1,ortholog_one2one
ENSG00000064933,PMS1,ENSMUSG00000026098,Pms1,ortholog_one2one
ENSG00000167895,TMC8,ENSMUSG00000050106,Tmc8,ortholog_one2one
ENSG00000160753,RUSC1,ENSMUSG00000041263,Rusc1,ortholog_one2one
ENSG00000162975,KCNF1,ENSMUSG00000051726,Kcnf1,ortholog_one2one
ENSG00000230124,ACBD6,ENSMUSG00000033701,Acbd6,ortholog_one2one
ENSG00000144362,PHOSPHO2,ENSMUSG00000027088,Phospho2,ortholog_one2one
ENSG00000197121,PGAP1,ENSMUSG00000073678,Pgap1,ortholog_one2one
ENSG00000204120,GIGYF2,ENSMUSG00000048000,Gigyf2,ortholog_one2one
ENSG00000143546,S100A8,ENSMUSG00000056054,S100a8,ortholog_one2one
ENSG00000117859,OSBPL9,ENSMUSG00000028559,Osbpl9,ortholog_one2one
ENSG00000143554,SLC27A3,ENSMUSG00000027932,Slc27a3,ortholog_one2one
ENSG00000133226,SRRM1,ENSMUSG00000028809,Srrm1,ortholog_one2one
ENSG00000134375,TIMM17A,ENSMUSG00000062580,Timm17a,ortholog_one2one
ENSG00000142856,ITGB3BP,ENSMUSG00000028549,Itgb3bp,ortholog_one2one
ENSG00000116885,OSCP1,ENSMUSG00000042616,Oscp1,ortholog_one2one
ENSG00000130147,SH3BP4,ENSMUSG00000036206,Sh3bp4,ortholog_one2one
ENSG00000077254,USP33,ENSMUSG00000025437,Usp33,ortholog_one2one
ENSG00000128699,ORMDL1,ENSMUSG00000026097,Ormdl1,ortholog_one2one
ENSG00000115194,SLC30A3,ENSMUSG00000029151,Slc30a3,ortholog_one2one
ENSG00000115233,PSMD14,ENSMUSG00000026914,Psmd14,ortholog_one2one
ENSG00000114999,TTL,ENSMUSG00000027394,Ttl,ortholog_one2one
ENSG00000143797,MBOAT2,ENSMUSG00000020646,Mboat2,ortholog_one2one
ENSG00000136546,SCN7A,ENSMUSG00000034810,Scn7a,ortholog_one2one
ENSG00000162981,LRATD1,ENSMUSG00000020607,Lratd1,ortholog_one2one
ENSG00000117461,PIK3R3,ENSMUSG00000028698,Pik3r3,ortholog_one2one
ENSG00000138430,OLA1,ENSMUSG00000027108,Ola1,ortholog_one2one
ENSG00000116962,NID1,ENSMUSG00000005397,Nid1,ortholog_one2one
ENSG00000115252,PDE1A,ENSMUSG00000059173,Pde1a,ortholog_one2one
ENSG00000079335,CDC14A,ENSMUSG00000033502,Cdc14a,ortholog_one2one
ENSG00000115705,TPO,ENSMUSG00000020673,Tpo,ortholog_one2one
ENSG00000132768,DPH2,ENSMUSG00000028540,Dph2,ortholog_one2one
ENSG00000169418,NPR1,ENSMUSG00000027931,Npr1,ortholog_one2one
ENSG00000134324,LPIN1,ENSMUSG00000020593,Lpin1,ortholog_one2one
ENSG00000265107,GJA5,ENSMUSG00000057123,Gja5,ortholog_one2one
ENSG00000085832,EPS15,ENSMUSG00000028552,Eps15,ortholog_one2one
ENSG00000183386,FHL3,ENSMUSG00000032643,Fhl3,ortholog_one2one
ENSG00000130414,NDUFA10,ENSMUSG00000026260,Ndufa10,ortholog_one2one
ENSG00000084623,EIF3I,ENSMUSG00000028798,Eif3i,ortholog_one2one
ENSG00000143862,ARL8A,ENSMUSG00000026426,Arl8a,ortholog_one2one
ENSG00000116133,DHCR24,ENSMUSG00000034926,Dhcr24,ortholog_one2one
ENSG00000133067,LGR6,ENSMUSG00000042793,Lgr6,ortholog_one2one
ENSG00000138413,IDH1,ENSMUSG00000025950,Idh1,ortholog_one2one
ENSG00000133063,CHIT1,ENSMUSG00000026450,Chit1,ortholog_one2one
ENSG00000162757,C1orf74,ENSMUSG00000079144,A130010J15Rik,ortholog_one2one
ENSG00000117054,ACADM,ENSMUSG00000062908,Acadm,ortholog_one2one
ENSG00000118260,CREB1,ENSMUSG00000025958,Creb1,ortholog_one2one
ENSG00000115365,LANCL1,ENSMUSG00000026000,Lancl1,ortholog_one2one
ENSG00000069812,HES2,ENSMUSG00000028940,Hes2,ortholog_one2one
ENSG00000160741,CRTC2,ENSMUSG00000027936,Crtc2,ortholog_one2one
ENSG00000074054,CLASP1,ENSMUSG00000064302,Clasp1,ortholog_one2one
ENSG00000134684,YARS1,ENSMUSG00000028811,Yars1,ortholog_one2one
ENSG00000117318,ID3,ENSMUSG00000007872,Id3,ortholog_one2one
ENSG00000122176,FMOD,ENSMUSG00000041559,Fmod,ortholog_one2one
ENSG00000198952,SMG5,ENSMUSG00000001415,Smg5,ortholog_one2one
ENSG00000075568,TMEM131,ENSMUSG00000026116,Tmem131,ortholog_one2one
ENSG00000144063,MALL,ENSMUSG00000027377,Mall,ortholog_one2one
ENSG00000213160,KLHL23,ENSMUSG00000042155,Klhl23,ortholog_one2one
ENSG00000135932,CAB39,ENSMUSG00000036707,Cab39,ortholog_one2one
ENSG00000085978,ATG16L1,ENSMUSG00000026289,Atg16l1,ortholog_one2one
ENSG00000196182,STK40,ENSMUSG00000042608,Stk40,ortholog_one2one
ENSG00000134748,PRPF38A,ENSMUSG00000063800,Prpf38a,ortholog_one2one
ENSG00000204138,PHACTR4,ENSMUSG00000066043,Phactr4,ortholog_one2one
ENSG00000158710,TAGLN2,ENSMUSG00000026547,Tagln2,ortholog_one2one
ENSG00000163126,ANKRD23,ENSMUSG00000067653,Ankrd23,ortholog_one2one
ENSG00000198400,NTRK1,ENSMUSG00000028072,Ntrk1,ortholog_one2one
ENSG00000151690,MFSD6,ENSMUSG00000041439,Mfsd6,ortholog_one2one
ENSG00000162929,SANBR,ENSMUSG00000042208,Sanbr,ortholog_one2one
ENSG00000040487,SLC66A1,ENSMUSG00000028744,Slc66a1,ortholog_one2one
ENSG00000138074,SLC5A6,ENSMUSG00000006641,Slc5a6,ortholog_one2one
ENSG00000162607,USP1,ENSMUSG00000028560,Usp1,ortholog_one2one
ENSG00000132694,ARHGEF11,ENSMUSG00000041977,Arhgef11,ortholog_one2one
ENSG00000143319,ISG20L2,ENSMUSG00000048039,Isg20l2,ortholog_one2one
ENSG00000144283,PKP4,ENSMUSG00000026991,Pkp4,ortholog_one2one
ENSG00000197245,FAM110D,ENSMUSG00000050105,Fam110d,ortholog_one2one
ENSG00000143702,CEP170,ENSMUSG00000057335,Cep170,ortholog_one2one
ENSG00000135953,MFSD9,ENSMUSG00000041945,Mfsd9,ortholog_one2one
ENSG00000135624,CCT7,ENSMUSG00000030007,Cct7,ortholog_one2one
ENSG00000188674,C2orf80,ENSMUSG00000044816,D630023F18Rik,ortholog_one2one
ENSG00000122483,CCDC18,ENSMUSG00000056531,Ccdc18,ortholog_one2one
ENSG00000132305,IMMT,ENSMUSG00000052337,Immt,ortholog_one2one
ENSG00000133059,DSTYK,ENSMUSG00000042046,Dstyk,ortholog_one2one
ENSG00000189339,SLC35E2B,ENSMUSG00000042202,Slc35e2,ortholog_one2one
ENSG00000173641,HSPB7,ENSMUSG00000006221,Hspb7,ortholog_one2one
ENSG00000162543,UBXN10,ENSMUSG00000043621,Ubxn10,ortholog_one2one
ENSG00000158292,GPR153,ENSMUSG00000042804,Gpr153,ortholog_one2one
ENSG00000142657,PGD,ENSMUSG00000028961,Pgd,ortholog_one2one
ENSG00000154305,MIA3,ENSMUSG00000056050,Mia3,ortholog_one2one
ENSG00000118298,CA14,ENSMUSG00000038526,Car14,ortholog_one2one
ENSG00000162598,C1orf87,ENSMUSG00000078639,Gm12695,ortholog_one2one
ENSG00000162910,MRPL55,ENSMUSG00000036860,Mrpl55,ortholog_one2one
ENSG00000119042,SATB2,ENSMUSG00000038331,Satb2,ortholog_one2one
ENSG00000204923,FBXO48,ENSMUSG00000044966,Fbxo48,ortholog_one2one
ENSG00000163521,GLB1L,ENSMUSG00000026200,Glb1l,ortholog_one2one
ENSG00000115524,SF3B1,ENSMUSG00000025982,Sf3b1,ortholog_one2one
ENSG00000163516,ANKZF1,ENSMUSG00000026199,Ankzf1,ortholog_one2one
ENSG00000162441,LZIC,ENSMUSG00000028990,Lzic,ortholog_one2one
ENSG00000162616,DNAJB4,ENSMUSG00000028035,Dnajb4,ortholog_one2one
ENSG00000037637,FBXO42,ENSMUSG00000028920,Fbxo42,ortholog_one2one
ENSG00000078098,FAP,ENSMUSG00000000392,Fap,ortholog_one2one
ENSG00000011009,LYPLA2,ENSMUSG00000028670,Lypla2,ortholog_one2one
ENSG00000117643,MAN1C1,ENSMUSG00000037306,Man1c1,ortholog_one2one
ENSG00000144031,ANKRD53,ENSMUSG00000014747,Ankrd53,ortholog_one2one
ENSG00000169621,APLF,ENSMUSG00000030051,Aplf,ortholog_one2one
ENSG00000143924,EML4,ENSMUSG00000032624,Eml4,ortholog_one2one
ENSG00000116786,PLEKHM2,ENSMUSG00000028917,Plekhm2,ortholog_one2one
ENSG00000162613,FUBP1,ENSMUSG00000028034,Fubp1,ortholog_one2one
ENSG00000144366,GULP1,ENSMUSG00000056870,Gulp1,ortholog_one2one
ENSG00000116679,IVNS1ABP,ENSMUSG00000023150,Ivns1abp,ortholog_one2one
ENSG00000009790,TRAF3IP3,ENSMUSG00000037318,Traf3ip3,ortholog_one2one
ENSG00000162714,ZNF496,ENSMUSG00000020472,Zkscan17,ortholog_one2one
ENSG00000027869,SH2D2A,ENSMUSG00000028071,Sh2d2a,ortholog_one2one
ENSG00000117360,PRPF3,ENSMUSG00000015748,Prpf3,ortholog_one2one
ENSG00000128652,HOXD3,ENSMUSG00000079277,Hoxd3,ortholog_one2one
ENSG00000077044,DGKD,ENSMUSG00000070738,Dgkd,ortholog_one2one
ENSG00000116199,FAM20B,ENSMUSG00000033557,Fam20b,ortholog_one2one
ENSG00000122484,RPAP2,ENSMUSG00000033773,Rpap2,ortholog_one2one
ENSG00000117151,CTBS,ENSMUSG00000028189,Ctbs,ortholog_one2one
ENSG00000169241,SLC50A1,ENSMUSG00000027953,Slc50a1,ortholog_one2one
ENSG00000135956,TMEM127,ENSMUSG00000034850,Tmem127,ortholog_one2one
ENSG00000134243,SORT1,ENSMUSG00000068747,Sort1,ortholog_one2one
ENSG00000163162,RNF149,ENSMUSG00000048234,Rnf149,ortholog_one2one
ENSG00000055813,CCDC85A,ENSMUSG00000032878,Ccdc85a,ortholog_one2one
ENSG00000123600,METTL8,ENSMUSG00000041975,Mettl8,ortholog_one2one
ENSG00000186281,GPAT2,ENSMUSG00000046338,Gpat2,ortholog_one2one
ENSG00000135870,RC3H1,ENSMUSG00000040423,Rc3h1,ortholog_one2one
ENSG00000142686,C1orf216,ENSMUSG00000073755,5730409E04Rik,ortholog_one2one
ENSG00000117308,GALE,ENSMUSG00000028671,Gale,ortholog_one2one
ENSG00000174175,SELP,ENSMUSG00000026580,Selp,ortholog_one2one
ENSG00000144589,STK11IP,ENSMUSG00000026213,Stk11ip,ortholog_one2one
ENSG00000171612,SLC25A33,ENSMUSG00000028982,Slc25a33,ortholog_one2one
ENSG00000143624,INTS3,ENSMUSG00000027933,Ints3,ortholog_one2one
ENSG00000188687,SLC4A5,ENSMUSG00000068323,Slc4a5,ortholog_one2one
ENSG00000134371,CDC73,ENSMUSG00000026361,Cdc73,ortholog_one2one
ENSG00000123992,DNPEP,ENSMUSG00000026209,Dnpep,ortholog_one2one
ENSG00000116906,GNPAT,ENSMUSG00000031985,Gnpat,ortholog_one2one
ENSG00000144057,ST6GAL2,ENSMUSG00000024172,St6gal2,ortholog_one2one
ENSG00000135925,WNT10A,ENSMUSG00000026167,Wnt10a,ortholog_one2one
ENSG00000091483,FH,ENSMUSG00000026526,Fh1,ortholog_one2one
ENSG00000163082,SGPP2,ENSMUSG00000032908,Sgpp2,ortholog_one2one
ENSG00000243244,STON1,ENSMUSG00000033855,Ston1,ortholog_one2one
ENSG00000162630,B3GALT2,ENSMUSG00000033849,B3galt2,ortholog_one2one
ENSG00000121310,ECHDC2,ENSMUSG00000028601,Echdc2,ortholog_one2one
ENSG00000128708,HAT1,ENSMUSG00000027018,Hat1,ortholog_one2one
ENSG00000168427,KLHL30,ENSMUSG00000026308,Klhl30,ortholog_one2one
ENSG00000048991,R3HDM1,ENSMUSG00000056211,R3hdm1,ortholog_one2one
ENSG00000197530,MIB2,ENSMUSG00000029060,Mib2,ortholog_one2one
ENSG00000138399,FASTKD1,ENSMUSG00000027086,Fastkd1,ortholog_one2one
ENSG00000138036,DYNC2LI1,ENSMUSG00000024253,Dync2li1,ortholog_one2one
ENSG00000144034,TPRKB,ENSMUSG00000054226,Tprkb,ortholog_one2one
ENSG00000066248,NGEF,ENSMUSG00000026259,Ngef,ortholog_one2one
ENSG00000187957,DNER,ENSMUSG00000036766,Dner,ortholog_one2one
ENSG00000018280,SLC11A1,ENSMUSG00000026177,Slc11a1,ortholog_one2one
ENSG00000136709,WDR33,ENSMUSG00000024400,Wdr33,ortholog_one2one
ENSG00000150938,CRIM1,ENSMUSG00000024074,Crim1,ortholog_one2one
ENSG00000021826,CPS1,ENSMUSG00000025991,Cps1,ortholog_one2one
ENSG00000120948,TARDBP,ENSMUSG00000041459,Tardbp,ortholog_one2one
ENSG00000118197,DDX59,ENSMUSG00000026404,Ddx59,ortholog_one2one
ENSG00000143612,C1orf43,ENSMUSG00000027942,4933434E20Rik,ortholog_one2one
ENSG00000177888,ZBTB41,ENSMUSG00000033964,Zbtb41,ortholog_one2one
ENSG00000117394,SLC2A1,ENSMUSG00000028645,Slc2a1,ortholog_one2one
ENSG00000143036,SLC44A3,ENSMUSG00000039865,Slc44a3,ortholog_one2one
ENSG00000184371,CSF1,ENSMUSG00000014599,Csf1,ortholog_one2one
ENSG00000198771,RCSD1,ENSMUSG00000040723,Rcsd1,ortholog_one2one
ENSG00000115593,SMYD1,ENSMUSG00000055027,Smyd1,ortholog_one2one
ENSG00000142661,MYOM3,ENSMUSG00000037139,Myom3,ortholog_one2one
ENSG00000250565,ATP6V1E2,ENSMUSG00000053375,Atp6v1e2,ortholog_one2one
ENSG00000054523,KIF1B,ENSMUSG00000063077,Kif1b,ortholog_one2one
ENSG00000169554,ZEB2,ENSMUSG00000026872,Zeb2,ortholog_one2one
ENSG00000143947,RPS27A,ENSMUSG00000020460,Rps27a,ortholog_one2one
ENSG00000172878,METAP1D,ENSMUSG00000041921,Metap1d,ortholog_one2one
ENSG00000066294,CD84,ENSMUSG00000038147,Cd84,ortholog_one2one
ENSG00000061676,NCKAP1,ENSMUSG00000027002,Nckap1,ortholog_one2one
ENSG00000155367,PPM1J,ENSMUSG00000002228,Ppm1j,ortholog_one2one
ENSG00000162378,ZYG11B,ENSMUSG00000034636,Zyg11b,ortholog_one2one
ENSG00000173406,DAB1,ENSMUSG00000028519,Dab1,ortholog_one2one
ENSG00000076258,FMO4,ENSMUSG00000026692,Fmo4,ortholog_one2one
ENSG00000123689,G0S2,ENSMUSG00000009633,G0s2,ortholog_one2one
ENSG00000198815,FOXJ3,ENSMUSG00000032998,Foxj3,ortholog_one2one
ENSG00000162444,RBP7,ENSMUSG00000028996,Rbp7,ortholog_one2one
ENSG00000162711,NLRP3,ENSMUSG00000032691,Nlrp3,ortholog_one2one
ENSG00000136560,TANK,ENSMUSG00000064289,Tank,ortholog_one2one
ENSG00000198625,MDM4,ENSMUSG00000054387,Mdm4,ortholog_one2one
ENSG00000116863,ADPRS,ENSMUSG00000042558,Adprs,ortholog_one2one
ENSG00000187583,PLEKHN1,ENSMUSG00000078485,Plekhn1,ortholog_one2one
ENSG00000115590,IL1R2,ENSMUSG00000026073,Il1r2,ortholog_one2one
ENSG00000132854,KANK4,ENSMUSG00000035407,Kank4,ortholog_one2one
ENSG00000143507,DUSP10,ENSMUSG00000039384,Dusp10,ortholog_one2one
ENSG00000197872,CYRIA,ENSMUSG00000020589,Cyria,ortholog_one2one
ENSG00000137936,BCAR3,ENSMUSG00000028121,Bcar3,ortholog_one2one
ENSG00000204099,NEU4,ENSMUSG00000034000,Neu4,ortholog_one2one
ENSG00000182827,ACBD3,ENSMUSG00000026499,Acbd3,ortholog_one2one
ENSG00000085840,ORC1,ENSMUSG00000028587,Orc1,ortholog_one2one
ENSG00000173744,AGFG1,ENSMUSG00000026159,Agfg1,ortholog_one2one
ENSG00000116514,RNF19B,ENSMUSG00000028793,Rnf19b,ortholog_one2one
ENSG00000152763,DNAI4,ENSMUSG00000035126,Dnai4,ortholog_one2one
ENSG00000153246,PLA2R1,ENSMUSG00000054580,Pla2r1,ortholog_one2one
ENSG00000158864,NDUFS2,ENSMUSG00000013593,Ndufs2,ortholog_one2one
ENSG00000163002,NUP35,ENSMUSG00000026999,Nup35,ortholog_one2one
ENSG00000115827,DCAF17,ENSMUSG00000041966,Dcaf17,ortholog_one2one
ENSG00000158859,ADAMTS4,ENSMUSG00000006403,Adamts4,ortholog_one2one
ENSG00000159596,TMEM69,ENSMUSG00000055900,Tmem69,ortholog_one2one
ENSG00000136536,MARCHF7,ENSMUSG00000026977,Marchf7,ortholog_one2one
ENSG00000143537,ADAM15,ENSMUSG00000028041,Adam15,ortholog_one2one
ENSG00000158158,CNNM4,ENSMUSG00000037408,Cnnm4,ortholog_one2one
ENSG00000168958,MFF,ENSMUSG00000026150,Mff,ortholog_one2one
ENSG00000168899,VAMP5,ENSMUSG00000073002,Vamp5,ortholog_one2one
ENSG00000118246,FASTKD2,ENSMUSG00000025962,Fastkd2,ortholog_one2one
ENSG00000241399,CD302,ENSMUSG00000060703,Cd302,ortholog_one2one
ENSG00000152154,TMEM178A,ENSMUSG00000024245,Tmem178,ortholog_one2one
ENSG00000180228,PRKRA,ENSMUSG00000002731,Prkra,ortholog_one2one
ENSG00000198586,TLK1,ENSMUSG00000041997,Tlk1,ortholog_one2one
ENSG00000115414,FN1,ENSMUSG00000026193,Fn1,ortholog_one2one
ENSG00000160785,SLC25A44,ENSMUSG00000050144,Slc25a44,ortholog_one2one
ENSG00000157978,LDLRAP1,ENSMUSG00000037295,Ldlrap1,ortholog_one2one
ENSG00000127483,HP1BP3,ENSMUSG00000028759,Hp1bp3,ortholog_one2one
ENSG00000169291,SHE,ENSMUSG00000046280,She,ortholog_one2one
ENSG00000173409,ARV1,ENSMUSG00000031982,Arv1,ortholog_one2one
ENSG00000054267,ARID4B,ENSMUSG00000039219,Arid4b,ortholog_one2one
ENSG00000171608,PIK3CD,ENSMUSG00000039936,Pik3cd,ortholog_one2one
ENSG00000160783,PMF1,ENSMUSG00000028066,Pmf1,ortholog_one2one
ENSG00000174827,PDZK1,ENSMUSG00000038298,Pdzk1,ortholog_one2one
ENSG00000130766,SESN2,ENSMUSG00000028893,Sesn2,ortholog_one2one
ENSG00000083444,PLOD1,ENSMUSG00000019055,Plod1,ortholog_one2one
ENSG00000179914,ITLN1,ENSMUSG00000038209,Itln1,ortholog_one2one
ENSG00000162739,SLAMF6,ENSMUSG00000015314,Slamf6,ortholog_one2one
ENSG00000169231,THBS3,ENSMUSG00000028047,Thbs3,ortholog_one2one
ENSG00000171603,CLSTN1,ENSMUSG00000039953,Clstn1,ortholog_one2one
ENSG00000065600,PACC1,ENSMUSG00000026627,Pacc1,ortholog_one2one
ENSG00000171793,CTPS1,ENSMUSG00000028633,Ctps1,ortholog_one2one
ENSG00000183853,KIRREL1,ENSMUSG00000041734,Kirrel1,ortholog_one2one
ENSG00000116171,SCP2,ENSMUSG00000028603,Scp2,ortholog_one2one
ENSG00000143549,TPM3,ENSMUSG00000027940,Tpm3,ortholog_one2one
ENSG00000135632,SMYD5,ENSMUSG00000033706,Smyd5,ortholog_one2one
ENSG00000152689,RASGRP3,ENSMUSG00000071042,Rasgrp3,ortholog_one2one
ENSG00000203697,CAPN8,ENSMUSG00000038599,Capn8,ortholog_one2one
ENSG00000117758,STX12,ENSMUSG00000028879,Stx12,ortholog_one2one
ENSG00000174348,PODN,ENSMUSG00000028600,Podn,ortholog_one2one
ENSG00000036257,CUL3,ENSMUSG00000004364,Cul3,ortholog_one2one
ENSG00000117682,DHDDS,ENSMUSG00000012117,Dhdds,ortholog_one2one
ENSG00000163449,TMEM169,ENSMUSG00000026188,Tmem169,ortholog_one2one
ENSG00000157851,DPYSL5,ENSMUSG00000029168,Dpysl5,ortholog_one2one
ENSG00000014641,MDH1,ENSMUSG00000020321,Mdh1,ortholog_one2one
ENSG00000186132,C2orf76,ENSMUSG00000026388,3110009E18Rik,ortholog_one2one
ENSG00000180758,GPR157,ENSMUSG00000047875,Gpr157,ortholog_one2one
ENSG00000132716,DCAF8,ENSMUSG00000026554,Dcaf8,ortholog_one2one
ENSG00000183607,GKN2,ENSMUSG00000030049,Gkn2,ortholog_one2one
ENSG00000115998,C2orf42,ENSMUSG00000046679,C87436,ortholog_one2one
ENSG00000135638,EMX1,ENSMUSG00000033726,Emx1,ortholog_one2one
ENSG00000068878,PSME4,ENSMUSG00000040850,Psme4,ortholog_one2one
ENSG00000159399,HK2,ENSMUSG00000000628,Hk2,ortholog_one2one
ENSG00000036549,ZZZ3,ENSMUSG00000039068,Zzz3,ortholog_one2one
ENSG00000158417,EIF5B,ENSMUSG00000026083,Eif5b,ortholog_one2one
ENSG00000143156,NME7,ENSMUSG00000026575,Nme7,ortholog_one2one
ENSG00000115042,FAHD2A,ENSMUSG00000027371,Fahd2a,ortholog_one2one
ENSG00000182866,LCK,ENSMUSG00000000409,Lck,ortholog_one2one
ENSG00000163273,NPPC,ENSMUSG00000026241,Nppc,ortholog_one2one
ENSG00000144306,SCRN3,ENSMUSG00000008226,Scrn3,ortholog_one2one
ENSG00000097033,SH3GLB1,ENSMUSG00000037062,Sh3glb1,ortholog_one2one
ENSG00000198570,RD3,ENSMUSG00000049353,Rd3,ortholog_one2one
ENSG00000049246,PER3,ENSMUSG00000028957,Per3,ortholog_one2one
ENSG00000158773,USF1,ENSMUSG00000026641,Usf1,ortholog_one2one
ENSG00000188177,ZC3H6,ENSMUSG00000042851,Zc3h6,ortholog_one2one
ENSG00000115966,ATF2,ENSMUSG00000027104,Atf2,ortholog_one2one
ENSG00000151414,NEK7,ENSMUSG00000026393,Nek7,ortholog_one2one
ENSG00000138030,KHK,ENSMUSG00000029162,Khk,ortholog_one2one
ENSG00000116663,FBXO6,ENSMUSG00000055401,Fbxo6,ortholog_one2one
ENSG00000126091,ST3GAL3,ENSMUSG00000028538,St3gal3,ortholog_one2one
ENSG00000171865,RNASEH1,ENSMUSG00000020630,Rnaseh1,ortholog_one2one
ENSG00000163792,TCF23,ENSMUSG00000006642,Tcf23,ortholog_one2one
ENSG00000115053,NCL,ENSMUSG00000026234,Ncl,ortholog_one2one
ENSG00000071073,MGAT4A,ENSMUSG00000026110,Mgat4a,ortholog_one2one
ENSG00000155729,KCTD18,ENSMUSG00000054770,Kctd18,ortholog_one2one
ENSG00000196504,PRPF40A,ENSMUSG00000061136,Prpf40a,ortholog_one2one
ENSG00000115145,STAM2,ENSMUSG00000055371,Stam2,ortholog_one2one
ENSG00000204104,TRAF3IP1,ENSMUSG00000034292,Traf3ip1,ortholog_one2one
ENSG00000085982,USP40,ENSMUSG00000005501,Usp40,ortholog_one2one
ENSG00000118965,WDR35,ENSMUSG00000066643,Wdr35,ortholog_one2one
ENSG00000084733,RAB10,ENSMUSG00000020671,Rab10,ortholog_one2one
ENSG00000144029,MRPS5,ENSMUSG00000027374,Mrps5,ortholog_one2one
ENSG00000073737,DHRS9,ENSMUSG00000027068,Dhrs9,ortholog_one2one
ENSG00000135637,CCDC142,ENSMUSG00000107499,Ccdc142,ortholog_one2one
ENSG00000176720,BOK,ENSMUSG00000026278,Bok,ortholog_one2one
ENSG00000135966,TGFBRAP1,ENSMUSG00000070939,Tgfbrap1,ortholog_one2one
ENSG00000030419,IKZF2,ENSMUSG00000025997,Ikzf2,ortholog_one2one
ENSG00000132780,NASP,ENSMUSG00000028693,Nasp,ortholog_one2one
ENSG00000084764,MAPRE3,ENSMUSG00000029166,Mapre3,ortholog_one2one
ENSG00000136731,UGGT1,ENSMUSG00000037470,Uggt1,ortholog_one2one
ENSG00000170802,FOXN2,ENSMUSG00000034998,Foxn2,ortholog_one2one
ENSG00000162374,ELAVL4,ENSMUSG00000028546,Elavl4,ortholog_one2one
ENSG00000196151,WDSUB1,ENSMUSG00000026988,Wdsub1,ortholog_one2one
ENSG00000057252,SOAT1,ENSMUSG00000026600,Soat1,ortholog_one2one
ENSG00000064989,CALCRL,ENSMUSG00000059588,Calcrl,ortholog_one2one
ENSG00000116273,PHF13,ENSMUSG00000047777,Phf13,ortholog_one2one
ENSG00000116984,MTR,ENSMUSG00000021311,Mtr,ortholog_one2one
ENSG00000168243,GNG4,ENSMUSG00000021303,Gng4,ortholog_one2one
ENSG00000142961,MOB3C,ENSMUSG00000028709,Mob3c,ortholog_one2one
ENSG00000142687,KIAA0319L,ENSMUSG00000028830,AU040320,ortholog_one2one
ENSG00000115902,SLC1A4,ENSMUSG00000020142,Slc1a4,ortholog_one2one
ENSG00000115947,ORC4,ENSMUSG00000026761,Orc4,ortholog_one2one
ENSG00000196843,ARID5A,ENSMUSG00000037447,Arid5a,ortholog_one2one
ENSG00000118194,TNNT2,ENSMUSG00000026414,Tnnt2,ortholog_one2one
ENSG00000115919,KYNU,ENSMUSG00000026866,Kynu,ortholog_one2one
ENSG00000162542,TMCO4,ENSMUSG00000041143,Tmco4,ortholog_one2one
ENSG00000135960,EDAR,ENSMUSG00000003227,Edar,ortholog_one2one
ENSG00000114988,LMAN2L,ENSMUSG00000001143,Lman2l,ortholog_one2one
ENSG00000115339,GALNT3,ENSMUSG00000026994,Galnt3,ortholog_one2one
ENSG00000028116,VRK2,ENSMUSG00000064090,Vrk2,ortholog_one2one
ENSG00000196878,LAMB3,ENSMUSG00000026639,Lamb3,ortholog_one2one
ENSG00000143621,ILF2,ENSMUSG00000001016,Ilf2,ortholog_one2one
ENSG00000168679,SLC16A4,ENSMUSG00000027896,Slc16a4,ortholog_one2one
ENSG00000162734,PEA15,ENSMUSG00000013698,Pea15a,ortholog_one2one
ENSG00000091428,RAPGEF4,ENSMUSG00000049044,Rapgef4,ortholog_one2one
ENSG00000127472,PLA2G5,ENSMUSG00000041193,Pla2g5,ortholog_one2one
ENSG00000116922,AIRIM,ENSMUSG00000044730,Airim,ortholog_one2one
ENSG00000143387,CTSK,ENSMUSG00000028111,Ctsk,ortholog_one2one
ENSG00000116459,ATP5PB,ENSMUSG00000000563,Atp5pb,ortholog_one2one
ENSG00000133069,TMCC2,ENSMUSG00000042066,Tmcc2,ortholog_one2one
ENSG00000168118,RAB4A,ENSMUSG00000019478,Rab4a,ortholog_one2one
ENSG00000174574,AKIRIN1,ENSMUSG00000023075,Akirin1,ortholog_one2one
ENSG00000117448,AKR1A1,ENSMUSG00000028692,Akr1a1,ortholog_one2one
ENSG00000121964,GTDC1,ENSMUSG00000036890,Gtdc1,ortholog_one2one
ENSG00000162819,BROX,ENSMUSG00000046836,Brox,ortholog_one2one
ENSG00000117632,STMN1,ENSMUSG00000028832,Stmn1,ortholog_one2one
ENSG00000188257,PLA2G2A,ENSMUSG00000058908,Pla2g2a,ortholog_one2one
ENSG00000126088,UROD,ENSMUSG00000028684,Urod,ortholog_one2one
ENSG00000172318,B3GALT1,ENSMUSG00000034780,B3galt1,ortholog_one2one
ENSG00000115839,RAB3GAP1,ENSMUSG00000036104,Rab3gap1,ortholog_one2one
ENSG00000084652,TXLNA,ENSMUSG00000053841,Txlna,ortholog_one2one
ENSG00000115884,SDC1,ENSMUSG00000020592,Sdc1,ortholog_one2one
ENSG00000124831,LRRFIP1,ENSMUSG00000026305,Lrrfip1,ortholog_one2one
ENSG00000160051,IQCC,ENSMUSG00000040795,Iqcc,ortholog_one2one
ENSG00000122477,LRRC39,ENSMUSG00000027961,Lrrc39,ortholog_one2one
ENSG00000203740,NTMT2,ENSMUSG00000040113,Ntmt2,ortholog_one2one
ENSG00000131591,C1orf159,ENSMUSG00000059939,9430015G10Rik,ortholog_one2one
ENSG00000136643,RPS6KC1,ENSMUSG00000089872,Rps6kc1,ortholog_one2one
ENSG00000143375,CGN,ENSMUSG00000068876,Cgn,ortholog_one2one
ENSG00000163131,CTSS,ENSMUSG00000038642,Ctss,ortholog_one2one
ENSG00000197622,CDC42SE1,ENSMUSG00000046722,Cdc42se1,ortholog_one2one
ENSG00000117586,TNFSF4,ENSMUSG00000026700,Tnfsf4,ortholog_one2one
ENSG00000215883,CYB5RL,ENSMUSG00000028621,Cyb5rl,ortholog_one2one
ENSG00000090273,NUDC,ENSMUSG00000028851,Nudc,ortholog_one2one
ENSG00000143776,CDC42BPA,ENSMUSG00000026490,Cdc42bpa,ortholog_one2one
ENSG00000162522,NHSL3,ENSMUSG00000050390,Nhsl3,ortholog_one2one
ENSG00000135862,LAMC1,ENSMUSG00000026478,Lamc1,ortholog_one2one
ENSG00000162600,OMA1,ENSMUSG00000035069,Oma1,ortholog_one2one
ENSG00000135951,TSGA10,ENSMUSG00000060771,Tsga10,ortholog_one2one
ENSG00000143569,UBAP2L,ENSMUSG00000042520,Ubap2l,ortholog_one2one
ENSG00000119771,KLHL29,ENSMUSG00000020627,Klhl29,ortholog_one2one
ENSG00000179921,GPBAR1,ENSMUSG00000064272,Gpbar1,ortholog_one2one
ENSG00000119760,SUPT7L,ENSMUSG00000053134,Supt7l,ortholog_one2one
ENSG00000080293,SCTR,ENSMUSG00000026387,Sctr,ortholog_one2one
ENSG00000071054,MAP4K4,ENSMUSG00000026074,Map4k4,ortholog_one2one
ENSG00000204843,DCTN1,ENSMUSG00000031865,Dctn1,ortholog_one2one
ENSG00000116194,ANGPTL1,ENSMUSG00000033544,Angptl1,ortholog_one2one
ENSG00000136631,VPS45,ENSMUSG00000015747,Vps45,ortholog_one2one
ENSG00000157881,PANK4,ENSMUSG00000029056,Pank4,ortholog_one2one
ENSG00000117407,ARTN,ENSMUSG00000028539,Artn,ortholog_one2one
ENSG00000130939,UBE4B,ENSMUSG00000028960,Ube4b,ortholog_one2one
ENSG00000144118,RALB,ENSMUSG00000004451,Ralb,ortholog_one2one
ENSG00000183431,SF3A3,ENSMUSG00000028902,Sf3a3,ortholog_one2one
ENSG00000144036,EXOC6B,ENSMUSG00000033769,Exoc6b,ortholog_one2one
ENSG00000134644,PUM1,ENSMUSG00000028580,Pum1,ortholog_one2one
ENSG00000162927,PUS10,ENSMUSG00000020280,Pus10,ortholog_one2one
ENSG00000115761,NOL10,ENSMUSG00000061458,Nol10,ortholog_one2one
ENSG00000132300,PTCD3,ENSMUSG00000063884,Ptcd3,ortholog_one2one
ENSG00000162928,PEX13,ENSMUSG00000020283,Pex13,ortholog_one2one
ENSG00000142327,RNPEPL1,ENSMUSG00000026269,Rnpepl1,ortholog_one2one
ENSG00000115421,PAPOLG,ENSMUSG00000020273,Papolg,ortholog_one2one
ENSG00000003436,TFPI,ENSMUSG00000027082,Tfpi,ortholog_one2one
ENSG00000138433,CIR1,ENSMUSG00000041777,Cir1,ortholog_one2one
ENSG00000115641,FHL2,ENSMUSG00000008136,Fhl2,ortholog_one2one
ENSG00000173692,PSMD1,ENSMUSG00000026229,Psmd1,ortholog_one2one
ENSG00000068024,HDAC4,ENSMUSG00000026313,Hdac4,ortholog_one2one
ENSG00000115234,SNX17,ENSMUSG00000029146,Snx17,ortholog_one2one
ENSG00000135914,HTR2B,ENSMUSG00000026228,Htr2b,ortholog_one2one
ENSG00000115525,ST3GAL5,ENSMUSG00000056091,St3gal5,ortholog_one2one
ENSG00000143994,ABHD1,ENSMUSG00000006638,Abhd1,ortholog_one2one
ENSG00000138073,PREB,ENSMUSG00000045302,Preb,ortholog_one2one
ENSG00000152291,TGOLN2,ENSMUSG00000056429,Tgoln1,ortholog_one2one
ENSG00000136732,GYPC,ENSMUSG00000090523,Gypc,ortholog_one2one
ENSG00000054219,LY75,ENSMUSG00000026980,Ly75,ortholog_one2one
ENSG00000035115,SH3YL1,ENSMUSG00000020669,Sh3yl1,ortholog_one2one
ENSG00000116729,WLS,ENSMUSG00000028173,Wls,ortholog_one2one
ENSG00000162852,CNST,ENSMUSG00000038949,Cnst,ortholog_one2one
ENSG00000115993,TRAK2,ENSMUSG00000026028,Trak2,ortholog_one2one
ENSG00000123091,RNF11,ENSMUSG00000028557,Rnf11,ortholog_one2one
ENSG00000123838,C4BPA,ENSMUSG00000026405,C4bp,ortholog_one2one
ENSG00000143727,ACP1,ENSMUSG00000044573,Acp1,ortholog_one2one
ENSG00000115526,CHST10,ENSMUSG00000026080,Chst10,ortholog_one2one
ENSG00000078618,NRDC,ENSMUSG00000053510,Nrdc,ortholog_one2one
ENSG00000138449,SLC40A1,ENSMUSG00000025993,Slc40a1,ortholog_one2one
ENSG00000144048,DUSP11,ENSMUSG00000030002,Dusp11,ortholog_one2one
ENSG00000115806,GORASP2,ENSMUSG00000014959,Gorasp2,ortholog_one2one
ENSG00000136715,SAP130,ENSMUSG00000024260,Sap130,ortholog_one2one
ENSG00000116151,MORN1,ENSMUSG00000029049,Morn1,ortholog_one2one
ENSG00000196420,S100A5,ENSMUSG00000001023,S100a5,ortholog_one2one
ENSG00000143799,PARP1,ENSMUSG00000026496,Parp1,ortholog_one2one
ENSG00000066557,LRRC40,ENSMUSG00000063052,Lrrc40,ortholog_one2one
ENSG00000090686,USP48,ENSMUSG00000043411,Usp48,ortholog_one2one
ENSG00000142864,SERBP1,ENSMUSG00000036371,Serbp1,ortholog_one2one
ENSG00000132196,HSD17B7,ENSMUSG00000026675,Hsd17b7,ortholog_one2one
ENSG00000070831,CDC42,ENSMUSG00000006699,Cdc42,ortholog_one2one
ENSG00000198835,GJC2,ENSMUSG00000043448,Gjc2,ortholog_one2one
ENSG00000174059,CD34,ENSMUSG00000016494,Cd34,ortholog_one2one
ENSG00000160685,ZBTB7B,ENSMUSG00000028042,Zbtb7b,ortholog_one2one
ENSG00000116285,ERRFI1,ENSMUSG00000028967,Errfi1,ortholog_one2one
ENSG00000179178,TMEM125,ENSMUSG00000050854,Tmem125,ortholog_one2one
ENSG00000143013,LMO4,ENSMUSG00000028266,Lmo4,ortholog_one2one
ENSG00000137955,RABGGTB,ENSMUSG00000038975,Rabggtb,ortholog_one2one
ENSG00000162604,TM2D1,ENSMUSG00000028563,Tm2d1,ortholog_one2one
ENSG00000197323,TRIM33,ENSMUSG00000033014,Trim33,ortholog_one2one
ENSG00000134256,CD101,ENSMUSG00000086564,Cd101,ortholog_one2one
ENSG00000163346,PBXIP1,ENSMUSG00000042613,Pbxip1,ortholog_one2one
ENSG00000116991,SIPA1L2,ENSMUSG00000001995,Sipa1l2,ortholog_one2one
ENSG00000150337,FCGR1A,ENSMUSG00000015947,Fcgr1,ortholog_one2one
ENSG00000136636,KCTD3,ENSMUSG00000026608,Kctd3,ortholog_one2one
ENSG00000169403,PTAFR,ENSMUSG00000056529,Ptafr,ortholog_one2one
ENSG00000197429,IPP,ENSMUSG00000028696,Ipp,ortholog_one2one
ENSG00000159348,CYB5R1,ENSMUSG00000026456,Cyb5r1,ortholog_one2one
ENSG00000142910,TINAGL1,ENSMUSG00000028776,Tinagl1,ortholog_one2one
ENSG00000135775,COG2,ENSMUSG00000031979,Cog2,ortholog_one2one
ENSG00000162643,DNAI3,ENSMUSG00000043020,Dnai3,ortholog_one2one
ENSG00000187554,TLR5,ENSMUSG00000079164,Tlr5,ortholog_one2one
ENSG00000082482,KCNK2,ENSMUSG00000037624,Kcnk2,ortholog_one2one
ENSG00000197056,ZMYM1,ENSMUSG00000043872,Zmym1,ortholog_one2one
ENSG00000066056,TIE1,ENSMUSG00000033191,Tie1,ortholog_one2one
ENSG00000171163,ZNF692,ENSMUSG00000037243,Zfp692,ortholog_one2one
ENSG00000085433,WDR47,ENSMUSG00000040389,Wdr47,ortholog_one2one
ENSG00000137947,GTF2B,ENSMUSG00000028271,Gtf2b,ortholog_one2one
ENSG00000067606,PRKCZ,ENSMUSG00000029053,Prkcz,ortholog_one2one
ENSG00000163444,TMEM183A,ENSMUSG00000042305,Tmem183a,ortholog_one2one
ENSG00000134697,GNL2,ENSMUSG00000028869,Gnl2,ortholog_one2one
ENSG00000163867,ZMYM6,ENSMUSG00000042408,Zmym6,ortholog_one2one
ENSG00000173372,C1QA,ENSMUSG00000036887,C1qa,ortholog_one2one
ENSG00000162688,AGL,ENSMUSG00000033400,Agl,ortholog_one2one
ENSG00000143127,ITGA10,ENSMUSG00000090210,Itga10,ortholog_one2one
ENSG00000179163,FUCA1,ENSMUSG00000028673,Fuca1,ortholog_one2one
ENSG00000116212,LRRC42,ENSMUSG00000028617,Lrrc42,ortholog_one2one
ENSG00000160767,ENTREP3,ENSMUSG00000032657,Entrep3,ortholog_one2one
ENSG00000158195,WASF2,ENSMUSG00000028868,Wasf2,ortholog_one2one
ENSG00000175137,SH3BP5L,ENSMUSG00000013646,Sh3bp5l,ortholog_one2one
ENSG00000196188,CTSE,ENSMUSG00000004552,Ctse,ortholog_one2one
ENSG00000143344,RGL1,ENSMUSG00000026482,Rgl1,ortholog_one2one
ENSG00000009709,PAX7,ENSMUSG00000028736,Pax7,ortholog_one2one
ENSG00000000457,SCYL3,ENSMUSG00000026584,Scyl3,ortholog_one2one
ENSG00000117594,HSD11B1,ENSMUSG00000016194,Hsd11b1,ortholog_one2one
ENSG00000117593,DARS2,ENSMUSG00000026709,Dars2,ortholog_one2one
ENSG00000174950,CD164L2,ENSMUSG00000028865,Cd164l2,ortholog_one2one
ENSG00000162571,TTLL10,ENSMUSG00000029074,Ttll10,ortholog_one2one
ENSG00000197965,MPZL1,ENSMUSG00000026566,Mpzl1,ortholog_one2one
ENSG00000120334,CENPL,ENSMUSG00000026708,Cenpl,ortholog_one2one
ENSG00000133055,MYBPH,ENSMUSG00000042451,Mybph,ortholog_one2one
ENSG00000143314,MRPL24,ENSMUSG00000019710,Mrpl24,ortholog_one2one
ENSG00000162517,PEF1,ENSMUSG00000028779,Pef1,ortholog_one2one
ENSG00000184677,ZBTB40,ENSMUSG00000060862,Zbtb40,ortholog_one2one
ENSG00000134709,HOOK1,ENSMUSG00000028572,Hook1,ortholog_one2one
ENSG00000162733,DDR2,ENSMUSG00000026674,Ddr2,ortholog_one2one
ENSG00000090621,PABPC4,ENSMUSG00000011257,Pabpc4,ortholog_one2one
ENSG00000116685,KIAA2013,ENSMUSG00000044496,2510039O18Rik,ortholog_one2one
ENSG00000058799,YIPF1,ENSMUSG00000057375,Yipf1,ortholog_one2one
ENSG00000177614,PGBD5,ENSMUSG00000050751,Pgbd5,ortholog_one2one
ENSG00000079739,PGM1,ENSMUSG00000025791,Pgm1,ortholog_one2one
ENSG00000188739,RBM34,ENSMUSG00000033931,Rbm34,ortholog_one2one
ENSG00000178821,TMEM52,ENSMUSG00000023153,Tmem52,ortholog_one2one
ENSG00000117528,ABCD3,ENSMUSG00000028127,Abcd3,ortholog_one2one
ENSG00000134198,TSPAN2,ENSMUSG00000027858,Tspan2,ortholog_one2one
ENSG00000157191,NECAP2,ENSMUSG00000028923,Necap2,ortholog_one2one
ENSG00000160050,CCDC28B,ENSMUSG00000028795,Ccdc28b,ortholog_one2one
ENSG00000023909,GCLM,ENSMUSG00000028124,Gclm,ortholog_one2one
ENSG00000162599,NFIA,ENSMUSG00000028565,Nfia,ortholog_one2one
ENSG00000079277,MKNK1,ENSMUSG00000028708,Mknk1,ortholog_one2one
ENSG00000116497,S100PBP,ENSMUSG00000040928,S100pbp,ortholog_one2one
ENSG00000009307,CSDE1,ENSMUSG00000068823,Csde1,ortholog_one2one
ENSG00000159176,CSRP1,ENSMUSG00000026421,Csrp1,ortholog_one2one
ENSG00000117400,MPL,ENSMUSG00000006389,Mpl,ortholog_one2one
ENSG00000121774,KHDRBS1,ENSMUSG00000028790,Khdrbs1,ortholog_one2one
ENSG00000143434,SEMA6C,ENSMUSG00000038777,Sema6c,ortholog_one2one
ENSG00000176393,RNPEP,ENSMUSG00000041926,Rnpep,ortholog_one2one
ENSG00000143079,CTTNBP2NL,ENSMUSG00000062127,Cttnbp2nl,ortholog_one2one
ENSG00000117013,KCNQ4,ENSMUSG00000028631,Kcnq4,ortholog_one2one
ENSG00000077522,ACTN2,ENSMUSG00000052374,Actn2,ortholog_one2one
ENSG00000116688,MFN2,ENSMUSG00000029020,Mfn2,ortholog_one2one
ENSG00000143493,INTS7,ENSMUSG00000037461,Ints7,ortholog_one2one
ENSG00000181817,LSM10,ENSMUSG00000050188,Lsm10,ortholog_one2one
ENSG00000169218,RSPO1,ENSMUSG00000028871,Rspo1,ortholog_one2one
ENSG00000143630,HCN3,ENSMUSG00000028051,Hcn3,ortholog_one2one
ENSG00000123684,LPGAT1,ENSMUSG00000026623,Lpgat1,ortholog_one2one
ENSG00000117305,HMGCL,ENSMUSG00000028672,Hmgcl,ortholog_one2one
ENSG00000116977,LGALS8,ENSMUSG00000057554,Lgals8,ortholog_one2one
ENSG00000162706,CADM3,ENSMUSG00000005338,Cadm3,ortholog_one2one
ENSG00000162415,ZSWIM5,ENSMUSG00000033948,Zswim5,ortholog_one2one
ENSG00000143171,RXRG,ENSMUSG00000015843,Rxrg,ortholog_one2one
ENSG00000000938,FGR,ENSMUSG00000028874,Fgr,ortholog_one2one
ENSG00000131779,PEX11B,ENSMUSG00000028102,Pex11b,ortholog_one2one
ENSG00000116752,BCAS2,ENSMUSG00000005687,Bcas2,ortholog_one2one
ENSG00000142621,FHAD1,ENSMUSG00000051435,Fhad1,ortholog_one2one
ENSG00000132879,FBXO44,ENSMUSG00000029001,Fbxo44,ortholog_one2one
ENSG00000135842,NIBAN1,ENSMUSG00000026483,Niban1,ortholog_one2one
ENSG00000142871,CCN1,ENSMUSG00000028195,Ccn1,ortholog_one2one
ENSG00000117569,PTBP2,ENSMUSG00000028134,Ptbp2,ortholog_one2one
ENSG00000158747,NBL1,ENSMUSG00000041120,Nbl1,ortholog_one2one
ENSG00000187634,SAMD11,ENSMUSG00000096351,Samd11,ortholog_one2one
ENSG00000132702,HAPLN2,ENSMUSG00000004894,Hapln2,ortholog_one2one
ENSG00000142634,EFHD2,ENSMUSG00000040659,Efhd2,ortholog_one2one
ENSG00000159214,CCDC24,ENSMUSG00000078588,Ccdc24,ortholog_one2one
ENSG00000143801,PSEN2,ENSMUSG00000010609,Psen2,ortholog_one2one
ENSG00000160789,LMNA,ENSMUSG00000028063,Lmna,ortholog_one2one
ENSG00000188976,NOC2L,ENSMUSG00000095567,Noc2l,ortholog_one2one
ENSG00000066322,ELOVL1,ENSMUSG00000006390,Elovl1,ortholog_one2one
ENSG00000159189,C1QC,ENSMUSG00000036896,C1qc,ortholog_one2one
ENSG00000164010,ERMAP,ENSMUSG00000028644,Ermap,ortholog_one2one
ENSG00000221986,MYBPHL,ENSMUSG00000068745,Mybphl,ortholog_one2one
ENSG00000116793,PHTF1,ENSMUSG00000058388,Phtf1,ortholog_one2one
ENSG00000143198,MGST3,ENSMUSG00000026688,Mgst3,ortholog_one2one
ENSG00000131584,ACAP3,ENSMUSG00000029033,Acap3,ortholog_one2one
ENSG00000121775,TMEM39B,ENSMUSG00000053730,Tmem39b,ortholog_one2one
ENSG00000168528,SERINC2,ENSMUSG00000023232,Serinc2,ortholog_one2one
ENSG00000077157,PPP1R12B,ENSMUSG00000073557,Ppp1r12b,ortholog_one2one
ENSG00000078808,SDF4,ENSMUSG00000029076,Sdf4,ortholog_one2one
ENSG00000188015,S100A3,ENSMUSG00000001021,S100a3,ortholog_one2one
ENSG00000007341,ST7L,ENSMUSG00000045576,St7l,ortholog_one2one
ENSG00000116350,SRSF4,ENSMUSG00000028911,Srsf4,ortholog_one2one
ENSG00000189410,SH2D5,ENSMUSG00000045349,Sh2d5,ortholog_one2one
ENSG00000153029,MR1,ENSMUSG00000026471,Mr1,ortholog_one2one
ENSG00000001461,NIPAL3,ENSMUSG00000028803,Nipal3,ortholog_one2one
ENSG00000163393,SLC22A15,ENSMUSG00000033147,Slc22a15,ortholog_one2one
ENSG00000018625,ATP1A2,ENSMUSG00000007097,Atp1a2,ortholog_one2one
ENSG00000198799,LRIG2,ENSMUSG00000032913,Lrig2,ortholog_one2one
ENSG00000121766,ZCCHC17,ENSMUSG00000028772,Zcchc17,ortholog_one2one
ENSG00000188641,DPYD,ENSMUSG00000033308,Dpyd,ortholog_one2one
ENSG00000117533,VAMP4,ENSMUSG00000026696,Vamp4,ortholog_one2one
ENSG00000054392,HHAT,ENSMUSG00000037375,Hhat,ortholog_one2one
ENSG00000142676,RPL11,ENSMUSG00000059291,Rpl11,ortholog_one2one
ENSG00000121769,FABP3,ENSMUSG00000028773,Fabp3,ortholog_one2one
ENSG00000117009,KMO,ENSMUSG00000039783,Kmo,ortholog_one2one
ENSG00000188643,S100A16,ENSMUSG00000074457,S100a16,ortholog_one2one
ENSG00000134259,NGF,ENSMUSG00000027859,Ngf,ortholog_one2one
ENSG00000186141,POLR3C,ENSMUSG00000028099,Polr3c,ortholog_one2one
ENSG00000177000,MTHFR,ENSMUSG00000029009,Mthfr,ortholog_one2one
ENSG00000117335,CD46,ENSMUSG00000016493,Cd46,ortholog_one2one
ENSG00000134262,AP4B1,ENSMUSG00000032952,Ap4b1,ortholog_one2one
ENSG00000118454,ANKRD13C,ENSMUSG00000039988,Ankrd13c,ortholog_one2one
ENSG00000142765,SYTL1,ENSMUSG00000028860,Sytl1,ortholog_one2one
ENSG00000160710,ADAR,ENSMUSG00000027951,Adar,ortholog_one2one
ENSG00000158711,ELK4,ENSMUSG00000026436,Elk4,ortholog_one2one
ENSG00000118655,DCLRE1B,ENSMUSG00000027845,Dclre1b,ortholog_one2one
ENSG00000066027,PPP2R5A,ENSMUSG00000026626,Ppp2r5a,ortholog_one2one
ENSG00000060642,PIGV,ENSMUSG00000043257,Pigv,ortholog_one2one
ENSG00000243725,TTC4,ENSMUSG00000025413,Ttc4,ortholog_one2one
ENSG00000081237,PTPRC,ENSMUSG00000026395,Ptprc,ortholog_one2one
ENSG00000163879,DNALI1,ENSMUSG00000042707,Dnali1,ortholog_one2one
ENSG00000074964,ARHGEF10L,ENSMUSG00000040964,Arhgef10l,ortholog_one2one
ENSG00000116604,MEF2D,ENSMUSG00000001419,Mef2d,ortholog_one2one
ENSG00000162434,JAK1,ENSMUSG00000028530,Jak1,ortholog_one2one
ENSG00000175984,DENND2C,ENSMUSG00000007379,Dennd2c,ortholog_one2one
ENSG00000187513,GJA4,ENSMUSG00000050234,Gja4,ortholog_one2one
ENSG00000171824,EXOSC10,ENSMUSG00000017264,Exosc10,ortholog_one2one
ENSG00000162437,RAVER2,ENSMUSG00000035275,Raver2,ortholog_one2one
ENSG00000160714,UBE2Q1,ENSMUSG00000042572,Ube2q1,ortholog_one2one
ENSG00000162390,ACOT11,ENSMUSG00000034853,Acot11,ortholog_one2one
ENSG00000143224,PPOX,ENSMUSG00000062729,Ppox,ortholog_one2one
ENSG00000203965,EFCAB7,ENSMUSG00000073791,Efcab7,ortholog_one2one
ENSG00000187800,PEAR1,ENSMUSG00000028073,Pear1,ortholog_one2one
ENSG00000122218,COPA,ENSMUSG00000026553,Copa,ortholog_one2one
ENSG00000159423,ALDH4A1,ENSMUSG00000028737,Aldh4a1,ortholog_one2one
ENSG00000034971,MYOC,ENSMUSG00000026697,Myoc,ortholog_one2one
ENSG00000130764,LRRC47,ENSMUSG00000029028,Lrrc47,ortholog_one2one
ENSG00000121764,HCRTR1,ENSMUSG00000028778,Hcrtr1,ortholog_one2one
ENSG00000116691,MIIP,ENSMUSG00000029022,Miip,ortholog_one2one
ENSG00000162627,SNX7,ENSMUSG00000028007,Snx7,ortholog_one2one
ENSG00000058085,LAMC2,ENSMUSG00000026479,Lamc2,ortholog_one2one
ENSG00000162664,ZNF326,ENSMUSG00000029290,Zfp326,ortholog_one2one
ENSG00000143553,SNAPIN,ENSMUSG00000001018,Snapin,ortholog_one2one
ENSG00000143498,TAF1A,ENSMUSG00000072258,Taf1a,ortholog_one2one
ENSG00000077585,GPR137B,ENSMUSG00000021306,Gpr137b,ortholog_one2one
ENSG00000143157,POGK,ENSMUSG00000040596,Pogk,ortholog_one2one
ENSG00000143515,ATP8B2,ENSMUSG00000060671,Atp8b2,ortholog_one2one
ENSG00000189171,S100A13,ENSMUSG00000042312,S100a13,ortholog_one2one
ENSG00000152382,TADA1,ENSMUSG00000026563,Tada1,ortholog_one2one
ENSG00000143740,SNAP47,ENSMUSG00000009894,Snap47,ortholog_one2one
ENSG00000117472,TSPAN1,ENSMUSG00000028699,Tspan1,ortholog_one2one
ENSG00000168710,AHCYL1,ENSMUSG00000027893,Ahcyl1,ortholog_one2one
ENSG00000081692,JMJD4,ENSMUSG00000036819,Jmjd4,ortholog_one2one
ENSG00000132676,DAP3,ENSMUSG00000068921,Dap3,ortholog_one2one
